# Measurement time [s]: 99.352
# Dwell time [us]: 20
#
# detCounts monCounts f_SF1_Hz f_SF2_Hz
143118 2000000 91700 91700
117
233
213
222
212
211
229
251
176
225
196
225
200
205
190
204
244
190
225
206
211
219
209
239
217
203
220
191
206
224
187
207
172
225
195
193
209
195
208
225
220
211
207
202
195
200
192
195
204
237
208
181
197
233
196
207
233
190
205
191
208
213
229
195
185
222
222
200
178
191
204
191
201
204
205
186
187
213
236
195
205
206
196
200
234
202
181
195
178
179
166
206
209
208
184
195
197
190
184
201
205
182
167
153
174
176
188
185
201
188
183
157
205
155
205
165
188
179
181
180
180
208
177
193
159
165
197
189
181
195
188
182
185
181
186
196
159
166
162
191
167
184
178
144
192
169
191
166
185
182
164
188
158
187
171
184
172
171
173
170
181
159
177
170
180
171
190
172
196
163
165
158
167
176
171
157
155
184
171
166
154
144
157
167
177
175
176
195
154
175
174
154
175
161
157
149
160
167
163
177
168
173
167
169
189
163
159
165
178
186
167
138
145
184
168
156
160
156
159
166
172
150
170
171
182
152
161
179
158
153
159
166
167
154
166
150
161
183
188
158
184
170
171
163
176
168
162
164
154
164
191
166
190
167
152
158
188
163
170
172
183
166
175
161
173
188
186
172
184
181
170
181
174
180
183
192
164
199
197
168
153
185
178
197
179
192
159
173
185
179
182
174
179
191
201
193
167
187
195
166
196
179
169
193
181
174
186
211
173
183
180
188
185
183
189
196
181
179
190
186
201
197
202
167
180
206
209
161
219
185
215
204
201
206
165
209
197
181
182
204
194
223
192
190
227
194
202
199
192
198
198
200
184
186
193
216
194
207
207
189
182
205
226
216
206
193
206
200
209
186
201
200
205
211
194
206
202
217
208
213
231
207
183
209
181
193
180
207
190
226
212
187
212
205
240
238
178
204
209
238
207
215
218
204
195
210
205
216
189
188
207
218
207
214
188
207
218
203
208
222
192
204
197
201
183
206
197
209
222
194
206
205
216
216
208
232
193
236
214
219
185
204
188
232
172
212
214
186
198
184
191
205
217
213
185
210
197
175
186
190
217
193
192
195
200
196
201
197
184
208
188
182
209
180
182
199
197
213
198
184
191
196
190
184
200
202
173
191
196
188
207
176
189
184
181
173
167
182
210
176
183
185
183
175
186
185
171
177
203
208
209
188
174
166
187
206
169
181
176
161
177
181
179
173
181
159
171
185
180
181
171
186
164
169
166
182
163
166
185
160
170
189
189
171
157
188
174
152
169
189
166
183
174
163
180
167
160
164
194
179
186
168
166
137
188
163
191
153
170
166
154
158
173
177
165
141
160
169
173
156
171
160
160
165
174
166
157
165
184
178
149
172
149
161
161
166
155
170
158
150
160
180
150
151
159
172
172
178
167
172
154
167
159
164
151
158
152
170
173
146
186
156
148
170
170
164
175
166
169
156
181
158
150
189
164
175
178
161
169
178
155
158
158
167
166
170
170
179
177
161
185
179
168
172
186
200
167
175
164
174
190
170
186
172
164
166
192
169
202
173
193
181
187
187
172
183
177
181
199
157
188
184
187
210
172
200
180
171
188
179
187
188
177
183
194
183
190
181
183
140
196
181
175
183
199
174
208
172
233
209
207
203
190
189
185
190
185
205
183
189
200
214
207
189
171
202
186
183
184
190
176
218
193
209
217
201
192
217
220
205
159
176
220
192
197
181
191
215
204
194
212
192
219
230
216
218
225
198
188
211
201
211
199
203
199
173
192
187
207
142
1
0
0
0
0
0
0
0
0
0
0
0
0
0
0
0
0
0
0
0
0
0
0
0
0
0
0
0
0
0
0
0
0
0
0
0
0
0
0
0
0
0
0
0
0
0
0
0
0
0
0
0
0
0
0
0
0
0
0
0
0
0
0
0
0
0
0
0
0
0
0
0
0
0
0
0
0
0
0
0
0
0
0
0
0
0
0
0
0
0
0
0
0
0
0
0
0
0
0
0
0
0
0
0
0
0
0
0
0
0
0
0
0
0
0
0
0
0
0
0
0
0
0
0
0
0
0
0
0
0
0
0
0
0
0
0
0
0
0
0
0
0
0
0
0
0
0
0
0
0
0
0
0
0
0
0
0
0
0
0
0
0
0
0
0
0
0
0
0
0
0
0
0
0
0
0
0
0
0
0
0
0
0
0
0
0
0
0
0
0
0
0
0
0
0
0
0
0
0
0
0
0
0
0
0
0
0
0
0
0
0
0
0
0
0
0
0
0
0
0
0
0
0
0
0
0
0
0
0
0
0
0
0
0
0
0
0
0
0
0
0
0
0
0
0
0
0
0
0
0
0
0
0
0
0
0
0
0
0
0
0
0
0
0
0
0
0
0
0
0
0
0
0
0
0
0
0
0
0
0
0
0
0
0
0
0
0
0
0
0
0
0
0
0
0
0
0
0
0
0
0
0
0
0
0
0
0
0
0
0
0
0
0
0
0
0
0
0
0
0
0
0
0
0
0
0
0
0
0
0
0
0
0
0
0
0
0
0
0
0
0
0
0
0
0
0
0
0
0
0
0
0
0
0
0
0
0
0
0
0
0
0
0
0
0
0
0
0
0
0
0
0
0
0
0
0
0
0
0
0
0
0
0
0
0
0
0
0
0
0
0
0
0
0
0
0
0
0
0
0
0
0
0
0
0
0
0
0
0
0
0
0
0
0
0
0
0
0
0
0
0
0
0
0
0
0
0
0
0
0
0
0
0
0
0
0
0
0
0
0
0
0
0
0
0
0
0
0
0
0
0
0
0
0
0
0
0
0
0
0
0
0
0
0
0
0
0
0
0
0
0
0
0
0
0
0
0
0
0
0
0
0
0
0
0
0
0
0
0
0
0
0
0
0
0
0
0
0
0
0
0
0
0
0
0
0
0
0
0
0
0
0
0
0
0
0
0
0
0
0
0
0
0
0
0
0
0
0
0
0
0
0
0
0
0
0
0
0
0
0
0
0
0
0
0
0
0
0
0
0
0
0
0
0
0
0
0
0
0
0
0
0
0
0
0
0
0
0
0
0
0
0
0
0
0
0
0
0
0
0
0
0
0
0
0
0
0
0
0
0
0
0
0
0
0
0
0
0
0
0
0
0
0
0
0
0
0
0
0
0
0
0
0
0
0
0
0
0
0
0
0
0
0
0
0
0
0
0
0
0
0
0
0
0
0
0
0
0
0
0
0
0
0
0
0
0
0
0
0
0
0
0
0
0
0
0
0
0
0
0
0
0
0
0
0
0
0
0
0
0
0
0
0
0
0
0
0
0
0
0
0
0
0
0
0
0
0
0
0
0
0
0
0
0
0
0
0
0
0
0
0
0
0
0
0
0
0
0
0
0
0
0
0
0
0
0
0
0
0
0
0
0
0
0
0
0
0
0
0
0
0
0
0
0
0
0
0
0
0
0
0
0
0
0
0
0
0
0
0
0
0
0
0
0
0
0
0
0
0
0
0
0
0
0
0
0
0
0
0
0
0
0
0
0
0
0
0
0
0
0
0
0
0
0
0
0
0
0
0
0
0
0
0
0
0
0
0
0
0
0
0
0
0
0
0
0
0
0
0
0
0
0
0
0
0
0
0
0
0
0
0
0
0
0
0
0
0
0
0
0
0
0
0
0
0
0
0
0
0
0
0
0
0
0
0
0
0
0
0
0
0
0
0
0
0
0
0
0
0
0
0
0
0
0
0
0
0
0
0
0
0
0
0
0
0
0
0
0
0
0
0
0
0
0
0
0
0
0
0
0
0
0
0
0
0
0
0
0
0
0
0
0
0
0
0
0
0
0
0
0
0
0
0
0
0
0
0
0
0
0
0
0
0
0
0
0
0
0
0
0
0
0
0
0
0
0
0
0
0
0
0
0
0
0
0
0
0
0
0
0
0
0
0
0
0
0
0
0
0
0
0
0
0
0
0
0
0
0
0
0
0
0
0
0
0
0
0
0
0
0
0
0
0
0
0
0
0
0
0
0
0
0
0
0
0
0
0
0
0
0
0
0
0
0
0
0
0
0
0
0
0
0
0
0
0
0
0
0
0
0
0
0
0
0
0
0
0
0
0
0
0
0
0
0
0
0
0
0
0
0
0
0
0
0
0
0
0
0
0
0
0
0
0
0
0
0
0
0
0
0
0
0
0
0
0
0
0
0
0
0
0
0
0
0
0
0
0
0
0
0
0
0
0
0
0
0
0
0
0
0
0
0
0
0
0
0
0
0
0
0
0
0
0
0
0
0
0
0
0
0
0
0
0
0
0
0
0
0
0
0
0
0
0
0
0
0
0
0
0
0
0
0
0
0
0
0
0
0
0
0
0
0
0
0
0
0
0
0
0
0
0
0
0
0
0
0
0
0
0
0
0
0
0
0
0
0
0
0
0
0
0
0
0
0
0
0
0
0
0
0
0
0
0
0
0
0
0
0
0
0
0
0
0
0
0
0
0
0
0
0
0
0
0
0
0
0
0
0
0
0
0
0
0
0
0
0
0
0
0
0
0
0
0
0
0
0
0
0
0
0
