# Measurement time [s]: 99.352
# Dwell time [us]: 20
#
# detCounts monCounts f_SF1_Hz f_SF2_Hz
142426 2000000 91700 91700
83
177
174
170
176
189
179
182
170
170
151
180
197
172
193
184
166
172
164
158
174
176
204
167
176
158
176
187
182
153
160
169
189
183
169
165
187
163
203
159
182
162
188
198
172
159
168
172
176
180
146
158
155
186
182
171
155
176
158
179
186
160
154
149
148
172
171
152
170
149
171
188
173
150
175
159
173
164
171
157
177
173
177
177
165
167
147
179
188
187
167
166
159
152
175
169
169
175
129
172
162
156
149
142
152
173
159
132
164
147
167
156
167
153
175
159
159
167
166
139
155
173
158
159
163
165
159
170
144
144
138
159
157
152
154
181
159
153
146
154
142
167
154
158
146
157
143
157
164
136
136
143
149
145
131
143
145
156
153
136
164
138
144
148
155
133
155
148
140
136
162
145
145
145
118
138
143
133
171
155
143
154
133
132
142
133
149
139
140
143
129
124
164
147
131
115
164
147
142
143
140
155
134
152
166
133
133
122
119
157
140
120
134
149
138
146
154
136
142
150
150
136
141
141
144
125
160
156
130
155
135
134
147
155
148
139
151
142
149
132
142
151
168
130
146
159
147
127
144
137
144
149
137
150
152
126
129
154
168
117
166
147
131
153
140
121
125
150
137
122
134
139
130
124
141
148
129
134
137
158
145
172
154
146
129
139
153
146
151
154
136
144
129
128
125
165
146
141
150
129
130
138
148
165
150
174
140
139
173
148
143
148
166
145
139
157
171
172
124
160
145
143
175
162
173
148
164
148
156
149
156
148
168
161
165
167
173
154
153
176
161
150
152
177
158
166
157
155
169
175
161
159
164
169
150
186
173
168
147
155
170
184
191
167
172
166
146
179
163
172
163
165
159
150
136
167
173
168
167
170
143
151
158
171
175
189
132
159
185
175
164
168
180
178
185
181
187
164
186
159
166
167
183
170
154
165
178
171
173
159
152
177
178
175
164
159
170
182
183
170
166
170
184
174
156
177
189
177
179
159
174
204
175
195
180
151
189
176
179
169
201
154
177
175
166
181
169
168
159
183
172
180
174
163
152
175
166
184
174
165
176
171
202
188
179
190
178
167
178
182
202
222
167
186
170
159
181
164
172
214
171
172
152
186
168
165
180
154
173
204
158
153
163
178
192
178
185
169
158
165
163
188
192
160
182
166
180
182
164
155
157
176
151
189
154
170
168
174
159
155
150
159
154
153
175
169
171
187
160
185
168
168
168
168
169
167
161
166
177
175
179
185
182
160
176
175
170
176
152
159
159
174
158
156
176
176
167
161
186
153
162
154
155
152
144
152
151
158
139
140
157
182
152
152
150
160
145
139
155
161
150
158
135
140
152
188
166
181
157
126
153
157
159
147
145
121
152
161
133
163
127
130
165
135
151
163
142
129
152
153
147
153
139
150
176
159
157
177
135
134
139
141
140
153
136
135
149
147
160
154
139
169
131
132
155
141
156
157
164
127
158
148
140
133
148
122
133
153
153
144
129
148
142
151
140
134
128
124
139
151
154
156
131
133
156
135
145
165
142
138
150
142
135
134
138
148
143
124
145
150
168
147
126
150
130
135
151
175
125
154
152
139
133
144
160
132
147
139
153
156
149
147
150
143
131
152
144
161
162
144
156
141
149
151
172
146
135
149
149
143
146
137
115
135
157
152
154
149
143
137
133
149
136
152
174
154
127
124
146
116
151
149
133
162
116
138
139
132
151
168
137
112
138
124
148
140
137
150
136
155
160
145
156
142
117
133
151
144
151
151
137
132
172
155
146
163
158
159
156
144
152
142
142
158
177
173
162
184
164
171
152
166
158
134
157
176
156
125
132
165
159
168
149
155
188
148
155
175
159
170
164
168
172
162
172
167
172
153
160
149
166
130
169
177
163
144
163
170
171
172
167
152
159
170
161
181
172
158
171
170
175
173
155
156
155
156
184
198
172
188
182
168
157
158
162
177
180
165
185
145
177
180
143
165
176
178
147
172
173
167
149
205
178
187
168
192
166
197
189
206
182
169
168
176
173
189
174
169
175
190
142
150
173
174
195
170
181
185
161
189
162
65
0
0
0
0
0
0
0
0
0
0
0
0
0
0
0
0
0
0
0
0
0
0
0
0
0
0
0
0
0
0
0
0
0
0
0
0
0
0
0
0
0
0
0
0
0
0
0
0
0
0
0
0
0
0
0
0
0
0
0
0
0
0
0
0
0
0
0
0
0
0
0
0
0
0
0
0
0
0
0
0
0
0
0
0
0
0
0
0
0
0
0
0
0
0
0
0
0
0
0
0
0
0
0
0
0
0
0
0
0
0
0
0
0
0
0
0
0
0
0
0
0
0
0
0
0
0
0
0
0
0
0
0
0
0
0
0
0
0
0
0
0
0
0
0
0
0
0
0
0
0
0
0
0
0
0
0
0
0
0
0
0
0
0
0
0
0
0
0
0
0
0
0
0
0
0
0
0
0
0
0
0
0
0
0
0
0
0
0
0
0
0
0
0
0
0
0
0
0
0
0
0
0
0
0
0
0
0
0
0
0
0
0
0
0
0
0
0
0
0
0
0
0
0
0
0
0
0
0
0
0
0
0
0
0
0
0
0
0
0
0
0
0
0
0
0
0
0
0
0
0
0
0
0
0
0
0
0
0
0
0
0
0
0
0
0
0
0
0
0
0
0
0
0
0
0
0
0
0
0
0
0
0
0
0
0
0
0
0
0
0
0
0
0
0
0
0
0
0
0
0
0
0
0
0
0
0
0
0
0
0
0
0
0
0
0
0
0
0
0
0
0
0
0
0
0
0
0
0
0
0
0
0
0
0
0
0
0
0
0
0
0
0
0
0
0
0
0
0
0
0
0
0
0
0
0
0
0
0
0
0
0
0
0
0
0
0
0
0
0
0
0
0
0
0
0
0
0
0
0
0
0
0
0
0
0
0
0
0
0
0
0
0
0
0
0
0
0
0
0
0
0
0
0
0
0
0
0
0
0
0
0
0
0
0
0
0
0
0
0
0
0
0
0
0
0
0
0
0
0
0
0
0
0
0
0
0
0
0
0
0
0
0
0
0
0
0
0
0
0
0
0
0
0
0
0
0
0
0
0
0
0
0
0
0
0
0
0
0
0
0
0
0
0
0
0
0
0
0
0
0
0
0
0
0
0
0
0
0
0
0
0
0
0
0
0
0
0
0
0
0
0
0
0
0
0
0
0
0
0
0
0
0
0
0
0
0
0
0
0
0
0
0
0
0
0
0
0
0
0
0
0
0
0
0
0
0
0
0
0
0
0
0
0
0
0
0
0
0
0
0
0
0
0
0
0
0
0
0
0
0
0
0
0
0
0
0
0
0
0
0
0
0
0
0
0
0
0
0
0
0
0
0
0
0
0
0
0
0
0
0
0
0
0
0
0
0
0
0
0
0
0
0
0
0
0
0
0
0
0
0
0
0
0
0
0
0
0
0
0
0
0
0
0
0
0
0
0
0
0
0
0
0
0
0
0
0
0
0
0
0
0
0
0
0
0
0
0
0
0
0
0
0
0
0
0
0
0
0
0
0
0
0
0
0
0
0
0
0
0
0
0
0
0
0
0
0
0
0
0
0
0
0
0
0
0
0
0
0
0
0
0
0
0
0
0
0
0
0
0
0
0
0
0
0
0
0
0
0
0
0
0
0
0
0
0
0
0
0
0
0
0
0
0
0
0
0
0
0
0
0
0
0
0
0
0
0
0
0
0
0
0
0
0
0
0
0
0
0
0
0
0
0
0
0
0
0
0
0
0
0
0
0
0
0
0
0
0
0
0
0
0
0
0
0
0
0
0
0
0
0
0
0
0
0
0
0
0
0
0
0
0
0
0
0
0
0
0
0
0
0
0
0
0
0
0
0
0
0
0
0
0
0
0
0
0
0
0
0
0
0
0
0
0
0
0
0
0
0
0
0
0
0
0
0
0
0
0
0
0
0
0
0
0
0
0
0
0
0
0
0
0
0
0
0
0
0
0
0
0
0
0
0
0
0
0
0
0
0
0
0
0
0
0
0
0
0
0
0
0
0
0
0
0
0
0
0
0
0
0
0
0
0
0
0
0
0
0
0
0
0
0
0
0
0
0
0
0
0
0
0
0
0
0
0
0
0
0
0
0
0
0
0
0
0
0
0
0
0
0
0
0
0
0
0
0
0
0
0
0
0
0
0
0
0
0
0
0
0
0
0
0
0
0
0
0
0
0
0
0
0
0
0
0
0
0
0
0
0
0
0
0
0
0
0
0
0
0
0
0
0
0
0
0
0
0
0
0
0
0
0
0
0
0
0
0
0
0
0
0
0
0
0
0
0
0
0
0
0
0
0
0
0
0
0
0
0
0
0
0
0
0
0
0
0
0
0
0
0
0
0
0
0
0
0
0
0
0
0
0
0
0
0
0
0
0
0
0
0
0
0
0
0
0
0
0
0
0
0
0
0
0
0
0
0
0
0
0
0
0
0
0
0
0
0
0
0
0
0
0
0
0
0
0
0
0
0
0
0
0
0
0
0
0
0
0
0
0
0
