# Measurement time [s]: 99.348
# Dwell time [us]: 20
#
# detCounts monCounts f_SF1_Hz f_SF2_Hz
139475 2000000 91700 91700
80
165
154
168
150
145
133
150
168
136
135
141
127
145
138
156
137
129
149
126
138
131
156
122
142
157
145
147
167
133
141
122
150
128
147
143
130
156
151
153
153
157
135
135
136
152
145
152
131
144
161
156
143
145
127
136
151
154
150
125
151
152
156
147
139
149
157
126
143
137
141
149
135
143
133
143
136
121
128
133
160
146
116
133
154
153
140
110
136
122
149
120
129
138
123
122
129
127
142
142
125
146
131
155
121
139
121
130
144
125
127
104
116
118
123
116
151
129
138
153
118
122
127
127
126
123
127
139
133
124
108
128
138
134
138
142
138
140
112
135
123
145
119
119
143
150
112
125
138
139
122
103
118
122
112
115
114
110
127
127
131
125
104
127
113
117
132
123
112
110
129
99
123
132
126
120
124
124
107
117
120
126
116
121
121
107
132
125
115
113
121
131
109
123
124
137
105
102
123
107
150
100
136
124
122
125
121
126
113
124
107
120
112
112
100
131
121
103
116
131
116
122
112
116
109
119
118
123
127
124
115
113
108
109
109
115
110
113
112
111
116
106
130
100
121
124
116
117
118
105
109
119
133
119
114
103
120
124
118
92
132
122
115
96
113
125
117
122
115
101
119
90
134
120
114
143
93
123
103
106
106
129
111
127
106
117
114
136
112
142
118
105
125
110
109
117
113
119
117
106
106
136
123
115
131
134
129
126
107
116
124
128
117
110
112
120
120
133
124
122
113
121
123
134
107
107
128
116
138
134
121
131
117
128
139
130
131
126
128
111
119
147
126
109
121
137
134
120
122
143
131
110
123
110
97
124
121
134
126
114
126
131
130
122
124
130
147
125
111
140
130
138
129
127
133
136
127
127
119
121
137
124
117
124
131
124
159
127
134
115
130
129
142
154
120
123
151
135
101
138
129
145
157
134
116
133
118
147
134
138
129
144
126
118
161
141
133
132
140
145
152
145
152
127
137
137
159
149
162
156
152
152
115
155
146
130
154
146
133
137
133
150
133
147
146
135
168
143
139
146
123
109
142
113
136
147
140
138
147
174
135
151
145
124
152
130
139
138
146
160
175
143
175
135
142
142
161
137
147
142
142
144
158
146
142
117
138
153
142
131
154
141
150
141
130
129
139
135
150
117
152
140
145
137
156
160
145
156
125
149
138
155
155
144
128
156
157
153
130
134
149
130
154
151
160
157
141
156
167
165
136
137
151
170
155
152
149
142
151
143
132
169
154
149
150
127
130
159
150
145
132
128
163
148
160
179
154
150
148
145
153
126
163
146
164
122
175
160
135
156
133
119
137
131
140
134
138
159
154
155
137
128
121
125
150
146
153
155
140
154
141
136
134
160
139
131
135
148
131
148
120
137
148
125
124
142
126
126
154
157
154
153
152
138
136
120
144
123
147
139
122
143
141
141
141
125
147
114
142
140
126
135
117
136
136
131
130
124
128
152
129
139
119
127
146
148
130
119
129
138
130
142
146
141
145
135
112
119
141
132
113
149
123
118
134
124
125
114
146
135
115
104
141
148
129
128
126
127
129
138
127
133
109
124
138
128
125
115
134
126
106
126
148
125
106
152
128
112
123
116
124
112
104
133
121
109
134
115
137
129
118
120
100
113
144
99
109
130
137
105
109
114
117
107
114
136
99
128
96
130
127
115
115
127
131
114
119
118
123
131
123
113
116
111
138
123
134
106
109
128
108
119
113
117
114
123
133
124
98
114
119
111
136
119
115
107
102
128
120
108
149
134
122
109
142
104
121
110
127
111
124
126
123
113
105
121
120
122
93
96
129
117
105
108
135
106
112
121
121
119
105
142
113
105
122
128
115
112
112
127
121
106
110
99
102
124
108
116
131
133
100
117
111
104
118
123
114
136
122
137
107
106
138
132
128
111
124
124
106
127
109
108
102
126
106
149
112
113
122
114
112
122
100
124
109
125
120
137
117
138
129
136
133
120
126
122
132
115
143
119
144
127
112
115
137
133
123
109
109
142
129
125
123
136
121
116
158
119
132
143
127
119
111
126
147
148
134
134
123
114
132
130
131
136
155
115
143
126
146
120
146
117
139
127
115
109
131
112
120
131
141
130
128
122
122
121
140
112
116
118
146
148
134
127
136
130
125
135
128
127
127
135
154
147
136
146
119
122
137
132
129
138
129
129
125
138
132
119
139
123
124
155
142
147
109
123
134
140
146
132
150
158
145
122
128
138
167
140
155
144
155
167
142
150
128
170
152
150
146
149
130
138
161
125
130
145
137
145
127
153
157
132
141
162
156
150
116
154
130
139
139
140
143
147
133
145
131
139
138
130
145
164
148
145
148
155
153
160
170
137
152
148
141
136
144
149
155
126
149
142
127
150
125
126
143
117
146
137
164
146
151
140
163
122
151
167
152
149
140
130
154
151
140
136
32
0
0
0
0
0
0
0
0
0
0
0
0
0
0
0
0
0
0
0
0
0
0
0
0
0
0
0
0
0
0
0
0
0
0
0
0
0
0
0
0
0
0
0
0
0
0
0
0
0
0
0
0
0
0
0
0
0
0
0
0
0
0
0
0
0
0
0
0
0
0
0
0
0
0
0
0
0
0
0
0
0
0
0
0
0
0
0
0
0
0
0
0
0
0
0
0
0
0
0
0
0
0
0
0
0
0
0
0
0
0
0
0
0
0
0
0
0
0
0
0
0
0
0
0
0
0
0
0
0
0
0
0
0
0
0
0
0
0
0
0
0
0
0
0
0
0
0
0
0
0
0
0
0
0
0
0
0
0
0
0
0
0
0
0
0
0
0
0
0
0
0
0
0
0
0
0
0
0
0
0
0
0
0
0
0
0
0
0
0
0
0
0
0
0
0
0
0
0
0
0
0
0
0
0
0
0
0
0
0
0
0
0
0
0
0
0
0
0
0
0
0
0
0
0
0
0
0
0
0
0
0
0
0
0
0
0
0
0
0
0
0
0
0
0
0
0
0
0
0
0
0
0
0
0
0
0
0
0
0
0
0
0
0
0
0
0
0
0
0
0
0
0
0
0
0
0
0
0
0
0
0
0
0
0
0
0
0
0
0
0
0
0
0
0
0
0
0
0
0
0
0
0
0
0
0
0
0
0
0
0
0
0
0
0
0
0
0
0
0
0
0
0
0
0
0
0
0
0
0
0
0
0
0
0
0
0
0
0
0
0
0
0
0
0
0
0
0
0
0
0
0
0
0
0
0
0
0
0
0
0
0
0
0
0
0
0
0
0
0
0
0
0
0
0
0
0
0
0
0
0
0
0
0
0
0
0
0
0
0
0
0
0
0
0
0
0
0
0
0
0
0
0
0
0
0
0
0
0
0
0
0
0
0
0
0
0
0
0
0
0
0
0
0
0
0
0
0
0
0
0
0
0
0
0
0
0
0
0
0
0
0
0
0
0
0
0
0
0
0
0
0
0
0
0
0
0
0
0
0
0
0
0
0
0
0
0
0
0
0
0
0
0
0
0
0
0
0
0
0
0
0
0
0
0
0
0
0
0
0
0
0
0
0
0
0
0
0
0
0
0
0
0
0
0
0
0
0
0
0
0
0
0
0
0
0
0
0
0
0
0
0
0
0
0
0
0
0
0
0
0
0
0
0
0
0
0
0
0
0
0
0
0
0
0
0
0
0
0
0
0
0
0
0
0
0
0
0
0
0
0
0
0
0
0
0
0
0
0
0
0
0
0
0
0
0
0
0
0
0
0
0
0
0
0
0
0
0
0
0
0
0
0
0
0
0
0
0
0
0
0
0
0
0
0
0
0
0
0
0
0
0
0
0
0
0
0
0
0
0
0
0
0
0
0
0
0
0
0
0
0
0
0
0
0
0
0
0
0
0
0
0
0
0
0
0
0
0
0
0
0
0
0
0
0
0
0
0
0
0
0
0
0
0
0
0
0
0
0
0
0
0
0
0
0
0
0
0
0
0
0
0
0
0
0
0
0
0
0
0
0
0
0
0
0
0
0
0
0
0
0
0
0
0
0
0
0
0
0
0
0
0
0
0
0
0
0
0
0
0
0
0
0
0
0
0
0
0
0
0
0
0
0
0
0
0
0
0
0
0
0
0
0
0
0
0
0
0
0
0
0
0
0
0
0
0
0
0
0
0
0
0
0
0
0
0
0
0
0
0
0
0
0
0
0
0
0
0
0
0
0
0
0
0
0
0
0
0
0
0
0
0
0
0
0
0
0
0
0
0
0
0
0
0
0
0
0
0
0
0
0
0
0
0
0
0
0
0
0
0
0
0
0
0
0
0
0
0
0
0
0
0
0
0
0
0
0
0
0
0
0
0
0
0
0
0
0
0
0
0
0
0
0
0
0
0
0
0
0
0
0
0
0
0
0
0
0
0
0
0
0
0
0
0
0
0
0
0
0
0
0
0
0
0
0
0
0
0
0
0
0
0
0
0
0
0
0
0
0
0
0
0
0
0
0
0
0
0
0
0
0
0
0
0
0
0
0
0
0
0
0
0
0
0
0
0
0
0
0
0
0
0
0
0
0
0
