# Measurement time [s]: 99.355
# Dwell time [us]: 20
#
# detCounts monCounts f_SF1_Hz f_SF2_Hz
147830 2000000 91700 91700
81
140
157
151
132
152
167
150
148
160
156
145
158
150
146
156
146
144
150
136
146
133
151
140
124
128
149
118
133
158
151
145
149
133
148
122
170
164
162
131
129
133
136
130
175
145
144
140
158
128
143
150
119
145
141
141
139
128
166
152
140
126
132
137
138
147
147
144
134
151
130
152
143
145
141
158
133
156
148
147
153
138
145
139
149
160
151
142
123
157
152
154
120
138
135
152
139
149
141
141
135
142
126
140
133
137
155
127
146
148
135
134
145
142
140
127
132
134
148
150
132
129
136
135
116
141
120
124
156
146
112
123
107
125
127
139
134
127
132
109
143
125
113
133
139
169
141
113
111
120
133
122
129
129
117
107
115
129
117
128
129
122
132
129
108
133
121
125
111
125
126
115
110
128
125
125
133
121
114
129
114
123
132
122
149
119
131
111
114
122
139
107
126
146
100
142
119
109
126
122
133
115
133
116
117
112
122
120
122
111
124
114
118
128
121
130
152
110
118
107
108
115
119
113
128
104
123
142
123
139
113
103
116
122
144
117
114
136
103
147
129
90
130
117
115
108
118
111
100
112
118
116
137
131
128
130
128
107
100
123
116
127
119
123
124
103
108
133
123
133
123
111
127
128
116
128
127
117
94
121
112
136
124
123
113
130
120
121
120
121
120
126
107
120
129
114
111
103
106
114
109
113
126
106
112
135
127
117
106
126
129
115
122
130
142
108
147
116
127
121
123
121
118
132
120
117
134
142
111
134
116
112
132
119
113
130
130
120
111
148
117
145
110
143
133
139
143
131
120
116
115
135
135
103
129
118
147
117
125
124
126
162
127
115
128
129
134
117
119
138
116
137
136
131
107
128
135
145
128
115
126
143
141
111
109
124
116
127
127
126
140
135
149
129
124
120
122
138
139
130
139
126
139
135
137
142
134
125
143
133
134
136
139
136
111
138
114
134
152
124
120
145
144
129
124
139
138
123
136
146
135
126
145
157
133
152
145
129
132
133
139
124
176
158
137
136
150
132
143
123
145
161
146
158
140
116
150
139
143
131
126
139
160
152
146
120
143
138
135
147
164
157
152
128
140
145
153
152
129
162
161
159
146
151
130
138
166
131
134
152
140
138
152
139
151
130
135
132
157
146
144
167
142
153
167
170
150
153
145
141
139
114
134
130
153
126
132
142
144
124
170
154
150
152
153
144
149
163
150
153
130
161
163
160
134
134
152
143
148
151
152
165
136
136
158
146
138
142
146
164
118
138
172
125
155
136
138
144
156
155
156
151
145
125
131
135
133
147
138
144
143
145
136
146
130
136
167
145
151
139
123
156
129
155
135
158
158
155
137
153
161
141
154
154
156
147
140
149
126
124
116
159
150
122
154
135
157
154
133
143
159
141
149
134
145
135
138
140
156
138
138
142
122
147
124
133
148
132
163
150
136
132
137
151
131
134
129
154
121
127
136
154
133
141
138
131
144
145
144
127
136
116
134
149
157
150
158
142
153
121
141
144
131
121
131
151
152
139
134
133
140
143
148
135
145
150
125
146
143
142
114
121
133
119
136
136
123
124
135
125
125
113
143
136
129
109
144
116
136
142
119
126
128
130
154
121
135
129
141
135
133
131
125
137
149
131
142
138
123
143
117
125
133
128
138
123
121
143
122
124
105
128
125
125
105
130
115
142
138
113
119
130
117
124
120
125
116
112
127
124
101
98
132
108
130
136
137
134
116
124
121
120
148
119
119
126
114
118
132
132
120
119
119
117
104
122
115
122
138
108
132
124
121
113
111
122
130
126
109
130
143
124
117
119
126
119
118
116
110
109
129
126
117
126
106
100
105
117
117
121
126
123
126
118
121
108
109
103
128
115
125
100
121
127
124
130
109
111
131
105
130
107
110
97
122
115
105
123
130
130
138
123
117
119
120
136
113
121
122
134
127
127
116
136
110
109
127
113
123
137
106
114
114
118
106
119
118
133
131
139
129
120
124
100
122
126
116
120
111
138
116
116
113
111
133
110
122
137
130
122
118
108
117
132
145
132
113
116
112
121
124
131
119
127
153
122
122
129
126
122
136
126
145
146
133
135
113
113
131
112
116
129
129
129
133
124
119
104
111
127
110
146
132
130
127
130
140
135
118
154
140
126
144
142
118
129
148
129
125
124
124
147
134
136
132
146
144
148
131
108
126
129
156
135
128
139
124
139
143
136
117
129
124
145
142
133
117
141
134
115
126
135
132
153
134
142
146
127
132
145
135
137
134
125
149
129
139
145
138
164
124
161
131
127
169
174
154
151
124
146
131
124
156
144
138
156
139
149
114
136
141
137
148
148
145
122
121
115
147
141
135
108
144
145
147
121
133
142
143
166
141
130
145
152
153
141
135
128
133
133
130
172
135
133
167
162
151
138
146
151
140
135
149
128
157
136
146
165
140
139
171
139
162
147
152
153
149
169
151
133
133
164
145
151
134
169
164
157
162
124
145
165
157
136
138
151
145
142
144
158
157
141
150
147
132
151
132
149
155
140
141
76
1
0
0
0
0
0
0
0
0
0
0
0
0
0
0
0
0
0
0
0
0
0
0
0
0
0
0
0
0
0
0
0
0
0
0
0
0
0
0
0
0
0
0
0
0
0
0
0
0
0
0
0
0
0
0
0
0
0
0
0
0
0
0
0
0
0
0
0
0
0
0
0
0
0
0
0
0
0
0
0
0
0
0
0
0
0
0
0
0
0
0
0
0
0
0
0
0
0
0
0
0
0
0
0
0
0
0
0
0
0
0
0
0
0
0
0
0
0
0
0
0
0
0
0
0
0
0
0
0
0
0
0
0
0
0
0
0
0
0
0
0
0
0
0
0
0
0
0
0
0
0
0
0
0
0
0
0
0
0
0
0
0
0
0
0
0
0
0
0
0
0
0
0
0
0
0
0
0
0
0
0
0
0
0
0
0
0
0
0
0
0
0
0
0
0
0
0
0
0
0
0
0
0
0
0
0
0
0
0
0
0
0
0
0
0
0
0
0
0
0
0
0
0
0
0
0
0
0
0
0
0
0
0
0
0
0
0
0
0
0
0
0
0
0
0
0
0
0
0
0
0
0
0
0
0
0
0
0
0
0
0
0
0
0
0
0
0
0
0
0
0
0
0
0
0
0
0
0
0
0
0
0
0
0
0
0
0
0
0
0
0
0
0
0
0
0
0
0
0
0
0
0
0
0
0
0
0
0
0
0
0
0
0
0
0
0
0
0
0
0
0
0
0
0
0
0
0
0
0
0
0
0
0
0
0
0
0
0
0
0
0
0
0
0
0
0
0
0
0
0
0
0
0
0
0
0
0
0
0
0
0
0
0
0
0
0
0
0
0
0
0
0
0
0
0
0
0
0
0
0
0
0
0
0
0
0
0
0
0
0
0
0
0
0
0
0
0
0
0
0
0
0
0
0
0
0
0
0
0
0
0
0
0
0
0
0
0
0
0
0
0
0
0
0
0
0
0
0
0
0
0
0
0
0
0
0
0
0
0
0
0
0
0
0
0
0
0
0
0
0
0
0
0
0
0
0
0
0
0
0
0
0
0
0
0
0
0
0
0
0
0
0
0
0
0
0
0
0
0
0
0
0
0
0
0
0
0
0
0
0
0
0
0
0
0
0
0
0
0
0
0
0
0
0
0
0
0
0
0
0
0
0
0
0
0
0
0
0
0
0
0
0
0
0
0
0
0
0
0
0
0
0
0
0
0
0
0
0
0
0
0
0
0
0
0
0
0
0
0
0
0
0
0
0
0
0
0
0
0
0
0
0
0
0
0
0
0
0
0
0
0
0
0
0
0
0
0
0
0
0
0
0
0
0
0
0
0
0
0
0
0
0
0
0
0
0
0
0
0
0
0
0
0
0
0
0
0
0
0
0
0
0
0
0
0
0
0
0
0
0
0
0
0
0
0
0
0
0
0
0
0
0
0
0
0
0
0
0
0
0
0
0
0
0
0
0
0
0
0
0
0
0
0
0
0
0
0
0
0
0
0
0
0
0
0
0
0
0
0
0
0
0
0
0
0
0
0
0
0
0
0
0
0
0
0
0
0
0
0
0
0
0
0
0
0
0
0
0
0
0
0
0
0
0
0
0
0
0
0
0
0
0
0
0
0
0
0
0
0
0
0
0
0
0
0
0
0
0
0
0
0
0
0
0
0
0
0
0
0
0
0
0
0
0
0
0
0
0
0
0
0
0
0
0
0
0
0
0
0
0
0
0
0
0
0
0
0
0
0
0
0
0
0
0
0
0
0
0
0
0
0
0
0
0
0
0
0
0
0
0
0
0
0
0
0
0
0
0
0
0
0
0
0
0
0
0
0
0
0
0
0
0
0
0
0
0
0
0
0
0
0
0
0
0
0
0
0
0
0
0
0
0
0
0
0
0
0
0
0
0
0
0
0
0
0
0
0
0
0
0
0
0
0
0
0
0
0
0
0
0
0
0
0
0
0
0
0
0
0
0
0
0
0
0
0
0
0
0
0
0
0
0
0
0
0
0
0
0
