# Measurement time [s]: 109.387
# Dwell time [us]: 20
#
# detCounts monCounts f_SF1_Hz f_SF2_Hz
148218 2000000 91700 91700
127
263
222
261
270
219
249
276
244
264
249
245
253
245
261
263
280
286
296
250
289
247
272
259
263
233
235
265
254
258
246
279
266
274
260
261
251
255
254
250
248
233
271
235
240
281
276
251
252
274
251
252
251
276
245
267
258
272
248
280
258
267
216
255
219
258
265
264
246
271
247
289
248
252
282
259
231
244
277
260
243
260
248
263
248
235
235
266
260
243
244
256
231
225
278
221
256
254
251
261
269
251
247
250
234
231
233
234
228
245
220
234
242
230
228
230
238
255
248
234
225
251
253
239
238
257
225
224
250
206
223
225
219
224
230
220
219
218
233
227
218
210
248
220
187
227
224
235
192
201
213
204
211
221
216
208
217
230
223
197
259
206
226
205
211
203
214
215
216
208
222
206
216
236
209
206
207
214
219
205
204
221
214
203
192
199
216
209
196
234
214
186
229
214
211
215
237
226
205
221
230
222
196
212
201
219
221
189
195
219
217
234
220
217
197
198
199
242
218
214
219
231
224
209
215
211
222
228
219
233
225
208
209
253
209
210
205
208
220
229
244
237
223
252
210
205
208
241
246
214
210
201
231
229
200
224
262
220
227
253
230
230
235
234
228
208
251
235
223
226
221
232
245
243
217
226
244
261
245
237
220
233
228
246
249
282
234
276
239
281
255
270
216
250
252
246
252
253
269
275
255
277
246
257
247
237
262
236
260
260
259
267
249
254
229
259
291
261
271
263
247
248
257
264
263
234
271
248
281
274
292
235
270
265
248
275
261
241
266
256
255
266
254
248
265
267
253
231
261
252
277
264
259
291
232
247
274
250
253
280
256
250
286
252
276
272
260
264
248
267
246
252
243
272
229
282
266
247
261
245
266
261
264
260
244
258
249
233
229
239
243
262
275
233
250
266
255
266
256
254
237
272
253
271
250
244
270
245
245
257
233
244
251
221
239
255
241
237
225
245
253
252
234
230
229
223
240
234
238
225
239
228
243
233
255
279
213
250
240
233
227
211
240
269
250
282
207
217
212
245
219
204
225
239
242
235
214
225
221
227
209
229
216
184
224
240
194
248
224
220
226
235
197
197
236
229
215
206
205
235
222
203
243
216
194
215
203
204
215
221
213
257
216
208
207
224
234
233
203
219
217
222
241
240
238
182
236
210
208
203
202
182
223
219
200
200
220
220
196
194
179
220
239
192
224
223
193
200
214
216
218
214
221
188
225
219
222
201
221
221
235
224
207
233
219
210
213
218
196
207
263
198
231
214
233
222
211
230
229
229
223
227
232
223
243
227
248
254
226
238
213
227
210
240
240
229
240
199
251
244
242
242
222
234
245
251
249
229
243
245
240
259
247
242
232
274
266
216
234
247
250
246
262
238
252
266
241
252
247
253
263
251
246
252
244
284
252
237
264
256
228
255
281
259
253
121
0
0
0
0
0
0
0
0
0
0
0
0
0
0
0
0
0
0
0
0
0
0
0
0
0
0
0
0
0
0
0
0
0
0
0
0
0
0
0
0
0
0
0
0
0
0
0
0
0
0
0
0
0
0
0
0
0
0
0
0
0
0
0
0
0
0
0
0
0
0
0
0
0
0
0
0
0
0
0
0
0
0
0
0
0
0
0
0
0
0
0
0
0
0
0
0
0
0
0
0
0
0
0
0
0
0
0
0
0
0
0
0
0
0
0
0
0
0
0
0
0
0
0
0
0
0
0
0
0
0
0
0
0
0
0
0
0
0
0
0
0
0
0
0
0
0
0
0
0
0
0
0
0
0
0
0
0
0
0
0
0
0
0
0
0
0
0
0
0
0
0
0
0
0
0
0
0
0
0
0
0
0
0
0
0
0
0
0
0
0
0
0
0
0
0
0
0
0
0
0
0
0
0
0
0
0
0
0
0
0
0
0
0
0
0
0
0
0
0
0
0
0
0
0
0
0
0
0
0
0
0
0
0
0
0
0
0
0
0
0
0
0
0
0
0
0
0
0
0
0
0
0
0
0
0
0
0
0
0
0
0
0
0
0
0
0
0
0
0
0
0
0
0
0
0
0
0
0
0
0
0
0
0
0
0
0
0
0
0
0
0
0
0
0
0
0
0
0
0
0
0
0
0
0
0
0
0
0
0
0
0
0
0
0
0
0
0
0
0
0
0
0
0
0
0
0
0
0
0
0
0
0
0
0
0
0
0
0
0
0
0
0
0
0
0
0
0
0
0
0
0
0
0
0
0
0
0
0
0
0
0
0
0
0
0
0
0
0
0
0
0
0
0
0
0
0
0
0
0
0
0
0
0
0
0
0
0
0
0
0
0
0
0
0
0
0
0
0
0
0
0
0
0
0
0
0
0
0
0
0
0
0
0
0
0
0
0
0
0
0
0
0
0
0
0
0
0
0
0
0
0
0
0
0
0
0
0
0
0
0
0
0
0
0
0
0
0
0
0
0
0
0
0
0
0
0
0
0
0
0
0
0
0
0
0
0
0
0
0
0
0
0
0
0
0
0
0
0
0
0
0
0
0
0
0
0
0
0
0
0
0
0
0
0
0
0
0
0
0
0
0
0
0
0
0
0
0
0
0
0
0
0
0
0
0
0
0
0
0
0
0
0
0
0
0
0
0
0
0
0
0
0
0
0
0
0
0
0
0
0
0
0
0
0
0
0
0
0
0
0
0
0
0
0
0
0
0
0
0
0
0
0
0
0
0
0
0
0
0
0
0
0
0
0
0
0
0
0
0
0
0
0
0
0
0
0
0
0
0
0
0
0
0
0
0
0
0
0
0
0
0
0
0
0
0
0
0
0
0
0
0
0
0
0
0
0
0
0
0
0
0
0
0
0
0
0
0
0
0
0
0
0
0
0
0
0
0
0
0
0
0
0
0
0
0
0
0
0
0
0
0
0
0
0
0
0
0
0
0
0
0
0
0
0
0
0
0
0
0
0
0
0
0
0
0
0
0
0
0
0
0
0
0
0
0
0
0
0
0
0
0
0
0
0
0
0
0
0
0
0
0
0
0
0
0
0
0
0
0
0
0
0
0
0
0
0
0
0
0
0
0
0
0
0
0
0
0
0
0
0
0
0
0
0
0
0
0
0
0
0
0
0
0
0
0
0
0
0
0
0
0
0
0
0
0
0
0
0
0
0
0
0
0
0
0
0
0
0
0
0
0
0
0
0
0
0
0
0
0
0
0
0
0
0
0
0
0
0
0
0
0
0
0
0
0
0
0
0
0
0
0
0
0
0
0
0
0
0
0
0
0
0
0
0
0
0
0
0
0
0
0
0
0
0
0
0
0
0
0
0
0
0
0
0
0
0
0
0
0
0
0
0
0
0
0
0
0
0
0
0
0
0
0
0
0
0
0
0
0
0
0
0
0
0
0
0
0
0
0
0
0
0
0
0
0
0
0
0
0
0
0
0
0
0
0
0
0
0
0
0
0
0
0
0
0
0
0
0
0
0
0
0
0
0
0
0
0
0
0
0
0
0
0
0
0
0
0
0
0
0
0
0
0
0
0
0
0
0
0
0
0
0
0
0
0
0
0
0
0
0
0
0
0
0
0
0
0
0
0
0
0
0
0
0
0
0
0
0
0
0
0
0
0
0
0
0
0
0
0
0
0
0
0
0
0
0
0
0
0
0
0
0
0
0
0
0
0
0
0
0
0
0
0
0
0
0
0
0
0
0
0
0
0
0
0
0
0
0
0
0
0
0
0
0
0
0
0
0
0
0
0
0
0
0
0
0
0
0
0
0
0
0
0
0
0
0
0
0
0
0
0
0
0
0
0
0
0
0
0
0
0
0
0
0
0
0
0
0
0
0
0
0
0
0
0
0
0
0
0
0
0
0
0
0
0
0
0
0
0
0
0
0
0
0
0
0
0
0
0
0
0
0
0
0
0
0
0
0
0
0
0
0
0
0
0
0
0
0
0
0
0
0
0
0
0
0
0
0
0
0
0
0
0
0
0
0
0
0
0
0
0
0
0
0
0
0
0
0
0
0
0
0
0
0
0
0
0
0
0
0
0
0
0
0
0
0
0
0
0
0
0
0
0
0
0
0
0
0
0
0
0
0
0
0
0
0
0
0
0
0
0
0
0
0
0
0
0
0
0
0
0
0
0
0
0
0
0
0
0
0
0
0
0
0
0
0
0
0
0
0
0
0
0
0
0
0
0
0
0
0
0
0
0
0
0
0
0
0
0
0
0
0
0
0
0
0
0
0
0
0
0
0
0
0
0
0
0
0
0
0
0
0
0
0
0
0
0
0
0
0
0
0
0
0
0
0
0
0
0
0
0
0
0
0
0
0
0
0
0
0
0
0
0
0
0
0
0
0
0
0
0
0
0
0
0
0
0
0
0
0
0
0
0
0
0
0
0
0
0
0
0
0
0
0
0
0
0
0
0
0
0
0
0
0
0
0
0
0
0
0
0
0
0
0
0
0
0
0
0
0
0
0
0
0
0
0
0
0
0
0
0
0
0
0
0
0
0
0
0
0
0
0
0
0
0
0
0
0
0
0
0
0
0
0
