# Measurement time [s]: 99.350
# Dwell time [us]: 20
#
# detCounts monCounts f_SF1_Hz f_SF2_Hz
142726 2000000 91700 91700
76
152
164
142
154
147
136
150
143
156
174
139
150
137
151
166
150
148
162
144
172
166
184
185
152
146
155
141
141
148
158
161
143
145
168
148
156
157
140
149
160
151
158
136
144
147
156
129
141
153
162
171
143
163
161
136
140
158
159
137
145
175
169
137
130
167
144
155
136
166
156
137
152
148
145
138
140
139
143
147
165
159
123
151
133
113
151
148
154
170
136
125
147
128
140
129
151
152
148
147
126
162
132
142
146
143
122
148
128
150
133
142
124
146
137
151
138
143
167
134
136
122
143
141
133
131
148
135
113
147
131
131
154
132
154
120
147
116
144
148
132
138
142
127
133
132
126
144
137
134
123
132
134
135
125
137
142
123
123
123
150
126
125
145
137
121
139
144
125
132
137
150
129
120
143
145
121
113
141
109
121
141
144
121
128
139
118
113
123
137
118
133
125
109
118
143
125
128
125
125
122
126
105
122
143
132
122
132
130
139
147
124
120
145
143
119
109
105
122
107
132
140
131
129
130
143
133
138
116
136
125
117
134
140
126
116
132
107
138
124
116
129
118
117
139
131
106
111
129
117
108
143
127
136
114
121
118
111
151
124
117
117
132
119
123
121
109
120
103
131
119
143
139
126
129
118
131
136
126
109
138
129
135
138
126
138
117
116
105
124
118
126
112
144
109
104
107
123
110
123
135
130
140
130
121
122
118
131
107
126
130
147
139
135
126
132
125
153
142
129
136
139
120
123
149
115
111
145
148
127
134
134
139
148
133
141
151
152
131
134
140
135
124
132
121
138
129
156
134
134
134
158
134
123
166
133
122
133
126
118
156
163
148
130
141
133
141
145
139
139
126
143
139
144
157
174
145
156
145
152
158
138
138
148
153
148
158
142
127
137
148
118
147
159
146
144
127
124
138
134
139
140
144
120
162
125
157
143
144
117
143
153
149
156
148
123
146
135
169
150
159
144
145
149
176
138
128
158
143
154
165
133
156
131
149
128
141
172
160
155
148
174
166
147
168
159
153
145
133
143
161
147
160
159
154
172
148
140
170
143
139
155
162
181
165
155
149
143
159
157
174
162
149
161
154
154
161
157
153
131
126
179
164
141
165
148
128
156
134
145
164
142
144
141
175
175
168
138
169
151
168
169
163
153
154
152
151
145
157
158
159
148
156
176
161
164
139
150
152
166
166
143
151
169
139
137
163
143
153
141
149
152
147
146
143
146
166
170
147
152
159
137
167
137
145
142
164
165
156
133
146
132
158
148
137
149
156
166
162
170
143
141
129
134
124
155
142
158
153
158
127
163
157
139
155
164
136
119
144
143
132
137
156
155
138
151
146
149
128
125
137
157
134
125
134
134
157
151
130
129
162
143
127
145
144
135
155
138
149
163
166
152
154
126
134
120
130
135
140
137
148
125
126
161
135
144
150
140
145
139
152
144
134
149
142
142
130
155
121
126
155
138
120
131
143
131
128
144
127
137
134
137
134
146
114
123
119
136
121
146
140
126
126
128
141
117
152
144
109
126
139
150
147
127
109
153
139
128
140
143
135
155
113
119
130
147
142
147
113
157
129
134
109
132
130
126
121
132
118
120
120
121
127
147
135
139
154
147
145
118
116
149
109
127
135
130
118
119
144
131
145
112
130
139
105
143
121
132
122
128
119
141
107
142
131
128
131
121
127
152
128
137
114
110
137
127
149
123
121
114
120
149
125
138
118
125
139
143
121
123
115
125
97
125
140
108
109
122
141
137
115
150
145
128
136
130
106
129
123
130
131
128
119
121
129
123
120
138
132
146
119
120
111
109
131
134
123
134
119
123
90
129
145
128
138
136
148
108
124
123
114
130
118
107
140
117
114
126
131
151
152
103
124
144
129
114
120
128
117
118
126
133
147
149
115
135
131
115
140
131
146
137
135
110
131
125
126
126
138
158
122
144
144
135
143
146
143
135
134
149
153
132
147
138
144
131
152
140
133
138
138
132
129
131
147
152
145
141
139
142
143
125
121
142
139
167
125
128
142
133
146
144
142
152
126
130
141
137
139
142
142
141
152
133
166
127
129
154
153
132
158
169
147
135
131
132
148
155
132
156
140
139
165
162
151
156
183
140
140
166
131
151
163
124
145
161
156
153
149
150
137
153
143
131
139
147
149
139
144
156
140
126
153
138
141
138
143
134
172
126
146
170
148
146
162
135
190
155
154
151
160
152
156
166
159
153
141
147
172
161
155
149
147
160
152
149
149
151
155
174
174
176
174
160
189
185
158
142
149
172
151
150
168
165
147
158
157
169
145
187
153
142
150
173
167
158
148
171
158
176
123
5
0
0
0
0
0
0
0
0
0
0
0
0
0
0
0
0
0
0
0
0
0
0
0
0
0
0
0
0
0
0
0
0
0
0
0
0
0
0
0
0
0
0
0
0
0
0
0
0
0
0
0
0
0
0
0
0
0
0
0
0
0
0
0
0
0
0
0
0
0
0
0
0
0
0
0
0
0
0
0
0
0
0
0
0
0
0
0
0
0
0
0
0
0
0
0
0
0
0
0
0
0
0
0
0
0
0
0
0
0
0
0
0
0
0
0
0
0
0
0
0
0
0
0
0
0
0
0
0
0
0
0
0
0
0
0
0
0
0
0
0
0
0
0
0
0
0
0
0
0
0
0
0
0
0
0
0
0
0
0
0
0
0
0
0
0
0
0
0
0
0
0
0
0
0
0
0
0
0
0
0
0
0
0
0
0
0
0
0
0
0
0
0
0
0
0
0
0
0
0
0
0
0
0
0
0
0
0
0
0
0
0
0
0
0
0
0
0
0
0
0
0
0
0
0
0
0
0
0
0
0
0
0
0
0
0
0
0
0
0
0
0
0
0
0
0
0
0
0
0
0
0
0
0
0
0
0
0
0
0
0
0
0
0
0
0
0
0
0
0
0
0
0
0
0
0
0
0
0
0
0
0
0
0
0
0
0
0
0
0
0
0
0
0
0
0
0
0
0
0
0
0
0
0
0
0
0
0
0
0
0
0
0
0
0
0
0
0
0
0
0
0
0
0
0
0
0
0
0
0
0
0
0
0
0
0
0
0
0
0
0
0
0
0
0
0
0
0
0
0
0
0
0
0
0
0
0
0
0
0
0
0
0
0
0
0
0
0
0
0
0
0
0
0
0
0
0
0
0
0
0
0
0
0
0
0
0
0
0
0
0
0
0
0
0
0
0
0
0
0
0
0
0
0
0
0
0
0
0
0
0
0
0
0
0
0
0
0
0
0
0
0
0
0
0
0
0
0
0
0
0
0
0
0
0
0
0
0
0
0
0
0
0
0
0
0
0
0
0
0
0
0
0
0
0
0
0
0
0
0
0
0
0
0
0
0
0
0
0
0
0
0
0
0
0
0
0
0
0
0
0
0
0
0
0
0
0
0
0
0
0
0
0
0
0
0
0
0
0
0
0
0
0
0
0
0
0
0
0
0
0
0
0
0
0
0
0
0
0
0
0
0
0
0
0
0
0
0
0
0
0
0
0
0
0
0
0
0
0
0
0
0
0
0
0
0
0
0
0
0
0
0
0
0
0
0
0
0
0
0
0
0
0
0
0
0
0
0
0
0
0
0
0
0
0
0
0
0
0
0
0
0
0
0
0
0
0
0
0
0
0
0
0
0
0
0
0
0
0
0
0
0
0
0
0
0
0
0
0
0
0
0
0
0
0
0
0
0
0
0
0
0
0
0
0
0
0
0
0
0
0
0
0
0
0
0
0
0
0
0
0
0
0
0
0
0
0
0
0
0
0
0
0
0
0
0
0
0
0
0
0
0
0
0
0
0
0
0
0
0
0
0
0
0
0
0
0
0
0
0
0
0
0
0
0
0
0
0
0
0
0
0
0
0
0
0
0
0
0
0
0
0
0
0
0
0
0
0
0
0
0
0
0
0
0
0
0
0
0
0
0
0
0
0
0
0
0
0
0
0
0
0
0
0
0
0
0
0
0
0
0
0
0
0
0
0
0
0
0
0
0
0
0
0
0
0
0
0
0
0
0
0
0
0
0
0
0
0
0
0
0
0
0
0
0
0
0
0
0
0
0
0
0
0
0
0
0
0
0
0
0
0
0
0
0
0
0
0
0
0
0
0
0
0
0
0
0
0
0
0
0
0
0
0
0
0
0
0
0
0
0
0
0
0
0
0
0
0
0
0
0
0
0
0
0
0
0
0
0
0
0
0
0
0
0
0
0
0
0
0
0
0
0
0
0
0
0
0
0
0
0
0
0
0
0
0
0
0
0
0
0
0
0
0
0
0
0
0
0
0
0
0
0
0
0
0
0
0
0
0
0
0
0
0
0
0
0
0
0
0
0
0
0
0
0
0
0
0
0
0
0
0
0
0
0
0
0
0
0
0
0
0
0
0
0
0
0
0
0
0
0
0
0
0
0
0
0
0
0
0
0
0
0
0
0
0
0
0
0
0
0
0
0
0
0
0
0
0
0
0
0
0
0
0
0
0
0
0
0
0
0
0
0
0
0
0
0
0
0
