# Measurement time [s]: 99.352
# Dwell time [us]: 20
#
# detCounts monCounts f_SF1_Hz f_SF2_Hz
138055 2000000 91700 91700
61
120
104
138
107
164
134
141
131
121
130
129
112
101
126
119
130
130
155
122
131
155
134
127
140
129
121
142
126
143
160
132
138
145
118
121
134
123
137
135
133
135
109
131
131
138
123
123
128
123
155
145
133
110
125
131
125
122
124
126
115
105
131
122
133
129
127
140
114
130
127
117
120
124
127
148
126
137
121
135
125
123
152
108
120
128
112
125
125
123
114
103
115
130
106
110
130
118
131
93
120
142
83
93
102
118
98
116
135
131
118
129
134
91
95
109
116
126
110
136
117
108
111
106
110
116
131
121
121
130
119
122
130
114
114
87
107
120
124
106
130
107
113
120
113
113
103
121
92
122
127
106
104
89
119
84
107
113
98
118
112
109
108
97
109
112
118
97
112
82
125
130
118
105
115
105
108
97
122
116
128
110
98
114
106
107
98
108
103
105
123
119
95
107
109
109
98
121
92
116
112
110
110
114
152
112
111
105
94
105
107
89
125
109
96
119
110
114
110
103
110
117
103
103
109
118
97
110
101
96
103
108
87
114
115
109
108
102
110
105
106
100
95
90
79
121
103
94
102
109
109
106
107
97
98
110
112
123
101
103
110
110
111
109
102
105
105
112
90
97
96
91
99
108
111
100
97
122
102
120
117
115
89
104
120
103
99
104
103
111
96
79
89
102
99
105
95
99
102
105
110
106
112
111
93
118
114
103
104
131
118
114
94
104
105
91
94
108
116
108
106
117
107
116
92
107
88
109
122
108
98
117
127
106
128
104
103
113
124
94
104
117
128
103
107
117
109
97
108
88
91
126
109
106
126
114
102
132
122
130
114
109
115
88
130
114
111
101
106
118
119
109
97
119
118
112
106
103
98
105
111
122
127
125
122
117
102
123
94
100
111
110
119
122
126
108
102
121
125
120
117
129
113
102
100
102
127
137
106
127
126
135
123
121
111
125
127
118
141
115
108
138
146
114
97
116
120
116
82
129
124
126
106
111
122
126
121
126
137
121
133
126
117
120
127
134
132
137
129
123
118
138
127
133
128
133
125
105
134
118
122
127
128
129
130
128
139
129
137
111
100
123
128
126
133
114
126
123
152
145
153
108
125
131
114
118
142
129
139
133
140
119
144
116
131
119
150
134
120
127
128
124
132
164
133
115
132
125
133
125
138
146
135
104
110
141
139
126
140
137
128
107
116
131
117
119
147
124
124
143
117
129
125
139
129
131
120
121
135
121
120
144
128
130
119
129
129
142
126
136
131
133
127
135
152
137
128
105
134
146
137
126
143
145
131
114
133
135
119
150
125
119
127
118
130
141
142
114
155
136
149
133
139
147
127
143
140
123
140
144
122
115
148
134
120
135
134
113
153
116
127
133
157
129
140
131
127
153
129
120
126
141
132
147
147
144
129
141
132
141
133
127
132
145
120
134
112
139
145
110
134
130
122
142
118
120
112
131
125
123
135
122
131
110
126
133
109
139
115
116
131
126
131
130
113
128
125
114
142
107
127
139
125
132
136
124
128
118
134
120
110
119
126
128
117
124
130
146
141
127
124
125
127
116
98
119
143
123
123
120
105
120
132
113
129
128
123
113
125
129
136
128
110
116
127
103
116
93
109
110
130
106
116
129
102
125
108
106
123
118
104
118
128
117
117
119
100
113
109
117
102
127
116
117
121
107
109
118
123
114
122
116
114
122
119
120
121
103
102
111
103
97
110
114
125
106
120
104
112
129
136
104
117
115
107
102
114
122
108
117
112
106
109
125
95
117
122
124
116
93
110
86
94
114
108
96
123
98
126
104
114
108
101
109
122
115
127
98
115
107
91
94
129
106
123
120
99
104
101
109
102
109
101
106
102
102
113
102
111
106
105
107
112
111
123
95
131
92
108
102
119
103
103
114
97
114
105
121
111
100
102
105
106
101
102
117
112
103
108
102
98
93
117
119
109
96
104
118
96
109
106
112
131
118
100
100
93
96
108
100
105
94
122
110
121
116
90
105
90
106
107
109
111
104
96
101
98
106
96
104
115
112
125
116
103
82
122
111
94
97
109
115
119
118
106
90
110
110
111
113
109
110
100
125
111
122
119
102
94
103
90
110
112
108
118
102
118
127
109
100
104
95
109
97
113
138
107
117
117
119
110
105
107
118
117
125
104
108
112
129
112
92
106
113
117
96
109
138
128
130
89
108
132
127
104
108
118
129
121
121
113
105
115
91
130
118
105
140
120
127
108
118
125
106
123
106
122
111
125
99
105
97
118
128
120
126
122
125
110
115
123
110
113
134
131
122
102
140
127
103
111
112
128
128
124
104
128
126
127
119
131
107
107
109
117
117
118
119
121
118
136
118
127
122
138
113
133
135
124
130
128
103
131
110
134
123
139
141
126
130
118
131
124
154
150
111
125
129
119
119
134
114
122
127
105
152
124
117
130
142
135
124
140
118
113
125
134
141
126
119
127
121
127
130
127
129
141
148
128
142
131
139
139
151
138
143
156
121
136
113
129
125
143
126
123
125
136
119
123
147
142
126
121
133
134
128
122
164
114
129
149
134
111
119
123
142
147
143
109
134
126
130
152
123
134
126
147
135
131
153
159
143
137
133
132
141
132
122
127
146
146
129
130
130
142
145
113
123
134
126
134
138
121
43
0
0
0
0
0
0
0
0
0
0
0
0
0
0
0
0
0
0
0
0
0
0
0
0
0
0
0
0
0
0
0
0
0
0
0
0
0
0
0
0
0
0
0
0
0
0
0
0
0
0
0
0
0
0
0
0
0
0
0
0
0
0
0
0
0
0
0
0
0
0
0
0
0
0
0
0
0
0
0
0
0
0
0
0
0
0
0
0
0
0
0
0
0
0
0
0
0
0
0
0
0
0
0
0
0
0
0
0
0
0
0
0
0
0
0
0
0
0
0
0
0
0
0
0
0
0
0
0
0
0
0
0
0
0
0
0
0
0
0
0
0
0
0
0
0
0
0
0
0
0
0
0
0
0
0
0
0
0
0
0
0
0
0
0
0
0
0
0
0
0
0
0
0
0
0
0
0
0
0
0
0
0
0
0
0
0
0
0
0
0
0
0
0
0
0
0
0
0
0
0
0
0
0
0
0
0
0
0
0
0
0
0
0
0
0
0
0
0
0
0
0
0
0
0
0
0
0
0
0
0
0
0
0
0
0
0
0
0
0
0
0
0
0
0
0
0
0
0
0
0
0
0
0
0
0
0
0
0
0
0
0
0
0
0
0
0
0
0
0
0
0
0
0
0
0
0
0
0
0
0
0
0
0
0
0
0
0
0
0
0
0
0
0
0
0
0
0
0
0
0
0
0
0
0
0
0
0
0
0
0
0
0
0
0
0
0
0
0
0
0
0
0
0
0
0
0
0
0
0
0
0
0
0
0
0
0
0
0
0
0
0
0
0
0
0
0
0
0
0
0
0
0
0
0
0
0
0
0
0
0
0
0
0
0
0
0
0
0
0
0
0
0
0
0
0
0
0
0
0
0
0
0
0
0
0
0
0
0
0
0
0
0
0
0
0
0
0
0
0
0
0
0
0
0
0
0
0
0
0
0
0
0
0
0
0
0
0
0
0
0
0
0
0
0
0
0
0
0
0
0
0
0
0
0
0
0
0
0
0
0
0
0
0
0
0
0
0
0
0
0
0
0
0
0
0
0
0
0
0
0
0
0
0
0
0
0
0
0
0
0
0
0
0
0
0
0
0
0
0
0
0
0
0
0
0
0
0
0
0
0
0
0
0
0
0
0
0
0
0
0
0
0
0
0
0
0
0
0
0
0
0
0
0
0
0
0
0
0
0
0
0
0
0
0
0
0
0
0
0
0
0
0
0
0
0
0
0
0
0
0
0
0
0
0
0
0
0
0
0
0
0
0
0
0
0
0
0
0
0
0
0
0
0
0
0
0
0
0
0
0
0
0
0
0
0
0
0
0
0
0
0
0
0
0
0
0
0
0
0
0
0
0
0
0
0
0
0
0
0
0
0
0
0
0
0
0
0
0
0
0
0
0
0
0
0
0
0
0
0
0
0
0
0
0
0
0
0
0
0
0
0
0
0
0
0
0
0
0
0
0
0
0
0
0
0
0
0
0
0
0
0
0
0
0
0
0
0
0
0
0
0
0
0
0
0
0
0
0
0
0
0
0
0
0
0
0
0
0
0
0
0
0
0
0
0
0
0
0
0
0
0
0
0
0
0
0
0
0
0
0
0
0
0
0
0
0
0
0
0
0
0
0
0
0
0
0
0
0
0
0
0
0
0
0
0
0
0
0
0
0
0
0
0
0
0
0
0
0
0
0
0
0
0
0
0
0
0
0
0
0
0
0
0
0
0
0
0
0
0
0
0
0
0
0
0
0
0
0
0
0
0
0
0
0
0
0
0
0
0
0
0
0
0
0
0
0
0
0
0
0
0
0
0
0
0
0
0
0
0
0
0
0
0
0
0
0
0
0
0
0
0
0
0
0
0
0
0
0
0
0
0
0
0
0
0
0
0
0
0
0
0
0
0
0
0
0
