# Measurement time [s]: 109.386
# Dwell time [us]: 20
#
# detCounts monCounts f_SF1_Hz f_SF2_Hz
137432 2000001 91700 91700
93
205
195
201
197
215
232
197
183
189
239
202
207
185
187
189
183
204
183
214
185
196
207
206
181
204
207
157
206
200
198
210
211
194
216
187
173
185
208
189
201
203
190
184
172
204
179
216
195
205
204
199
208
195
214
183
183
189
175
195
196
198
181
211
188
200
169
197
188
200
207
218
182
203
209
177
172
182
186
157
193
198
188
213
190
195
195
171
194
178
181
184
209
171
201
200
169
178
187
175
188
201
188
160
188
165
174
193
199
177
177
194
185
182
195
183
168
176
180
178
164
166
171
190
183
181
160
177
170
169
158
153
170
165
170
169
166
173
175
158
161
163
183
185
179
168
174
182
159
167
153
167
142
148
183
154
162
163
171
166
147
159
175
148
149
175
166
138
169
173
154
164
161
164
178
178
179
151
192
183
145
160
166
126
167
153
183
150
158
154
159
155
197
171
156
158
153
164
176
154
173
151
156
153
159
136
151
157
163
153
175
156
159
154
178
152
174
173
182
158
161
149
132
178
161
155
162
172
161
156
159
169
157
171
169
164
166
166
158
166
157
133
160
169
167
148
159
162
153
177
164
162
186
177
164
175
165
170
159
155
174
157
161
166
201
181
178
168
176
179
170
165
190
174
174
188
165
145
167
162
164
170
181
156
163
171
171
164
187
179
186
185
183
156
164
170
167
195
180
166
184
172
186
184
184
178
201
204
192
172
180
199
181
183
186
197
186
166
164
197
178
174
170
172
183
174
170
187
197
191
189
213
192
170
169
174
205
203
173
214
183
188
202
199
202
187
181
177
208
222
187
203
199
176
182
188
187
210
194
198
220
196
170
185
197
184
175
206
203
186
221
197
211
184
196
179
199
178
210
191
221
211
177
198
186
192
177
194
189
216
191
208
204
193
210
187
205
182
186
198
186
196
195
193
198
197
174
209
173
204
189
194
190
206
186
170
187
187
191
200
194
187
192
197
207
212
190
202
186
217
224
204
196
195
198
207
199
198
217
199
175
190
180
206
203
182
157
200
183
208
203
205
204
214
192
201
191
194
178
180
194
197
201
183
177
192
211
202
209
171
197
191
208
161
184
168
194
214
168
179
182
204
192
204
187
203
167
188
170
180
171
179
168
163
174
180
166
203
206
187
198
183
181
164
165
155
186
188
199
161
175
174
180
176
182
154
172
164
179
178
166
187
172
179
173
175
168
171
166
152
157
168
177
159
173
163
178
171
182
161
162
164
170
161
158
172
166
154
172
141
174
161
152
174
153
170
165
178
171
164
162
154
183
161
175
172
174
164
176
153
179
133
161
145
150
163
160
165
158
162
161
168
179
159
180
159
157
142
171
192
194
152
145
142
155
145
180
161
137
168
152
163
163
179
156
155
187
177
165
150
171
161
146
146
171
164
141
151
170
156
148
154
170
161
151
154
161
160
132
148
134
134
147
143
141
155
161
173
154
165
164
152
170
156
152
174
178
163
153
144
162
190
151
172
191
173
160
179
164
181
163
165
176
148
157
186
195
183
187
165
184
171
164
175
176
164
182
182
188
163
166
181
171
178
166
155
178
174
181
179
175
202
189
177
162
145
170
190
189
172
194
178
171
213
164
186
163
201
175
167
199
163
181
185
190
178
190
180
183
193
177
164
188
200
197
197
190
186
191
215
185
169
191
181
195
177
179
229
180
191
190
194
193
202
195
175
177
185
200
203
173
177
179
165
190
213
193
191
210
191
186
204
210
183
209
202
190
183
206
127
2
0
0
0
0
0
0
0
0
0
0
0
0
0
0
0
0
0
0
0
0
0
0
0
0
0
0
0
0
0
0
0
0
0
0
0
0
0
0
0
0
0
0
0
0
0
0
0
0
0
0
0
0
0
0
0
0
0
0
0
0
0
0
0
0
0
0
0
0
0
0
0
0
0
0
0
0
0
0
0
0
0
0
0
0
0
0
0
0
0
0
0
0
0
0
0
0
0
0
0
0
0
0
0
0
0
0
0
0
0
0
0
0
0
0
0
0
0
0
0
0
0
0
0
0
0
0
0
0
0
0
0
0
0
0
0
0
0
0
0
0
0
0
0
0
0
0
0
0
0
0
0
0
0
0
0
0
0
0
0
0
0
0
0
0
0
0
0
0
0
0
0
0
0
0
0
0
0
0
0
0
0
0
0
0
0
0
0
0
0
0
0
0
0
0
0
0
0
0
0
0
0
0
0
0
0
0
0
0
0
0
0
0
0
0
0
0
0
0
0
0
0
0
0
0
0
0
0
0
0
0
0
0
0
0
0
0
0
0
0
0
0
0
0
0
0
0
0
0
0
0
0
0
0
0
0
0
0
0
0
0
0
0
0
0
0
0
0
0
0
0
0
0
0
0
0
0
0
0
0
0
0
0
0
0
0
0
0
0
0
0
0
0
0
0
0
0
0
0
0
0
0
0
0
0
0
0
0
0
0
0
0
0
0
0
0
0
0
0
0
0
0
0
0
0
0
0
0
0
0
0
0
0
0
0
0
0
0
0
0
0
0
0
0
0
0
0
0
0
0
0
0
0
0
0
0
0
0
0
0
0
0
0
0
0
0
0
0
0
0
0
0
0
0
0
0
0
0
0
0
0
0
0
0
0
0
0
0
0
0
0
0
0
0
0
0
0
0
0
0
0
0
0
0
0
0
0
0
0
0
0
0
0
0
0
0
0
0
0
0
0
0
0
0
0
0
0
0
0
0
0
0
0
0
0
0
0
0
0
0
0
0
0
0
0
0
0
0
0
0
0
0
0
0
0
0
0
0
0
0
0
0
0
0
0
0
0
0
0
0
0
0
0
0
0
0
0
0
0
0
0
0
0
0
0
0
0
0
0
0
0
0
0
0
0
0
0
0
0
0
0
0
0
0
0
0
0
0
0
0
0
0
0
0
0
0
0
0
0
0
0
0
0
0
0
0
0
0
0
0
0
0
0
0
0
0
0
0
0
0
0
0
0
0
0
0
0
0
0
0
0
0
0
0
0
0
0
0
0
0
0
0
0
0
0
0
0
0
0
0
0
0
0
0
0
0
0
0
0
0
0
0
0
0
0
0
0
0
0
0
0
0
0
0
0
0
0
0
0
0
0
0
0
0
0
0
0
0
0
0
0
0
0
0
0
0
0
0
0
0
0
0
0
0
0
0
0
0
0
0
0
0
0
0
0
0
0
0
0
0
0
0
0
0
0
0
0
0
0
0
0
0
0
0
0
0
0
0
0
0
0
0
0
0
0
0
0
0
0
0
0
0
0
0
0
0
0
0
0
0
0
0
0
0
0
0
0
0
0
0
0
0
0
0
0
0
0
0
0
0
0
0
0
0
0
0
0
0
0
0
0
0
0
0
0
0
0
0
0
0
0
0
0
0
0
0
0
0
0
0
0
0
0
0
0
0
0
0
0
0
0
0
0
0
0
0
0
0
0
0
0
0
0
0
0
0
0
0
0
0
0
0
0
0
0
0
0
0
0
0
0
0
0
0
0
0
0
0
0
0
0
0
0
0
0
0
0
0
0
0
0
0
0
0
0
0
0
0
0
0
0
0
0
0
0
0
0
0
0
0
0
0
0
0
0
0
0
0
0
0
0
0
0
0
0
0
0
0
0
0
0
0
0
0
0
0
0
0
0
0
0
0
0
0
0
0
0
0
0
0
0
0
0
0
0
0
0
0
0
0
0
0
0
0
0
0
0
0
0
0
0
0
0
0
0
0
0
0
0
0
0
0
0
0
0
0
0
0
0
0
0
0
0
0
0
0
0
0
0
0
0
0
0
0
0
0
0
0
0
0
0
0
0
0
0
0
0
0
0
0
0
0
0
0
0
0
0
0
0
0
0
0
0
0
0
0
0
0
0
0
0
0
0
0
0
0
0
0
0
0
0
0
0
0
0
0
0
0
0
0
0
0
0
0
0
0
0
0
0
0
0
0
0
0
0
0
0
0
0
0
0
0
0
0
0
0
0
0
0
0
0
0
0
0
0
0
0
0
0
0
0
0
0
0
0
0
0
0
0
0
0
0
0
0
0
0
0
0
0
0
0
0
0
0
0
0
0
0
0
0
0
0
0
0
0
0
0
0
0
0
0
0
0
0
0
0
0
0
0
0
0
0
0
0
0
0
0
0
0
0
0
0
0
0
0
0
0
0
0
0
0
0
0
0
0
0
0
0
0
0
0
0
0
0
0
0
0
0
0
0
0
0
0
0
0
0
0
0
0
0
0
0
0
0
0
0
0
0
0
0
0
0
0
0
0
0
0
0
0
0
0
0
0
0
0
0
0
0
0
0
0
0
0
0
0
0
0
0
0
0
0
0
0
0
0
0
0
0
0
0
0
0
0
0
0
0
0
0
0
0
0
0
0
0
0
0
0
0
0
0
0
0
0
0
0
0
0
0
0
0
0
0
0
0
0
0
0
0
0
0
0
0
0
0
0
0
0
0
0
0
0
0
0
0
0
0
0
0
0
0
0
0
0
0
0
0
0
0
0
0
0
0
0
0
0
0
0
0
0
0
