# Measurement time [s]: 99.349
# Dwell time [us]: 20
#
# detCounts monCounts f_SF1_Hz f_SF2_Hz
138098 2000000 91700 91700
52
101
95
105
110
98
89
106
94
107
81
104
98
107
107
104
112
93
96
109
109
87
94
106
96
99
119
126
106
98
95
98
87
93
95
80
92
102
93
104
100
98
110
85
97
111
88
129
92
92
87
97
87
99
114
96
96
106
108
95
97
95
83
80
86
98
108
106
93
96
101
101
89
97
97
78
88
100
88
93
80
97
96
86
106
99
90
92
110
110
100
104
89
85
95
87
75
101
101
100
104
87
109
86
92
95
89
103
101
113
101
94
95
95
95
89
97
98
90
95
100
89
102
102
102
96
80
97
76
114
94
87
89
91
92
89
87
91
90
89
80
83
93
88
95
99
87
88
83
96
82
101
79
90
80
97
95
100
97
83
101
110
106
86
103
87
82
86
82
92
95
75
99
83
67
86
88
81
104
85
82
63
90
78
81
79
79
88
93
88
84
89
99
74
96
80
88
89
89
98
72
91
87
109
91
77
83
90
95
95
95
78
87
96
82
91
102
83
78
79
92
75
101
81
85
75
86
70
91
84
76
92
83
88
64
81
102
88
84
72
66
80
75
77
81
85
90
93
70
94
80
76
92
89
87
68
92
89
79
63
73
84
85
92
75
85
87
98
75
74
84
73
88
87
96
84
80
82
95
88
102
71
87
83
81
82
82
93
89
74
81
67
85
90
79
63
94
87
72
101
94
77
77
86
85
84
95
80
67
93
78
80
66
81
79
66
86
85
69
86
74
110
94
98
86
73
83
88
78
88
82
91
88
92
81
95
73
86
77
81
91
82
86
75
66
88
91
94
69
78
95
80
87
83
79
97
77
62
67
91
79
84
81
95
82
82
86
85
82
87
58
76
94
79
75
83
83
87
90
86
85
85
83
73
100
87
91
86
91
80
103
83
89
95
63
80
80
67
96
93
79
86
94
81
96
89
78
74
100
80
78
80
84
85
75
95
78
72
86
79
80
72
89
75
80
93
99
85
82
83
76
92
82
86
101
93
99
87
98
68
80
80
82
96
87
93
86
78
90
91
93
107
79
88
66
76
79
92
88
105
85
84
81
82
81
88
90
86
79
82
100
89
97
91
88
81
103
100
92
101
91
105
74
97
109
77
93
85
95
86
81
105
85
79
90
91
95
83
99
102
84
97
91
88
120
108
99
87
96
99
73
103
78
111
108
93
84
76
94
72
97
98
102
93
90
100
125
92
90
87
99
92
92
97
86
115
94
107
90
99
93
97
102
90
111
105
81
96
105
101
94
102
100
79
107
110
111
105
107
117
103
85
110
98
96
106
99
102
113
102
95
105
90
94
103
85
109
103
114
91
107
106
88
103
105
102
104
94
108
104
89
120
92
93
84
101
100
87
104
103
100
111
105
103
120
97
92
110
103
91
84
119
105
103
109
108
100
88
92
104
117
98
107
112
107
95
107
117
98
93
99
99
105
100
85
98
116
99
99
90
101
119
98
109
104
95
115
119
109
94
77
86
103
95
111
110
111
88
105
97
110
125
88
99
102
105
104
95
109
111
101
110
116
102
100
94
93
90
94
109
97
115
92
104
81
105
119
100
77
113
107
86
92
92
115
95
98
94
103
103
99
106
100
93
103
96
110
105
112
101
103
100
101
99
111
117
96
104
125
113
95
86
108
104
112
97
88
117
106
100
108
102
115
101
100
107
101
101
110
93
101
100
92
100
91
95
103
107
95
104
98
103
110
96
104
98
118
115
96
95
120
80
103
96
103
105
105
105
94
102
101
110
99
88
103
98
122
98
92
93
112
113
108
98
91
101
105
81
84
93
78
109
95
105
94
91
102
100
91
94
85
105
85
111
96
107
90
88
104
104
99
94
92
110
87
111
112
89
94
117
106
105
101
98
102
82
98
97
106
81
108
84
114
105
99
83
96
103
93
97
98
89
108
105
88
96
95
85
116
107
90
103
82
93
100
87
95
97
95
86
79
106
86
87
83
87
101
92
99
99
87
104
89
97
106
95
80
100
93
77
81
102
90
82
96
86
102
95
99
82
92
96
92
85
87
77
106
82
75
78
89
92
98
89
98
96
76
84
88
91
90
86
95
86
81
67
89
108
96
87
76
85
87
100
96
80
97
101
102
84
85
100
80
87
91
86
110
76
82
71
78
80
91
75
89
89
80
75
89
78
84
98
97
88
92
81
72
83
90
78
73
87
72
86
79
98
80
97
90
87
77
89
76
89
81
85
81
67
83
89
73
87
75
89
83
96
90
85
71
89
68
78
61
71
77
85
96
86
86
90
81
83
83
92
84
74
104
90
79
88
86
91
97
97
71
76
71
75
96
94
90
87
93
81
106
80
94
81
68
77
76
86
80
75
70
83
89
92
89
91
78
68
89
79
85
83
88
74
73
77
76
78
102
78
63
71
86
97
91
92
67
80
80
74
92
91
96
73
82
80
77
86
76
81
91
85
76
90
80
81
101
69
79
81
83
107
90
87
93
64
95
79
74
85
90
84
84
83
76
80
80
85
78
76
66
83
92
81
77
88
88
70
77
81
68
91
98
87
88
95
87
77
81
79
87
93
75
74
81
62
83
70
79
85
94
80
81
88
95
90
97
95
81
85
80
98
78
87
103
88
85
80
85
81
71
102
81
94
80
70
98
89
78
75
79
89
98
74
80
87
79
87
74
97
84
87
93
95
83
80
87
104
89
79
94
88
79
98
91
90
72
100
77
80
72
82
101
89
96
108
103
94
98
99
92
90
102
82
91
92
87
96
109
85
85
83
85
103
98
91
79
87
96
87
83
97
87
88
90
97
89
102
108
99
83
74
78
91
98
83
91
99
100
82
111
86
81
88
101
99
82
80
98
100
82
86
97
88
99
106
73
85
100
123
103
88
91
79
101
101
103
91
116
91
98
76
90
97
100
85
101
109
96
94
105
113
94
104
87
110
76
96
93
100
94
110
95
91
104
94
103
99
106
94
100
92
98
113
90
88
104
88
106
105
99
79
96
89
108
114
101
112
109
109
95
94
102
90
87
114
96
98
94
82
103
81
97
108
103
93
92
88
107
100
100
100
106
102
96
116
87
105
103
117
98
120
83
106
95
93
92
101
101
112
105
88
88
88
90
83
88
86
88
116
95
107
96
96
85
101
108
116
94
120
101
110
111
86
92
96
106
112
115
88
106
104
92
103
105
97
96
99
108
101
104
100
84
107
101
101
105
101
89
105
98
110
107
115
121
103
103
95
91
91
103
93
111
122
106
100
98
110
87
105
120
111
88
111
92
113
107
97
96
97
107
108
110
106
94
108
95
111
107
109
113
88
89
120
101
115
107
90
104
102
102
101
87
92
97
95
101
106
118
96
108
114
98
102
97
97
98
112
97
89
111
96
113
101
109
108
105
92
99
15
0
0
0
0
0
0
0
0
0
0
0
0
0
0
0
0
0
0
0
0
0
0
0
0
0
0
0
0
0
0
0
0
0
0
0
0
0
0
0
0
0
0
0
0
0
0
0
0
0
0
0
0
0
0
0
0
0
0
0
0
0
0
0
0
0
0
0
0
0
0
0
0
0
0
0
0
0
0
0
0
0
0
0
0
0
0
0
0
0
0
0
0
0
0
0
0
0
0
0
0
0
0
0
0
0
0
0
0
0
0
0
0
0
0
0
0
0
0
0
0
0
0
0
0
0
0
0
0
0
0
0
0
0
0
0
0
0
0
0
0
0
0
0
0
0
0
0
0
0
0
0
0
0
0
0
0
0
0
0
0
0
0
0
0
0
0
0
0
0
0
0
0
0
0
0
0
0
0
0
0
0
0
0
0
0
0
0
0
0
0
0
0
0
0
0
0
0
0
0
0
0
0
0
0
0
0
0
0
0
0
0
0
0
0
0
0
0
0
0
0
0
0
0
0
0
0
0
0
0
0
0
0
0
0
0
0
0
0
0
0
0
0
0
0
0
0
0
0
0
0
0
0
0
0
0
0
0
0
0
0
0
0
0
0
0
0
0
0
0
0
0
0
0
0
0
0
0
0
0
0
0
0
0
0
0
0
0
0
0
0
0
0
0
0
0
0
0
0
0
0
0
0
0
0
0
0
0
0
0
0
0
0
0
0
0
0
0
0
0
0
0
0
0
0
0
0
0
0
0
0
0
0
0
0
0
0
0
0
0
0
0
0
0
0
0
0
0
0
0
0
0
0
0
0
0
0
0
0
0
0
0
0
0
0
0
0
0
0
0
0
0
0
0
0
0
0
0
0
0
0
0
0
0
0
0
0
0
0
0
0
0
0
0
0
0
0
0
0
0
0
0
0
0
0
0
0
0
0
0
0
0
0
0
0
0
0
0
0
0
0
0
0
0
0
0
0
0
0
0
0
0
0
0
0
0
0
0
0
0
0
0
0
0
0
0
0
0
0
0
0
0
0
0
0
0
0
0
0
0
0
0
0
0
0
0
0
0
0
0
0
0
0
0
0
0
0
0
0
0
0
0
0
0
0
0
0
0
0
0
0
0
0
0
0
0
0
0
0
0
0
0
0
0
0
0
0
