# Measurement time [s]: 99.349
# Dwell time [us]: 20
#
# detCounts monCounts f_SF1_Hz f_SF2_Hz
146988 2000000 91700 91700
88
159
193
167
184
168
200
162
162
158
154
186
172
174
169
162
167
144
172
148
157
139
152
165
148
189
161
126
158
161
169
163
163
182
155
172
165
164
180
158
164
166
164
163
163
173
154
156
150
144
176
158
178
143
140
150
149
141
161
156
140
150
163
188
175
157
180
169
135
151
156
150
177
147
137
131
155
174
157
152
172
175
149
161
157
148
145
149
167
147
149
168
146
171
157
134
139
128
165
167
155
150
137
151
152
152
161
165
168
167
150
159
149
147
133
131
153
139
155
157
144
143
156
144
174
156
160
145
123
151
139
144
132
140
141
172
147
139
152
150
143
144
143
154
160
163
148
158
143
128
141
150
144
160
137
148
157
157
143
124
146
152
120
147
146
150
127
152
165
125
146
147
133
129
147
132
118
150
142
172
128
134
129
140
146
131
158
132
146
119
135
131
131
135
141
119
132
141
129
125
130
144
146
128
137
149
136
132
139
124
153
143
133
130
159
158
131
136
150
134
135
140
130
124
130
116
152
142
144
159
132
126
130
141
139
130
121
133
132
154
147
134
141
145
132
128
149
142
119
118
127
136
127
122
136
144
141
118
133
121
129
129
156
138
161
143
124
122
136
145
120
132
149
154
122
141
133
128
142
123
128
133
120
142
129
128
134
135
159
145
122
158
125
151
132
145
141
136
155
140
133
139
154
101
133
169
143
136
146
132
135
155
124
143
150
164
127
163
132
143
138
135
141
133
141
148
142
149
134
145
157
139
127
124
159
135
147
141
160
129
136
133
145
137
154
161
155
151
192
168
130
138
155
152
139
181
167
128
153
158
143
165
163
163
159
148
168
167
154
156
151
157
144
164
160
161
155
144
151
154
143
119
155
160
172
134
152
153
148
161
167
166
136
155
146
142
180
156
178
170
155
151
145
181
170
169
154
153
165
159
150
135
168
167
155
157
156
133
147
161
149
162
144
156
179
137
150
138
160
163
184
161
183
163
168
170
159
162
161
149
154
157
146
175
171
158
193
169
151
152
171
172
163
162
156
175
165
152
154
165
176
181
169
157
154
168
138
172
188
164
161
169
161
152
147
152
156
185
149
153
181
158
164
166
159
160
181
176
188
159
173
166
170
170
156
168
160
165
164
157
143
163
171
153
146
177
175
176
144
171
178
173
158
176
173
165
168
147
149
154
156
179
162
182
194
169
169
165
154
157
156
163
176
152
158
158
187
160
177
169
162
146
170
156
148
167
173
150
166
158
170
158
168
152
166
152
146
172
146
149
176
142
153
153
169
151
159
158
152
148
178
154
172
152
155
163
146
131
154
165
131
162
152
157
148
161
147
155
131
159
151
160
163
141
140
135
149
131
159
138
136
141
158
158
170
164
161
162
153
133
148
153
118
141
146
143
158
136
168
125
149
143
146
164
158
131
159
147
127
187
135
140
131
136
154
144
137
154
130
128
139
135
142
148
151
140
129
152
131
138
134
146
132
138
149
150
148
158
151
150
147
141
139
150
125
131
153
124
132
137
143
132
142
119
141
134
141
139
128
150
149
132
152
128
126
143
139
125
134
132
147
139
150
116
144
153
142
135
131
131
145
140
152
116
133
154
146
127
135
130
160
161
129
142
159
133
135
121
124
135
143
132
174
120
122
141
144
132
149
131
129
141
138
116
120
130
119
137
123
141
151
126
145
141
135
126
129
153
124
124
121
156
138
119
128
126
142
135
149
120
129
146
151
138
132
122
126
137
129
135
143
136
163
130
129
146
159
144
159
137
137
130
132
120
121
147
135
136
146
151
115
116
130
142
148
133
127
144
130
137
139
134
139
149
144
115
144
138
134
131
148
148
132
137
135
151
139
141
132
141
148
149
153
139
161
167
154
147
157
166
140
161
155
137
146
172
142
146
144
138
128
147
138
146
152
167
145
147
172
119
151
144
142
157
127
142
162
148
153
142
160
149
167
156
146
156
155
142
165
149
160
145
144
159
134
170
170
179
169
167
173
166
156
163
159
145
173
149
140
162
140
173
168
156
154
154
154
164
160
174
153
176
137
166
178
140
164
194
153
181
151
165
158
174
184
145
146
170
149
147
153
154
156
159
157
169
168
138
169
182
154
168
144
154
151
192
152
167
156
164
160
162
160
144
154
158
167
185
161
162
169
149
157
171
183
146
154
175
164
160
156
186
150
156
170
168
163
189
178
169
169
145
162
161
163
158
169
178
153
172
128
9
0
0
0
0
0
0
0
0
0
0
0
0
0
0
0
0
0
0
0
0
0
0
0
0
0
0
0
0
0
0
0
0
0
0
0
0
0
0
0
0
0
0
0
0
0
0
0
0
0
0
0
0
0
0
0
0
0
0
0
0
0
0
0
0
0
0
0
0
0
0
0
0
0
0
0
0
0
0
0
0
0
0
0
0
0
0
0
0
0
0
0
0
0
0
0
0
0
0
0
0
0
0
0
0
0
0
0
0
0
0
0
0
0
0
0
0
0
0
0
0
0
0
0
0
0
0
0
0
0
0
0
0
0
0
0
0
0
0
0
0
0
0
0
0
0
0
0
0
0
0
0
0
0
0
0
0
0
0
0
0
0
0
0
0
0
0
0
0
0
0
0
0
0
0
0
0
0
0
0
0
0
0
0
0
0
0
0
0
0
0
0
0
0
0
0
0
0
0
0
0
0
0
0
0
0
0
0
0
0
0
0
0
0
0
0
0
0
0
0
0
0
0
0
0
0
0
0
0
0
0
0
0
0
0
0
0
0
0
0
0
0
0
0
0
0
0
0
0
0
0
0
0
0
0
0
0
0
0
0
0
0
0
0
0
0
0
0
0
0
0
0
0
0
0
0
0
0
0
0
0
0
0
0
0
0
0
0
0
0
0
0
0
0
0
0
0
0
0
0
0
0
0
0
0
0
0
0
0
0
0
0
0
0
0
0
0
0
0
0
0
0
0
0
0
0
0
0
0
0
0
0
0
0
0
0
0
0
0
0
0
0
0
0
0
0
0
0
0
0
0
0
0
0
0
0
0
0
0
0
0
0
0
0
0
0
0
0
0
0
0
0
0
0
0
0
0
0
0
0
0
0
0
0
0
0
0
0
0
0
0
0
0
0
0
0
0
0
0
0
0
0
0
0
0
0
0
0
0
0
0
0
0
0
0
0
0
0
0
0
0
0
0
0
0
0
0
0
0
0
0
0
0
0
0
0
0
0
0
0
0
0
0
0
0
0
0
0
0
0
0
0
0
0
0
0
0
0
0
0
0
0
0
0
0
0
0
0
0
0
0
0
0
0
0
0
0
0
0
0
0
0
0
0
0
0
0
0
0
0
0
0
0
0
0
0
0
0
0
0
0
0
0
0
0
0
0
0
0
0
0
0
0
0
0
0
0
0
0
0
0
0
0
0
0
0
0
0
0
0
0
0
0
0
0
0
0
0
0
0
0
0
0
0
0
0
0
0
0
0
0
0
0
0
0
0
0
0
0
0
0
0
0
0
0
0
0
0
0
0
0
0
0
0
0
0
0
0
0
0
0
0
0
0
0
0
0
0
0
0
0
0
0
0
0
0
0
0
0
0
0
0
0
0
0
0
0
0
0
0
0
0
0
0
0
0
0
0
0
0
0
0
0
0
0
0
0
0
0
0
0
0
0
0
0
0
0
0
0
0
0
0
0
0
0
0
0
0
0
0
0
0
0
0
0
0
0
0
0
0
0
0
0
0
0
0
0
0
0
0
0
0
0
0
0
0
0
0
0
0
0
0
0
0
0
0
0
0
0
0
0
0
0
0
0
0
0
0
0
0
0
0
0
0
0
0
0
0
0
0
0
0
0
0
0
0
0
0
0
0
0
0
0
0
0
0
0
0
0
0
0
0
0
0
0
0
0
0
0
0
0
0
0
0
0
0
0
0
0
0
0
0
0
0
0
0
0
0
0
0
0
0
0
0
0
0
0
0
0
0
0
0
0
0
0
0
0
0
0
0
0
0
0
0
0
0
0
0
0
0
0
0
0
0
0
0
0
0
0
0
0
0
0
0
0
0
0
0
0
0
0
0
0
0
0
0
0
0
0
0
0
0
0
0
0
0
0
0
0
0
0
0
0
0
0
0
0
0
0
0
0
0
0
0
0
0
0
0
0
0
0
0
0
0
0
0
0
0
0
0
0
0
0
0
0
0
0
0
0
0
0
0
0
0
0
0
0
0
0
0
0
0
0
0
0
0
0
0
0
0
0
0
0
0
0
0
0
0
0
0
0
0
0
0
0
0
0
0
0
0
0
0
0
0
0
0
0
0
0
0
0
0
0
0
0
0
0
0
0
0
0
0
0
0
0
0
0
0
0
0
0
0
0
0
0
0
0
0
0
0
0
0
0
0
0
0
0
0
0
0
0
0
0
0
0
0
0
0
0
0
0
0
0
0
0
0
0
0
0
0
0
0
0
0
0
0
0
0
0
0
0
0
0
0
0
0
0
0
0
0
0
0
0
0
0
0
0
0
0
0
0
0
0
0
0
0
0
0
0
