# Measurement time [s]: 109.385
# Dwell time [us]: 20
#
# detCounts monCounts f_SF1_Hz f_SF2_Hz
141897 2000000 91700 91700
64
130
134
123
141
130
125
137
142
126
135
131
152
127
128
138
147
143
139
147
122
151
127
156
124
124
130
134
117
145
123
126
117
118
123
128
122
109
125
125
119
132
113
129
111
127
137
121
121
108
129
130
116
132
130
129
142
124
125
116
110
126
124
123
127
121
111
129
116
121
116
124
139
128
124
138
119
132
129
127
143
123
124
132
110
134
124
125
118
124
115
119
117
141
115
135
112
111
108
129
119
141
134
130
107
120
120
132
101
128
136
132
111
124
142
112
133
103
107
145
113
123
113
110
128
113
120
110
119
117
101
108
115
116
124
112
104
112
91
136
136
105
106
108
117
116
109
130
117
134
95
117
105
110
104
112
136
131
128
119
109
121
109
103
118
115
110
99
102
105
126
103
98
114
109
99
105
102
108
110
96
86
116
88
89
129
116
97
117
89
104
117
121
100
117
114
109
108
121
92
95
118
110
102
107
117
115
113
97
93
96
85
107
102
104
88
99
120
102
109
111
129
105
90
113
104
109
106
99
92
113
103
102
98
108
108
88
98
98
112
103
97
96
111
82
104
104
100
103
112
103
95
104
105
124
97
121
112
98
100
94
109
105
91
115
90
116
97
117
113
104
105
99
91
105
106
107
75
100
109
93
102
117
98
106
111
123
127
111
105
103
104
115
103
107
110
97
107
117
110
106
107
109
120
107
106
102
110
102
116
107
117
89
114
104
99
125
115
112
112
93
96
113
101
100
121
116
101
112
130
92
108
108
104
103
96
100
117
108
97
109
119
119
88
109
118
121
104
117
100
115
108
107
115
117
108
115
107
98
114
128
117
120
89
114
123
95
121
117
114
127
111
132
110
135
128
96
128
88
106
131
117
109
111
116
108
125
111
109
111
107
104
112
114
117
97
97
127
115
125
105
105
123
93
118
112
105
105
116
119
118
96
130
129
101
105
115
120
109
121
109
102
135
118
106
117
118
123
123
133
121
126
137
123
117
120
130
128
109
130
123
105
126
118
132
118
116
112
114
124
139
131
112
125
104
106
131
114
139
134
141
115
111
135
123
125
109
120
127
125
134
107
132
127
144
117
111
119
112
146
107
128
132
129
139
144
126
111
121
134
115
142
128
112
124
124
134
124
152
135
124
124
114
126
122
142
137
147
129
125
107
118
139
131
137
119
112
142
127
129
145
108
121
126
134
132
140
148
125
143
134
140
150
131
140
140
121
119
130
142
116
127
133
126
159
139
130
129
158
139
122
148
150
123
137
148
125
141
129
155
124
150
134
126
152
125
134
119
129
132
112
117
111
124
123
131
121
133
131
126
137
125
147
125
144
134
133
155
134
111
149
129
128
111
129
142
144
136
133
138
120
124
138
143
123
130
140
147
120
115
143
123
118
135
144
129
131
149
122
114
123
135
153
154
129
108
132
124
136
117
137
129
115
102
105
120
140
111
143
119
134
127
125
100
113
128
130
125
127
126
142
122
130
122
130
122
116
119
112
108
136
131
135
127
123
114
124
111
124
126
131
136
146
135
125
123
127
123
124
143
115
120
117
118
133
124
124
124
132
125
97
129
117
108
127
130
112
135
113
113
104
104
111
125
122
132
118
113
118
128
131
121
133
128
120
112
129
123
136
114
111
110
127
113
108
103
124
105
140
119
116
139
113
123
104
146
117
110
108
111
131
111
125
123
113
118
135
118
112
112
123
122
93
105
118
107
101
93
119
123
124
120
97
109
127
120
121
110
117
109
101
97
122
106
112
110
106
116
102
102
119
102
109
106
105
86
114
105
116
100
107
103
120
118
113
117
107
112
90
121
103
104
98
112
103
113
99
88
90
95
101
106
115
105
107
95
102
100
107
102
110
89
104
117
98
124
113
110
120
94
95
121
106
132
96
112
105
89
112
109
111
91
110
107
99
103
107
115
89
115
100
108
114
100
92
106
88
110
117
115
107
96
87
100
104
97
99
88
118
98
92
95
115
102
89
112
112
85
84
105
103
103
97
95
113
116
112
85
119
104
94
112
107
109
98
103
118
95
101
104
138
85
123
125
108
102
115
82
106
102
125
105
104
100
97
115
114
85
113
98
106
96
106
94
118
102
95
102
104
109
106
99
120
90
114
100
94
106
117
118
107
117
86
113
112
127
123
116
113
95
119
108
119
105
117
128
110
99
111
101
127
120
112
113
100
96
110
124
119
112
123
95
114
109
110
97
116
114
110
111
105
114
101
104
109
102
119
102
135
109
109
107
125
115
116
111
117
117
110
123
114
116
115
118
114
124
121
110
123
113
104
114
118
103
111
128
120
121
133
127
129
104
108
123
116
97
114
95
103
137
129
111
133
100
117
121
107
118
114
135
117
147
116
111
130
119
128
100
131
121
116
132
144
122
113
121
113
118
132
109
123
148
123
127
122
134
122
136
132
131
126
123
125
119
152
118
110
130
119
114
127
116
94
125
139
129
137
116
133
134
151
106
114
126
129
146
136
135
120
120
119
145
114
118
117
109
119
124
118
121
109
127
124
119
136
117
116
129
126
116
115
118
124
126
137
118
144
124
143
132
122
137
124
132
116
142
150
127
150
116
128
132
140
124
127
125
150
122
140
119
123
131
132
144
111
111
128
144
131
137
125
127
147
117
136
119
157
134
143
123
131
128
149
121
129
126
137
120
118
127
123
116
142
140
155
140
128
128
147
114
132
117
137
121
110
119
135
127
136
143
132
120
130
125
141
33
0
0
0
0
0
0
0
0
0
0
0
0
0
0
0
0
0
0
0
0
0
0
0
0
0
0
0
0
0
0
0
0
0
0
0
0
0
0
0
0
0
0
0
0
0
0
0
0
0
0
0
0
0
0
0
0
0
0
0
0
0
0
0
0
0
0
0
0
0
0
0
0
0
0
0
0
0
0
0
0
0
0
0
0
0
0
0
0
0
0
0
0
0
0
0
0
0
0
0
0
0
0
0
0
0
0
0
0
0
0
0
0
0
0
0
0
0
0
0
0
0
0
0
0
0
0
0
0
0
0
0
0
0
0
0
0
0
0
0
0
0
0
0
0
0
0
0
0
0
0
0
0
0
0
0
0
0
0
0
0
0
0
0
0
0
0
0
0
0
0
0
0
0
0
0
0
0
0
0
0
0
0
0
0
0
0
0
0
0
0
0
0
0
0
0
0
0
0
0
0
0
0
0
0
0
0
0
0
0
0
0
0
0
0
0
0
0
0
0
0
0
0
0
0
0
0
0
0
0
0
0
0
0
0
0
0
0
0
0
0
0
0
0
0
0
0
0
0
0
0
0
0
0
0
0
0
0
0
0
0
0
0
0
0
0
0
0
0
0
0
0
0
0
0
0
0
0
0
0
0
0
0
0
0
0
0
0
0
0
0
0
0
0
0
0
0
0
0
0
0
0
0
0
0
0
0
0
0
0
0
0
0
0
0
0
0
0
0
0
0
0
0
0
0
0
0
0
0
0
0
0
0
0
0
0
0
0
0
0
0
0
0
0
0
0
0
0
0
0
0
0
0
0
0
0
0
0
0
0
0
0
0
0
0
0
0
0
0
0
0
0
0
0
0
0
0
0
0
0
0
0
0
0
0
0
0
0
0
0
0
0
0
0
0
0
0
0
0
0
0
0
0
0
0
0
0
0
0
0
0
0
0
0
0
0
0
0
0
0
0
0
0
0
0
0
0
0
0
0
0
0
0
0
0
0
0
0
0
0
0
0
0
0
0
0
0
0
0
0
0
0
0
0
0
0
0
0
0
0
0
0
0
0
0
0
0
0
0
0
0
0
0
0
0
0
0
0
0
0
0
0
0
0
0
0
0
0
0
0
0
0
0
0
0
0
0
0
0
0
0
0
0
0
0
0
0
0
0
0
0
0
0
0
0
0
0
0
0
0
0
0
0
0
0
0
0
0
0
0
0
0
0
0
0
0
0
0
0
0
0
0
0
0
0
0
0
0
0
0
0
0
0
0
0
0
0
0
0
0
0
0
0
0
0
0
0
0
0
0
0
0
0
0
0
0
0
0
0
0
0
0
0
0
0
0
0
0
0
0
0
0
0
0
0
0
0
0
0
0
0
0
0
0
0
0
0
0
0
0
0
0
0
0
0
0
0
0
0
0
0
0
0
0
0
0
0
0
0
0
0
0
0
0
0
0
0
0
0
0
0
0
0
0
0
0
0
0
0
0
0
0
0
0
0
0
0
0
0
0
0
0
0
0
0
0
0
0
0
0
0
0
0
0
0
0
0
0
0
0
0
0
0
0
0
0
0
0
0
0
0
0
0
0
0
0
0
0
0
0
0
0
0
0
0
0
0
0
0
0
0
0
0
0
0
0
0
0
0
0
0
0
0
0
0
0
0
0
0
0
0
0
0
0
0
0
0
0
0
0
0
0
0
0
0
0
0
0
0
0
0
0
0
0
0
0
0
0
0
0
0
0
0
0
0
0
0
0
0
0
0
0
0
0
0
0
0
0
0
0
0
0
0
0
0
0
0
0
0
0
0
0
0
0
0
