# Measurement time [s]: 109.387
# Dwell time [us]: 20
#
# detCounts monCounts f_SF1_Hz f_SF2_Hz
138361 2000000 91700 91700
79
132
142
156
146
131
154
133
137
154
135
140
132
136
152
121
152
146
140
133
144
135
129
124
140
138
125
127
136
129
146
148
142
161
162
146
143
130
129
144
164
135
123
128
114
150
144
119
126
130
142
136
118
157
132
132
126
122
135
147
125
121
114
118
127
123
120
129
143
117
125
131
148
130
118
131
142
112
124
118
141
131
126
128
121
116
130
123
116
129
123
146
130
133
130
111
134
131
135
143
132
118
111
125
144
105
122
112
124
120
129
136
134
136
139
144
133
114
109
86
133
114
133
142
123
113
140
133
113
131
142
138
100
122
131
121
134
128
129
108
115
125
111
120
123
117
130
114
114
117
108
132
109
119
120
138
98
125
107
109
115
136
76
124
133
128
118
129
101
93
122
115
115
96
102
105
115
123
114
128
121
107
102
122
125
136
100
125
121
98
111
121
96
90
108
123
116
132
128
106
115
100
114
111
94
123
115
126
104
111
123
107
128
119
109
93
116
102
100
105
122
112
106
112
99
98
91
121
105
106
127
122
114
107
119
114
125
113
126
89
123
117
110
105
118
114
106
94
115
117
131
99
120
98
114
114
118
112
126
106
98
102
120
103
135
119
109
105
119
122
117
111
109
102
118
111
105
121
106
98
102
99
87
108
106
137
130
107
103
112
105
112
127
123
106
98
111
101
104
102
126
121
110
118
111
125
108
129
108
119
110
110
121
107
118
101
98
90
108
109
124
120
125
131
132
128
116
122
117
115
113
112
130
87
122
114
114
112
120
120
114
103
109
126
111
125
112
122
125
123
117
119
115
107
121
121
120
96
132
104
136
118
122
106
129
127
116
124
148
127
111
105
114
130
129
128
116
119
120
115
120
122
136
105
109
102
126
119
121
106
124
138
139
141
113
114
134
112
110
129
128
129
139
136
104
129
122
117
119
124
121
158
139
116
146
112
116
140
133
116
128
141
110
126
138
133
124
123
145
116
111
127
125
142
127
132
136
156
131
146
140
120
110
133
164
139
117
146
117
130
148
116
131
122
102
124
132
141
158
123
147
125
144
134
149
140
132
147
148
142
146
140
138
140
150
119
137
147
165
126
159
117
137
125
142
138
136
157
152
150
150
133
149
123
129
130
132
131
137
130
132
140
125
123
159
120
129
145
140
142
103
140
147
132
136
126
151
151
114
146
145
147
136
154
148
132
142
144
128
148
152
143
143
137
153
162
131
134
145
145
141
140
124
121
132
132
143
133
113
128
164
111
142
146
128
141
116
141
119
167
130
131
147
134
142
125
129
134
134
137
147
141
132
153
98
151
161
140
154
143
141
136
147
132
138
126
125
150
131
130
149
124
138
145
128
139
152
139
140
137
128
129
138
139
131
130
136
139
136
126
142
155
145
143
139
124
131
129
136
134
134
137
135
124
121
144
132
138
145
133
135
122
119
138
125
123
114
111
138
145
137
143
122
112
164
129
154
121
131
118
113
137
109
131
132
131
119
124
132
124
125
128
129
124
125
106
139
114
134
115
123
162
143
134
114
99
108
109
113
125
127
123
125
118
111
122
129
122
124
120
127
98
111
123
109
125
111
108
103
118
114
113
117
99
115
137
110
100
125
143
102
107
118
130
113
122
129
120
118
111
127
124
111
118
131
115
118
129
119
130
140
130
101
104
119
118
108
103
126
109
130
112
107
109
122
122
131
113
111
85
117
108
112
111
95
113
113
127
107
107
90
97
125
127
106
109
117
94
99
119
116
120
114
99
109
92
109
136
99
115
97
107
109
101
116
116
79
112
100
117
102
112
114
106
116
129
106
119
116
108
116
111
108
113
101
138
122
121
95
106
126
109
111
102
128
106
109
124
109
114
113
119
109
123
113
132
108
95
126
115
128
132
114
113
127
104
115
97
97
108
125
105
108
95
107
126
107
108
119
107
94
117
108
114
120
114
109
103
120
124
102
118
94
115
117
106
103
118
111
108
101
108
106
100
107
112
108
124
115
86
99
107
111
108
122
107
124
124
112
118
120
124
116
107
110
103
117
120
115
116
128
132
140
114
116
114
109
133
133
113
119
116
125
134
97
116
114
114
122
114
128
104
158
133
111
115
123
101
139
124
133
111
139
117
122
111
135
125
118
116
128
119
117
112
111
122
116
133
109
112
116
128
125
133
151
142
103
129
129
120
113
133
114
139
137
134
133
101
143
140
130
131
139
125
96
136
151
134
143
121
140
115
124
134
145
125
112
144
144
130
118
133
128
127
145
138
118
121
126
116
166
128
128
137
142
129
131
123
121
123
138
150
132
140
137
142
119
142
132
97
126
149
133
139
142
143
134
134
118
141
134
123
125
151
125
136
140
121
141
156
131
130
139
132
126
120
138
166
157
154
125
120
165
148
133
155
152
142
139
135
115
121
134
154
128
155
151
133
138
139
141
145
128
132
139
144
141
139
145
144
169
138
117
146
132
140
136
132
150
132
142
144
145
149
131
145
139
107
143
147
151
130
132
124
148
133
145
115
133
149
143
81
0
0
0
0
0
0
0
0
0
0
0
0
0
0
0
0
0
0
0
0
0
0
0
0
0
0
0
0
0
0
0
0
0
0
0
0
0
0
0
0
0
0
0
0
0
0
0
0
0
0
0
0
0
0
0
0
0
0
0
0
0
0
0
0
0
0
0
0
0
0
0
0
0
0
0
0
0
0
0
0
0
0
0
0
0
0
0
0
0
0
0
0
0
0
0
0
0
0
0
0
0
0
0
0
0
0
0
0
0
0
0
0
0
0
0
0
0
0
0
0
0
0
0
0
0
0
0
0
0
0
0
0
0
0
0
0
0
0
0
0
0
0
0
0
0
0
0
0
0
0
0
0
0
0
0
0
0
0
0
0
0
0
0
0
0
0
0
0
0
0
0
0
0
0
0
0
0
0
0
0
0
0
0
0
0
0
0
0
0
0
0
0
0
0
0
0
0
0
0
0
0
0
0
0
0
0
0
0
0
0
0
0
0
0
0
0
0
0
0
0
0
0
0
0
0
0
0
0
0
0
0
0
0
0
0
0
0
0
0
0
0
0
0
0
0
0
0
0
0
0
0
0
0
0
0
0
0
0
0
0
0
0
0
0
0
0
0
0
0
0
0
0
0
0
0
0
0
0
0
0
0
0
0
0
0
0
0
0
0
0
0
0
0
0
0
0
0
0
0
0
0
0
0
0
0
0
0
0
0
0
0
0
0
0
0
0
0
0
0
0
0
0
0
0
0
0
0
0
0
0
0
0
0
0
0
0
0
0
0
0
0
0
0
0
0
0
0
0
0
0
0
0
0
0
0
0
0
0
0
0
0
0
0
0
0
0
0
0
0
0
0
0
0
0
0
0
0
0
0
0
0
0
0
0
0
0
0
0
0
0
0
0
0
0
0
0
0
0
0
0
0
0
0
0
0
0
0
0
0
0
0
0
0
0
0
0
0
0
0
0
0
0
0
0
0
0
0
0
0
0
0
0
0
0
0
0
0
0
0
0
0
0
0
0
0
0
0
0
0
0
0
0
0
0
0
0
0
0
0
0
0
0
0
0
0
0
0
0
0
0
0
0
0
0
0
0
0
0
0
0
0
0
0
0
0
0
0
0
0
0
0
0
0
0
0
0
0
0
0
0
0
0
0
0
0
0
0
0
0
0
0
0
0
0
0
0
0
0
0
0
0
0
0
0
0
0
0
0
0
0
0
0
0
0
0
0
0
0
0
0
0
0
0
0
0
0
0
0
0
0
0
0
0
0
0
0
0
0
0
0
0
0
0
0
0
0
0
0
0
0
0
0
0
0
0
0
0
0
0
0
0
0
0
0
0
0
0
0
0
0
0
0
0
0
0
0
0
0
0
0
0
0
0
0
0
0
0
0
0
0
0
0
0
0
0
0
0
0
0
0
0
0
0
0
0
0
0
0
0
0
0
0
0
0
0
0
0
0
0
0
0
0
0
0
0
0
0
0
0
0
0
0
0
0
0
0
0
0
0
0
0
0
0
0
0
0
0
0
0
0
0
0
0
0
0
0
0
0
0
0
0
0
0
0
0
0
0
0
0
0
0
0
0
0
0
0
0
0
0
0
0
0
0
0
0
0
0
0
0
0
0
0
0
0
0
0
0
0
0
0
0
0
0
0
0
0
0
0
0
0
0
0
0
0
0
0
0
0
0
0
0
0
0
0
0
0
0
0
0
0
0
0
0
0
0
0
0
0
0
0
0
0
0
0
0
0
0
0
0
0
0
0
0
0
0
0
0
0
0
0
0
0
0
0
0
0
0
0
0
0
0
0
0
0
0
0
0
0
0
0
0
0
0
0
0
0
0
0
0
0
0
0
0
0
0
0
0
0
0
0
0
0
0
0
0
0
0
0
0
0
0
0
0
0
0
0
0
0
0
0
0
0
0
0
0
0
0
0
0
0
0
0
0
0
0
0
0
0
0
0
0
0
0
0
0
0
0
0
0
0
0
0
0
0
0
0
0
0
0
0
0
0
0
0
0
0
0
0
