# Measurement time [s]: 99.349
# Dwell time [us]: 20
#
# detCounts monCounts f_SF1_Hz f_SF2_Hz
147342 2000000 91700 91700
71
150
157
151
146
161
159
142
156
149
156
154
156
122
136
145
131
152
156
182
142
158
190
151
146
167
150
158
139
148
153
166
154
146
152
145
151
152
147
165
137
151
162
145
149
164
151
180
158
163
131
152
158
149
140
129
146
147
153
130
134
159
135
135
134
152
136
155
147
135
144
149
153
150
136
145
150
153
162
160
124
147
164
141
151
134
128
129
142
139
147
141
150
147
140
141
157
127
125
144
142
150
145
137
141
155
131
157
127
152
145
137
127
147
133
143
126
164
145
120
145
137
147
143
117
117
161
121
123
128
134
142
163
155
135
119
128
141
140
129
143
147
139
127
122
113
119
132
152
130
154
129
137
127
118
135
141
128
139
159
126
132
108
135
121
125
135
130
130
127
120
118
111
150
145
151
136
122
136
151
104
131
108
126
126
138
139
133
141
129
140
118
126
135
130
120
122
123
106
121
159
114
116
113
133
120
113
112
121
125
127
135
143
118
117
132
110
129
128
119
118
123
146
119
116
123
128
132
126
124
129
130
109
129
111
114
127
119
137
128
111
122
124
129
141
135
132
139
133
132
111
109
152
117
124
107
139
131
141
123
110
130
135
135
122
139
124
131
136
122
134
115
109
123
128
114
128
135
128
110
113
122
132
113
151
108
102
142
134
141
130
139
131
137
116
124
134
125
142
125
116
115
123
142
126
126
145
128
111
119
139
105
129
134
106
129
116
130
138
133
116
108
133
135
129
123
132
141
111
116
144
130
127
142
120
129
115
130
110
119
148
135
140
119
118
115
132
156
126
134
101
119
131
127
128
133
108
142
130
142
144
124
160
132
153
139
121
130
120
145
140
149
129
148
120
153
145
138
139
131
132
144
142
137
143
153
145
131
147
137
148
136
122
147
124
149
142
161
153
138
138
146
131
130
151
138
164
153
144
128
130
126
178
142
146
148
136
148
137
156
143
134
136
141
122
144
165
142
157
145
143
160
132
145
151
157
151
144
143
166
154
154
146
133
156
147
167
154
159
151
154
163
127
137
126
152
143
137
153
147
151
140
155
140
155
148
144
166
157
147
153
160
153
131
151
169
166
130
153
168
154
158
144
159
152
131
132
141
135
149
149
138
173
159
158
152
152
167
161
171
163
163
151
166
173
151
119
142
158
138
153
152
156
153
150
157
158
152
156
172
163
151
162
128
153
150
159
140
174
149
147
169
136
127
147
169
142
140
136
133
157
173
141
150
138
165
160
133
145
152
147
142
145
148
170
146
165
142
129
131
146
144
147
161
181
141
157
134
128
136
162
144
138
160
148
136
161
167
162
148
133
140
146
138
139
133
135
145
148
158
169
146
147
164
147
152
130
152
143
127
153
139
138
167
146
127
138
141
141
142
134
144
116
152
134
141
147
124
140
136
148
156
133
123
179
159
137
150
142
140
142
142
153
134
138
144
134
160
152
144
175
125
143
159
138
145
127
146
132
139
141
136
138
155
138
128
123
130
131
133
131
141
137
145
135
127
133
118
150
157
143
149
137
163
107
153
133
142
158
115
120
114
131
138
148
145
148
128
121
155
137
125
119
140
133
152
141
142
134
132
116
117
133
119
130
124
97
137
141
125
128
146
129
108
143
147
131
127
121
124
137
142
113
135
142
137
123
136
124
128
120
136
124
115
140
131
148
125
116
110
119
129
134
129
124
135
138
110
142
117
122
126
115
113
126
106
133
117
129
133
126
121
121
116
118
146
124
114
135
137
115
108
111
131
105
124
105
135
124
132
113
119
123
124
123
111
109
104
122
121
109
126
115
133
139
127
133
123
113
135
137
132
126
111
126
118
118
118
123
100
133
127
122
137
135
110
120
132
141
136
118
94
134
114
137
130
134
129
116
140
123
133
131
119
109
131
139
127
126
119
116
129
121
116
125
123
121
134
134
113
136
138
125
114
141
125
141
114
124
111
124
149
120
124
114
128
120
119
146
134
129
113
118
116
128
147
120
125
133
134
139
129
154
131
157
119
134
145
141
131
139
137
138
146
134
145
122
168
121
120
150
148
147
147
134
136
129
137
146
117
151
120
142
132
139
129
151
139
145
160
149
133
137
138
139
133
152
138
141
156
147
133
144
149
142
144
133
163
132
137
131
143
146
138
130
127
156
149
143
139
177
154
152
130
147
157
129
149
121
141
133
164
125
137
155
133
148
167
123
137
150
136
145
138
149
149
147
148
158
140
154
164
126
150
169
150
149
142
148
149
161
154
138
149
143
159
174
143
162
165
161
170
158
155
177
158
148
160
158
167
161
150
146
142
140
151
160
144
146
163
169
135
155
148
161
155
159
151
173
163
154
145
142
176
175
157
155
177
150
138
151
141
154
151
147
142
150
154
158
151
145
163
166
149
164
163
150
152
173
172
161
140
177
132
42
0
0
0
0
0
0
0
0
0
0
0
0
0
0
0
0
0
0
0
0
0
0
0
0
0
0
0
0
0
0
0
0
0
0
0
0
0
0
0
0
0
0
0
0
0
0
0
0
0
0
0
0
0
0
0
0
0
0
0
0
0
0
0
0
0
0
0
0
0
0
0
0
0
0
0
0
0
0
0
0
0
0
0
0
0
0
0
0
0
0
0
0
0
0
0
0
0
0
0
0
0
0
0
0
0
0
0
0
0
0
0
0
0
0
0
0
0
0
0
0
0
0
0
0
0
0
0
0
0
0
0
0
0
0
0
0
0
0
0
0
0
0
0
0
0
0
0
0
0
0
0
0
0
0
0
0
0
0
0
0
0
0
0
0
0
0
0
0
0
0
0
0
0
0
0
0
0
0
0
0
0
0
0
0
0
0
0
0
0
0
0
0
0
0
0
0
0
0
0
0
0
0
0
0
0
0
0
0
0
0
0
0
0
0
0
0
0
0
0
0
0
0
0
0
0
0
0
0
0
0
0
0
0
0
0
0
0
0
0
0
0
0
0
0
0
0
0
0
0
0
0
0
0
0
0
0
0
0
0
0
0
0
0
0
0
0
0
0
0
0
0
0
0
0
0
0
0
0
0
0
0
0
0
0
0
0
0
0
0
0
0
0
0
0
0
0
0
0
0
0
0
0
0
0
0
0
0
0
0
0
0
0
0
0
0
0
0
0
0
0
0
0
0
0
0
0
0
0
0
0
0
0
0
0
0
0
0
0
0
0
0
0
0
0
0
0
0
0
0
0
0
0
0
0
0
0
0
0
0
0
0
0
0
0
0
0
0
0
0
0
0
0
0
0
0
0
0
0
0
0
0
0
0
0
0
0
0
0
0
0
0
0
0
0
0
0
0
0
0
0
0
0
0
0
0
0
0
0
0
0
0
0
0
0
0
0
0
0
0
0
0
0
0
0
0
0
0
0
0
0
0
0
0
0
0
0
0
0
0
0
0
0
0
0
0
0
0
0
0
0
0
0
0
0
0
0
0
0
0
0
0
0
0
0
0
0
0
0
0
0
0
0
0
0
0
0
0
0
0
0
0
0
0
0
0
0
0
0
0
0
0
0
0
0
0
0
0
0
0
0
0
0
0
0
0
0
0
0
0
0
0
0
0
0
0
0
0
0
0
0
0
0
0
0
0
0
0
0
0
0
0
0
0
0
0
0
0
0
0
0
0
0
0
0
0
0
0
0
0
0
0
0
0
0
0
0
0
0
0
0
0
0
0
0
0
0
0
0
0
0
0
0
0
0
0
0
0
0
0
0
0
0
0
0
0
0
0
0
0
0
0
0
0
0
0
0
0
0
0
0
0
0
0
0
0
0
0
0
0
0
0
0
0
0
0
0
0
0
0
0
0
0
0
0
0
0
0
0
0
0
0
0
0
0
0
0
0
0
0
0
0
0
0
0
0
0
0
0
0
0
0
0
0
0
0
0
0
0
0
0
0
0
0
0
0
0
0
0
0
0
0
0
0
0
0
0
0
0
0
0
0
0
0
0
0
0
0
0
0
0
0
0
0
0
0
0
0
0
0
0
0
0
0
0
0
0
0
0
0
0
0
0
0
0
0
0
0
0
0
0
0
0
0
0
0
0
0
0
0
0
0
0
0
0
0
0
0
0
0
0
0
0
0
0
0
0
0
0
0
0
0
0
0
0
0
0
0
0
0
0
0
0
0
0
0
0
0
0
0
0
0
0
0
0
0
0
0
0
0
0
0
0
0
0
0
0
0
0
0
0
0
0
0
0
0
0
0
0
0
0
0
0
0
0
0
0
0
0
0
0
0
0
0
0
0
0
0
0
0
0
0
0
0
0
0
0
0
0
0
0
0
0
0
0
0
0
0
0
0
0
0
0
0
0
0
0
0
0
0
0
0
0
0
0
0
0
0
0
0
0
0
0
0
0
0
0
0
0
0
0
0
0
0
0
0
0
0
0
0
0
0
0
0
0
0
0
0
0
0
0
0
0
0
0
0
0
0
0
0
0
0
0
0
0
0
0
0
0
0
0
0
0
0
0
0
0
0
0
0
0
0
0
0
0
0
0
0
0
0
0
0
0
0
0
0
