# Measurement time [s]: 109.386
# Dwell time [us]: 20
#
# detCounts monCounts f_SF1_Hz f_SF2_Hz
148365 2000000 91700 91700
69
131
136
136
122
117
138
134
122
98
107
112
119
111
136
155
137
128
111
117
117
144
120
125
114
118
106
106
115
114
99
101
116
118
136
111
112
112
111
115
107
131
124
118
116
116
119
139
123
113
101
119
112
125
97
104
133
122
131
125
115
133
132
130
95
117
119
126
111
116
107
118
114
109
94
143
115
124
115
115
107
119
121
112
125
117
131
131
125
102
107
115
107
124
105
123
117
113
110
115
138
105
134
112
117
103
102
133
108
90
108
118
104
108
109
108
110
117
122
110
104
105
103
115
106
124
106
116
110
96
111
127
121
106
133
103
105
112
120
115
109
114
108
117
117
121
111
113
94
108
111
107
98
118
108
110
101
137
115
101
107
108
112
119
95
98
121
106
106
106
105
119
113
131
105
104
93
93
108
103
100
112
116
127
109
115
121
108
100
131
111
89
89
103
100
99
104
82
118
104
99
102
110
95
110
120
96
107
97
99
96
98
97
120
97
107
97
93
82
92
116
96
117
105
91
99
111
102
101
127
122
95
96
108
112
102
106
115
117
114
107
82
88
109
107
86
109
98
99
86
119
106
107
97
91
93
101
108
108
93
109
125
113
105
104
111
98
81
98
98
116
109
114
110
104
108
114
83
107
92
101
99
104
113
101
111
103
102
110
97
103
102
95
99
86
91
103
104
86
103
85
117
96
96
128
105
99
99
97
104
108
112
102
95
89
100
125
91
102
109
109
93
94
109
98
98
92
88
91
90
86
96
99
97
114
100
89
92
96
117
110
96
106
114
107
105
108
108
108
116
92
112
108
125
97
108
108
117
95
100
105
103
120
97
106
96
91
114
116
103
107
105
116
94
97
109
102
98
111
96
129
103
90
109
93
94
110
101
111
114
112
113
116
98
118
111
103
101
126
99
98
100
107
100
98
90
114
105
134
104
102
106
115
112
130
106
100
110
89
117
107
99
96
120
95
114
112
109
108
142
110
111
128
110
102
115
130
108
102
104
119
106
117
112
141
122
103
123
126
93
101
119
113
121
112
99
121
115
117
112
115
110
113
110
122
105
120
108
118
110
114
102
119
103
132
119
122
95
102
109
114
115
133
99
95
128
138
112
118
137
102
108
109
129
131
124
114
126
107
136
124
107
128
123
111
113
108
112
119
114
112
118
122
114
128
131
134
120
134
122
111
113
121
114
119
114
130
107
108
125
118
127
125
132
126
126
113
109
127
113
114
145
110
112
111
133
125
101
137
152
113
129
111
131
148
114
128
123
104
110
137
147
146
122
118
119
123
136
136
130
123
102
103
134
131
110
141
126
122
135
135
130
122
130
123
109
140
127
141
120
117
125
112
118
123
118
108
130
133
115
125
143
126
118
123
136
123
138
110
122
125
127
131
121
121
131
126
117
145
133
122
118
127
115
141
154
133
118
110
129
113
136
110
128
118
129
126
122
123
131
119
121
147
119
132
112
119
134
114
95
108
135
126
130
125
105
115
123
125
114
116
125
132
113
127
123
123
121
124
130
115
122
128
122
116
115
125
130
124
115
122
117
140
128
110
151
100
113
122
120
138
118
118
119
126
113
129
122
108
133
130
133
111
129
121
126
125
122
119
109
116
113
120
131
112
122
116
125
125
106
130
99
113
114
119
118
132
135
129
124
121
127
123
125
110
114
104
124
124
105
122
100
101
109
111
131
113
122
102
104
125
123
107
101
127
126
100
118
131
104
100
112
111
122
123
100
115
117
116
117
113
108
122
115
126
123
125
146
121
107
113
122
98
109
108
91
121
101
112
112
101
107
104
98
109
112
104
108
109
114
126
124
119
107
98
106
95
107
128
104
133
110
112
99
115
125
121
90
94
115
112
110
132
108
126
109
106
108
100
107
92
95
102
109
115
113
108
111
107
114
109
112
108
115
117
118
95
98
107
97
124
103
103
114
87
99
89
107
94
105
99
100
93
90
112
101
105
98
100
109
109
112
113
98
104
103
118
94
99
112
110
91
89
91
103
108
88
102
118
88
113
112
106
100
98
115
112
103
103
100
85
120
102
82
110
97
92
93
99
88
124
96
103
92
114
92
91
101
78
82
113
91
110
112
103
103
106
95
94
100
107
109
101
102
94
102
108
96
86
91
89
89
95
107
99
97
97
95
88
103
94
107
106
114
108
90
101
109
106
100
107
99
105
84
109
104
86
105
112
95
97
91
95
96
97
113
104
89
97
107
98
113
106
96
93
105
109
117
111
101
111
117
115
115
109
94
119
104
117
102
94
119
100
104
100
114
118
97
110
90
106
106
95
125
102
122
131
85
105
111
99
98
107
116
119
116
101
107
91
106
106
106
107
113
93
117
115
101
110
113
109
103
99
81
94
100
99
96
104
77
122
111
94
113
108
119
118
112
117
85
139
119
121
103
109
95
105
115
111
117
123
112
118
111
116
96
131
104
116
113
102
112
102
125
91
102
116
108
120
115
111
103
122
122
123
127
99
105
101
126
90
97
114
128
115
119
115
106
109
108
118
103
121
123
114
108
127
130
122
91
122
101
105
92
113
116
129
112
109
114
107
116
104
113
122
109
128
127
109
101
132
111
105
121
123
113
125
122
106
107
113
98
107
121
123
116
124
133
112
118
121
101
110
112
123
87
109
115
133
108
106
118
118
127
124
141
107
122
150
125
144
120
124
137
118
128
128
130
111
115
125
128
113
117
132
125
134
123
133
126
113
130
120
113
103
106
127
121
86
119
115
149
109
132
118
110
115
129
134
128
138
128
123
124
142
110
118
115
138
117
132
123
114
151
122
135
127
111
123
109
109
108
119
107
101
117
120
121
108
137
129
114
115
121
128
128
138
142
123
129
112
130
120
124
139
120
128
124
121
136
120
118
110
127
116
131
122
109
108
105
128
139
121
119
121
117
136
130
111
136
126
122
129
127
110
133
128
128
96
126
112
128
110
134
133
121
133
122
107
121
120
123
117
141
129
121
27
0
0
0
0
0
0
0
0
0
0
0
0
0
0
0
0
0
0
0
0
0
0
0
0
0
0
0
0
0
0
0
0
0
0
0
0
0
0
0
0
0
0
0
0
0
0
0
0
0
0
0
0
0
0
0
0
0
0
0
0
0
0
0
0
0
0
0
0
0
0
0
0
0
0
0
0
0
0
0
0
0
0
0
0
0
0
0
0
0
0
0
0
0
0
0
0
0
0
0
0
0
0
0
0
0
0
0
0
0
0
0
0
0
0
0
0
0
0
0
0
0
0
0
0
0
0
0
0
0
0
0
0
0
0
0
0
0
0
0
0
0
0
0
0
0
0
0
0
0
0
0
0
0
0
0
0
0
0
0
0
0
0
0
0
0
0
0
0
0
0
0
0
0
0
0
0
0
0
0
0
0
0
0
0
0
0
0
0
0
0
0
0
0
0
0
0
0
0
0
0
0
0
0
0
0
0
0
0
0
0
0
0
0
0
0
0
0
0
0
0
0
0
0
0
0
0
0
0
0
0
0
0
0
0
0
0
0
0
0
0
0
0
0
0
0
0
0
0
0
0
0
0
0
0
0
0
0
0
0
0
0
0
0
0
0
0
0
0
0
0
0
0
0
0
0
0
0
0
0
0
0
0
0
0
0
0
0
0
0
0
0
0
0
0
0
0
0
0
0
0
0
0
0
0
0
0
0
0
0
0
0
0
0
0
0
0
0
0
0
0
0
0
0
0
0
0
0
0
0
0
0
0
0
0
0
0
0
0
0
0
0
0
0
0
0
0
0
0
0
0
0
0
0
0
0
0
0
0
0
0
0
0
0
0
0
0
0
0
0
0
0
0
0
0
0
0
0
0
0
0
0
0
0
0
0
0
0
0
0
0
0
0
0
0
0
0
0
0
0
0
0
0
0
0
0
0
0
0
0
0
0
0
0
0
0
0
0
0
0
0
0
0
0
0
0
0
0
0
0
0
0
0
0
0
0
0
0
0
0
0
0
0
0
0
0
0
0
0
0
0
0
0
0
0
0
0
0
0
0
0
0
0
0
0
0
0
0
0
0
0
0
0
0
0
0
0
0
0
0
0
0
0
0
0
0
0
0
0
0
0
0
0
0
0
0
0
0
0
0
0
0
0
0
0
0
0
0
0
0
0
0
0
0
0
0
0
0
0
0
0
0
0
0
0
0
0
0
0
0
0
0
0
0
0
0
0
0
0
0
0
0
0
0
0
0
0
0
0
0
0
0
0
0
0
0
0
0
0
0
0
0
0
0
0
0
0
0
0
0
0
0
0
0
0
0
0
0
0
0
0
0
0
0
0
0
0
0
0
0
0
0
0
0
0
0
0
0
0
0
0
0
0
0
0
0
0
0
0
0
0
0
0
0
0
0
0
0
0
0
0
0
0
0
0
0
0
0
0
0
0
0
0
0
0
0
0
0
0
0
0
0
0
0
0
0
0
0
0
0
0
0
0
0
0
0
0
0
0
0
0
0
0
0
0
0
0
0
0
0
0
0
0
0
0
0
0
0
0
0
0
0
0
0
