# Measurement time [s]: 99.349
# Dwell time [us]: 20
#
# detCounts monCounts f_SF1_Hz f_SF2_Hz
141634 2000000 91700 91700
90
172
184
156
185
190
164
182
163
178
180
179
188
171
173
175
177
191
154
201
174
174
169
166
187
179
179
178
179
198
178
176
190
186
168
177
194
162
176
184
193
180
178
174
168
162
181
199
193
161
191
159
170
185
166
185
165
189
181
158
182
180
174
153
162
172
147
176
178
179
198
169
171
163
167
176
157
144
172
156
191
183
159
164
154
172
182
160
178
174
190
177
211
163
177
161
189
202
165
157
159
168
180
173
182
175
173
168
165
183
152
178
156
167
142
172
165
176
161
151
153
161
147
166
154
166
163
161
161
173
172
162
165
152
147
168
173
184
143
150
165
156
161
161
151
150
161
141
149
163
159
177
163
178
134
149
148
153
143
146
161
162
155
145
157
126
154
160
145
146
152
144
141
144
154
147
123
126
138
134
138
123
154
141
153
135
146
127
149
149
139
154
155
135
149
131
161
130
161
168
151
145
157
153
152
125
141
157
168
158
142
166
159
143
140
151
152
138
137
134
148
134
137
143
158
148
130
153
141
129
122
130
173
124
160
137
170
164
166
144
145
164
142
142
147
183
148
160
146
152
147
127
124
135
164
146
170
130
157
139
139
134
133
142
136
139
145
149
145
127
125
136
182
163
153
152
132
129
156
138
167
173
156
143
163
159
150
167
180
142
143
167
181
194
133
161
149
170
157
144
155
149
152
162
175
146
162
146
155
136
141
133
177
163
179
156
177
151
161
176
137
185
158
162
142
168
156
147
160
157
136
168
159
206
154
157
187
171
164
168
187
128
189
169
147
155
166
189
169
173
165
207
168
178
158
171
161
155
172
169
192
171
148
182
169
163
165
176
180
197
150
179
189
168
163
181
211
188
162
160
165
176
143
159
165
157
164
192
175
179
197
192
172
183
175
196
150
140
191
178
188
185
198
168
162
179
169
178
171
190
167
164
178
186
187
160
185
195
181
171
175
180
185
160
175
166
193
190
212
175
180
183
164
198
169
171
207
173
195
177
155
156
169
183
189
196
168
165
176
195
176
169
205
200
169
179
192
191
171
176
177
163
170
163
169
179
186
166
169
213
200
167
162
167
179
168
175
170
173
193
169
191
190
198
177
171
180
197
178
185
168
201
189
139
199
175
150
176
189
183
161
155
133
160
177
177
156
192
184
175
183
183
175
198
154
189
188
196
171
178
175
142
185
186
157
163
167
175
186
194
165
167
161
144
145
153
158
177
207
188
171
154
207
155
179
151
178
169
179
168
140
152
145
165
161
165
162
167
145
169
165
171
159
142
156
151
167
146
165
156
162
151
174
144
141
169
179
178
159
171
163
140
138
173
167
167
158
160
136
160
159
148
157
158
140
141
133
154
132
174
149
153
148
156
153
168
139
124
128
141
167
145
144
128
157
148
152
163
147
137
132
148
139
163
150
146
152
165
150
149
155
117
136
144
151
133
140
154
136
153
137
129
150
144
138
160
148
161
161
157
135
141
131
139
159
136
142
138
149
137
157
131
137
137
138
125
149
143
150
153
140
143
139
142
126
149
135
146
141
134
152
139
151
166
162
125
150
148
154
157
144
128
148
139
153
153
164
137
155
126
157
149
143
126
158
150
141
153
133
146
145
130
139
126
133
151
159
173
128
130
150
157
141
146
164
158
156
156
157
145
154
146
142
155
145
147
150
179
157
146
139
147
160
146
151
166
159
152
156
146
159
142
177
183
166
165
186
144
175
171
148
174
184
167
177
152
168
175
157
179
163
169
161
148
172
147
183
165
160
193
173
131
178
168
171
157
169
179
164
155
149
158
156
189
176
167
190
182
175
185
168
187
145
153
178
192
148
186
170
166
165
158
191
150
190
170
178
161
146
195
186
169
176
156
182
176
197
178
170
209
162
160
182
189
156
191
166
192
151
198
172
183
176
174
184
168
178
165
201
179
190
192
173
165
171
195
184
200
193
175
195
184
193
177
208
176
186
172
188
167
23
0
0
0
0
0
0
0
0
0
0
0
0
0
0
0
0
0
0
0
0
0
0
0
0
0
0
0
0
0
0
0
0
0
0
0
0
0
0
0
0
0
0
0
0
0
0
0
0
0
0
0
0
0
0
0
0
0
0
0
0
0
0
0
0
0
0
0
0
0
0
0
0
0
0
0
0
0
0
0
0
0
0
0
0
0
0
0
0
0
0
0
0
0
0
0
0
0
0
0
0
0
0
0
0
0
0
0
0
0
0
0
0
0
0
0
0
0
0
0
0
0
0
0
0
0
0
0
0
0
0
0
0
0
0
0
0
0
0
0
0
0
0
0
0
0
0
0
0
0
0
0
0
0
0
0
0
0
0
0
0
0
0
0
0
0
0
0
0
0
0
0
0
0
0
0
0
0
0
0
0
0
0
0
0
0
0
0
0
0
0
0
0
0
0
0
0
0
0
0
0
0
0
0
0
0
0
0
0
0
0
0
0
0
0
0
0
0
0
0
0
0
0
0
0
0
0
0
0
0
0
0
0
0
0
0
0
0
0
0
0
0
0
0
0
0
0
0
0
0
0
0
0
0
0
0
0
0
0
0
0
0
0
0
0
0
0
0
0
0
0
0
0
0
0
0
0
0
0
0
0
0
0
0
0
0
0
0
0
0
0
0
0
0
0
0
0
0
0
0
0
0
0
0
0
0
0
0
0
0
0
0
0
0
0
0
0
0
0
0
0
0
0
0
0
0
0
0
0
0
0
0
0
0
0
0
0
0
0
0
0
0
0
0
0
0
0
0
0
0
0
0
0
0
0
0
0
0
0
0
0
0
0
0
0
0
0
0
0
0
0
0
0
0
0
0
0
0
0
0
0
0
0
0
0
0
0
0
0
0
0
0
0
0
0
0
0
0
0
0
0
0
0
0
0
0
0
0
0
0
0
0
0
0
0
0
0
0
0
0
0
0
0
0
0
0
0
0
0
0
0
0
0
0
0
0
0
0
0
0
0
0
0
0
0
0
0
0
0
0
0
0
0
0
0
0
0
0
0
0
0
0
0
0
0
0
0
0
0
0
0
0
0
0
0
0
0
0
0
0
0
0
0
0
0
0
0
0
0
0
0
0
0
0
0
0
0
0
0
0
0
0
0
0
0
0
0
0
0
0
0
0
0
0
0
0
0
0
0
0
0
0
0
0
0
0
0
0
0
0
0
0
0
0
0
0
0
0
0
0
0
0
0
0
0
0
0
0
0
0
0
0
0
0
0
0
0
0
0
0
0
0
0
0
0
0
0
0
0
0
0
0
0
0
0
0
0
0
0
0
0
0
0
0
0
0
0
0
0
0
0
0
0
0
0
0
0
0
0
0
0
0
0
0
0
0
0
0
0
0
0
0
0
0
0
0
0
0
0
0
0
0
0
0
0
0
0
0
0
0
0
0
0
0
0
0
0
0
0
0
0
0
0
0
0
0
0
0
0
0
0
0
0
0
0
0
0
0
0
0
0
0
0
0
0
0
0
0
0
0
0
0
0
0
0
0
0
0
0
0
0
0
0
0
0
0
0
0
0
0
0
0
0
0
0
0
0
0
0
0
0
0
0
0
0
0
0
0
0
0
0
0
0
0
0
0
0
0
0
0
0
0
0
0
0
0
0
0
0
0
0
0
0
0
0
0
0
0
0
0
0
0
0
0
0
0
0
0
0
0
0
0
0
0
0
0
0
0
0
0
0
0
0
0
0
0
0
0
0
0
0
0
0
0
0
0
0
0
0
0
0
0
0
0
0
0
0
0
0
0
0
0
0
0
0
0
0
0
0
0
0
0
0
0
0
0
0
0
0
0
0
0
0
0
0
0
0
0
0
0
0
0
0
0
0
0
0
0
0
0
0
0
0
0
0
0
0
0
0
0
0
0
0
0
0
0
0
0
0
0
0
0
0
0
0
0
0
0
0
0
0
0
0
0
0
0
0
0
0
0
0
0
0
0
0
0
0
0
0
0
0
0
0
0
0
0
0
0
0
0
0
0
0
0
0
0
0
0
0
0
0
0
0
0
0
0
0
0
0
0
0
0
0
0
0
0
0
0
0
0
0
0
0
0
0
0
0
0
0
0
0
0
0
0
0
0
0
0
0
0
0
0
0
0
0
0
0
0
0
0
0
0
0
0
0
0
0
0
0
0
0
0
0
0
0
0
0
0
0
0
0
0
0
0
0
0
0
0
0
0
0
0
0
0
0
0
0
0
0
0
0
0
0
0
0
0
0
0
0
0
0
0
0
0
0
0
0
0
0
0
0
0
0
0
0
0
0
0
0
0
0
0
0
0
0
0
0
0
0
0
0
0
0
0
0
0
0
0
0
0
0
0
0
0
0
0
0
0
0
0
0
0
0
0
0
0
0
0
0
0
0
0
0
0
0
0
0
0
0
0
0
0
0
0
0
0
0
0
0
0
0
0
0
0
0
0
0
0
0
0
0
0
0
0
0
0
0
0
0
0
0
0
0
0
0
0
0
0
0
0
0
0
0
0
0
0
0
0
0
0
0
0
0
0
0
0
0
0
0
0
