# Measurement time [s]: 99.348
# Dwell time [us]: 20
#
# detCounts monCounts f_SF1_Hz f_SF2_Hz
139634 2000000 91700 91700
48
101
102
92
100
91
91
85
79
78
91
109
103
110
97
100
90
101
77
108
103
84
99
95
92
84
100
84
100
102
91
80
106
82
97
111
89
95
101
93
93
83
102
106
108
107
80
83
95
84
78
85
94
91
82
89
83
73
82
91
87
85
90
91
95
99
108
97
97
83
98
90
103
85
96
105
98
91
98
106
85
87
78
93
95
76
100
88
97
93
83
79
65
100
81
112
101
81
81
96
82
68
68
104
78
85
98
81
98
101
82
99
73
86
102
96
70
105
82
87
82
75
89
91
77
91
93
84
79
96
73
100
74
71
96
107
81
85
84
92
81
91
88
74
87
87
74
90
90
83
78
76
82
73
76
89
72
86
80
94
81
87
89
68
85
99
84
80
78
83
79
90
75
78
72
84
95
82
67
74
72
71
93
89
82
86
90
89
84
78
83
79
88
81
84
71
77
104
77
79
75
92
92
94
78
72
85
70
80
80
80
72
67
96
93
73
93
100
95
84
69
77
90
87
80
79
88
75
70
94
85
89
84
80
79
78
79
79
80
93
72
77
74
86
84
79
71
76
80
89
81
76
77
91
67
77
78
81
90
75
73
93
78
77
72
65
86
83
83
61
68
83
83
73
78
69
84
80
78
72
76
72
84
86
70
60
79
69
78
85
83
76
92
85
76
73
83
88
71
78
85
85
71
84
81
89
76
69
93
91
69
85
59
78
73
79
79
67
77
80
89
78
69
77
84
77
78
75
82
87
83
73
84
63
69
71
85
76
85
76
79
72
61
72
85
78
67
75
56
83
83
71
89
79
71
86
67
62
77
82
95
78
68
93
76
83
79
70
78
74
78
71
91
76
86
72
78
80
77
79
68
72
82
88
81
71
76
97
86
93
84
76
65
78
81
67
76
73
86
67
80
73
79
93
81
70
87
71
85
84
70
91
75
94
86
96
74
74
80
76
89
79
69
79
88
86
73
101
72
87
67
84
85
100
85
79
71
67
80
91
78
83
74
81
88
80
90
87
102
87
82
73
85
76
69
84
88
90
81
69
65
90
72
82
88
80
101
89
69
81
86
78
93
83
74
79
71
94
89
91
87
80
80
83
81
83
77
98
89
87
72
80
92
81
81
78
88
87
100
87
75
85
100
93
83
85
87
75
94
89
87
81
74
79
97
79
89
80
95
73
71
79
73
86
70
104
101
86
99
92
72
76
109
90
87
89
82
104
108
80
78
103
81
80
89
92
93
83
97
99
90
93
94
87
88
86
85
93
87
85
81
93
91
103
90
88
88
79
103
111
89
105
81
87
91
95
86
81
97
93
86
90
104
83
88
101
106
85
92
95
103
97
81
78
105
82
78
97
92
85
92
95
104
88
102
96
90
86
87
89
81
88
82
88
102
84
100
102
80
95
87
93
73
90
86
84
87
80
96
68
113
98
98
88
98
117
92
97
89
94
97
93
106
97
88
98
99
87
102
96
85
100
96
101
113
93
101
103
84
80
90
94
95
81
120
98
111
92
110
90
97
97
105
93
90
97
89
98
93
92
110
95
81
107
89
84
85
107
97
81
93
125
90
119
81
103
87
93
89
97
92
91
107
89
109
84
94
103
102
87
101
82
86
110
82
106
84
83
80
83
90
107
92
82
86
113
100
105
94
110
94
85
100
95
98
87
121
95
90
87
103
100
103
85
101
96
101
87
81
93
86
81
90
102
100
93
93
95
99
108
104
88
87
90
91
105
103
83
104
99
95
97
105
101
99
73
80
91
111
110
102
90
82
87
80
97
109
85
95
100
109
103
76
98
90
90
85
82
94
70
102
102
89
105
104
82
87
91
91
96
104
95
101
92
77
74
101
95
94
96
94
85
76
91
97
103
82
95
87
81
80
91
98
100
82
89
113
91
79
73
87
92
104
82
102
110
89
90
102
99
90
100
89
107
75
108
102
84
102
99
91
107
101
85
82
84
101
98
88
93
106
98
75
91
93
99
99
104
101
90
100
89
116
92
85
101
89
88
92
90
95
88
113
64
75
77
97
83
91
82
98
91
92
80
90
72
95
100
86
73
88
73
81
94
109
89
84
75
67
102
76
94
76
97
94
81
101
69
96
92
80
95
82
80
91
91
81
98
84
97
86
85
84
95
84
66
65
95
79
70
75
84
94
79
79
87
108
89
82
83
87
84
84
77
97
83
92
77
86
86
85
80
81
85
92
98
81
76
85
68
89
80
88
89
88
95
80
99
73
69
89
75
80
91
81
84
89
72
86
83
77
90
84
74
91
78
68
81
81
78
92
73
84
79
85
73
82
57
76
68
71
71
91
74
92
71
106
81
87
70
72
66
75
79
92
96
73
87
86
79
91
88
90
73
81
78
83
83
68
77
77
80
79
67
75
68
82
90
81
72
73
83
65
83
69
66
75
88
73
92
73
65
76
92
88
85
85
84
78
69
97
86
86
59
78
71
82
80
77
74
75
74
71
91
69
87
61
77
81
67
65
74
91
79
61
93
72
85
85
58
83
82
72
63
79
71
75
93
71
77
68
72
76
84
64
82
81
77
85
77
89
77
85
76
62
89
79
87
79
84
89
72
77
72
84
79
74
82
100
77
73
78
84
75
74
79
81
74
76
73
97
95
78
80
85
77
83
61
77
57
61
83
66
82
81
68
82
93
88
86
64
65
83
81
71
76
92
70
89
80
72
94
66
64
74
82
72
87
65
93
74
85
71
78
70
73
71
63
82
98
105
60
71
82
86
87
80
78
87
77
76
74
73
76
77
89
87
71
77
86
96
88
86
73
65
87
84
77
80
78
82
86
58
94
69
82
73
87
81
85
76
70
68
87
73
87
86
87
93
86
74
85
95
74
77
66
84
91
93
74
90
96
93
83
88
78
87
88
92
86
73
83
68
91
78
75
89
73
89
88
90
96
69
89
90
84
65
76
86
78
78
75
75
80
98
83
76
86
95
72
95
85
89
73
78
76
81
87
82
69
74
87
102
67
90
93
87
91
89
88
97
79
76
85
89
87
88
87
86
77
101
81
94
90
90
90
85
85
83
84
85
104
95
93
99
100
88
93
84
92
77
74
88
72
76
87
103
96
89
91
88
84
92
86
72
88
83
79
104
74
78
90
95
97
77
85
94
95
85
96
81
91
85
89
90
108
98
78
85
94
83
106
59
106
89
98
106
97
101
81
89
83
80
91
88
71
91
89
100
84
93
81
104
85
67
104
88
85
98
85
83
96
89
101
87
91
98
101
73
85
76
90
105
82
90
106
92
79
86
94
98
92
84
101
93
107
87
114
115
74
90
95
88
82
92
95
81
94
88
102
86
90
107
100
89
94
103
76
103
92
104
91
75
84
103
100
104
79
94
91
99
95
89
89
98
111
101
89
104
94
113
100
88
81
103
116
93
118
95
81
81
94
94
87
107
92
101
102
97
97
94
104
91
97
105
104
101
98
92
87
95
86
81
88
94
87
105
89
98
102
89
92
99
94
96
92
106
90
102
97
99
92
95
90
94
95
83
103
87
108
102
103
98
98
86
106
101
89
126
111
84
82
93
86
87
99
88
81
83
92
98
81
95
101
101
96
91
103
99
85
100
97
98
88
111
99
102
99
97
94
94
109
87
100
88
92
100
78
104
96
85
105
91
36
0
0
0
0
0
0
0
0
0
0
0
0
0
0
0
0
0
0
0
0
0
0
0
0
0
0
0
0
0
0
0
0
0
0
0
0
0
0
0
0
0
0
0
0
0
0
0
0
0
0
0
0
0
0
0
0
0
0
0
0
0
0
0
0
0
0
0
0
0
0
0
0
0
0
0
0
0
0
0
0
0
0
0
0
0
0
0
0
0
0
0
0
0
0
0
0
0
0
0
0
0
0
0
0
0
0
0
0
0
0
0
0
0
0
0
0
0
0
0
0
0
0
0
0
0
0
0
0
0
0
0
0
0
0
0
0
0
0
0
0
0
0
0
0
0
0
0
0
0
0
0
0
0
0
0
0
0
0
0
0
0
0
0
0
0
0
0
0
0
0
0
0
0
0
0
0
0
0
0
0
0
0
0
0
0
0
0
0
0
0
0
0
0
0
0
0
0
0
0
0
0
0
0
0
0
0
0
0
0
0
0
0
0
0
0
0
0
0
0
0
0
0
0
0
0
0
0
0
0
0
0
0
0
0
0
0
0
0
0
0
0
0
0
0
0
0
0
0
0
0
0
0
0
0
0
0
0
0
0
0
0
0
0
0
0
0
0
0
0
0
0
0
0
0
0
0
0
0
0
0
0
0
0
0
0
0
0
0
0
0
0
0
0
0
0
0
0
0
0
0
0
0
0
0
0
0
0
0
0
0
0
0
0
0
0
0
0
0
0
0
0
0
0
0
0
0
0
0
0
0
0
0
0
0
0
0
0
0
0
0
0
0
0
0
0
0
0
0
0
0
0
0
0
0
0
0
0
0
0
0
0
0
0
0
0
0
0
0
0
0
0
0
0
0
0
0
0
0
0
0
0
0
0
0
0
0
