# Measurement time [s]: 109.384
# Dwell time [us]: 20
#
# detCounts monCounts f_SF1_Hz f_SF2_Hz
148984 2000000 91700 91700
70
140
139
149
139
143
147
142
127
137
135
128
147
143
117
146
140
145
127
144
131
128
150
145
144
134
148
131
147
130
131
137
153
145
155
139
153
121
119
140
133
136
117
144
142
150
127
165
119
134
123
145
148
135
126
130
153
151
131
137
146
137
138
134
121
122
125
133
145
121
140
136
124
156
112
129
135
124
152
141
137
133
131
123
137
150
129
132
145
135
142
125
150
130
143
144
132
138
124
128
125
136
140
101
127
123
134
124
130
124
132
129
130
124
133
118
128
122
131
132
114
126
109
114
132
123
132
117
116
108
131
118
127
127
105
134
116
113
127
129
132
124
99
121
117
132
121
122
120
99
128
137
118
103
128
117
145
136
116
119
131
122
126
140
120
119
105
121
130
125
120
122
121
106
126
120
133
135
139
108
118
111
126
129
105
119
121
124
128
124
120
106
115
111
112
116
114
121
126
120
126
112
129
106
104
124
117
115
132
123
127
103
115
124
109
106
108
113
108
135
118
128
101
116
125
120
129
118
119
111
113
110
111
123
101
128
100
133
124
121
117
108
117
123
124
127
135
112
120
115
128
97
118
126
110
116
110
117
96
108
129
102
103
112
126
118
102
118
117
121
123
113
114
118
117
106
124
98
99
113
126
113
107
116
117
121
110
120
118
119
123
95
108
129
108
131
118
133
108
109
115
122
120
100
112
110
117
123
124
102
112
112
98
129
128
129
106
125
121
115
111
95
119
116
106
124
116
106
124
108
128
131
120
118
127
118
113
108
124
121
100
121
146
106
118
110
123
118
132
120
121
104
106
120
138
104
101
104
126
112
128
121
120
116
136
121
125
112
149
118
116
128
124
112
115
116
132
120
135
118
130
124
125
125
106
103
130
116
130
117
148
139
138
137
148
134
112
144
127
125
144
136
103
118
126
135
126
115
126
124
138
124
132
121
117
134
142
147
127
101
140
112
121
142
131
115
145
143
134
143
121
119
147
130
149
134
153
141
136
137
147
130
110
130
150
132
108
161
135
142
119
133
136
125
143
140
142
140
129
133
117
121
132
134
125
144
150
158
137
142
139
133
137
139
134
137
143
156
120
156
142
146
151
124
123
133
142
143
123
152
141
126
145
131
125
118
124
130
121
146
140
137
122
131
127
119
150
120
131
125
140
145
123
159
149
161
139
165
143
137
148
112
156
120
149
124
165
136
153
146
144
155
134
150
145
140
155
147
123
153
134
136
132
134
124
121
144
159
148
146
131
158
154
132
127
129
120
153
123
172
132
150
144
129
168
151
155
171
150
144
171
155
134
149
123
140
146
143
128
132
119
124
154
142
152
146
148
142
156
133
130
141
151
160
129
131
159
146
168
132
146
120
137
135
146
136
142
150
116
132
141
111
131
129
137
153
134
128
167
140
132
112
137
152
140
134
153
131
145
154
133
129
154
143
138
122
142
120
145
131
145
130
141
129
125
128
150
138
133
143
134
133
132
131
139
141
146
117
143
151
148
140
150
141
125
118
135
129
138
132
135
138
133
131
135
125
125
131
128
126
114
125
133
155
125
113
137
130
139
126
126
119
130
119
124
133
142
130
122
116
137
118
129
123
121
131
123
163
128
128
140
122
139
127
130
156
129
131
121
148
126
111
124
140
122
128
127
113
110
102
128
128
131
131
119
119
121
134
143
117
124
105
111
105
130
122
114
114
134
120
123
136
121
112
118
115
110
110
113
125
151
118
125
123
122
125
122
130
134
119
122
125
114
123
117
135
130
116
116
115
111
130
132
108
120
128
130
112
112
118
114
126
117
113
124
113
103
133
105
124
130
118
118
115
122
117
100
120
97
104
111
121
111
122
118
119
127
140
108
123
106
111
120
113
114
108
122
112
120
111
109
92
87
113
112
138
108
114
126
117
116
107
119
125
138
102
102
145
132
108
104
128
105
106
101
112
132
111
122
105
103
108
113
104
140
116
117
130
134
124
110
113
128
107
109
106
126
90
101
104
113
121
106
103
119
126
112
128
135
123
84
108
118
112
119
122
114
142
98
130
120
117
114
124
109
124
103
111
119
118
117
141
145
126
136
105
107
133
132
144
120
143
118
125
124
105
131
109
105
116
116
121
117
135
116
125
112
112
113
101
121
141
107
150
121
121
101
123
113
122
117
117
124
112
151
129
111
126
118
108
122
122
121
126
128
124
121
133
108
133
100
115
123
128
119
125
115
132
109
121
102
119
139
119
108
128
127
138
127
121
134
129
125
125
117
138
153
136
140
126
129
126
128
121
118
128
125
130
127
131
130
130
160
148
132
126
137
129
132
131
141
141
144
121
137
114
135
135
132
127
146
131
129
139
121
146
111
139
135
138
158
127
125
147
117
147
151
140
142
140
142
118
130
124
117
120
131
134
134
140
138
131
150
143
153
141
148
135
150
136
151
141
105
139
145
148
153
122
135
140
154
138
146
122
125
142
165
146
147
129
131
156
135
167
149
136
154
133
138
181
130
124
143
128
150
131
134
147
128
139
144
146
126
142
135
134
125
158
165
125
122
148
156
157
147
161
126
128
135
144
157
122
131
147
149
135
138
131
131
149
160
147
119
137
128
151
147
135
149
150
126
99
144
135
142
140
142
141
154
141
162
121
156
36
0
0
0
0
0
0
0
0
0
0
0
0
0
0
0
0
0
0
0
0
0
0
0
0
0
0
0
0
0
0
0
0
0
0
0
0
0
0
0
0
0
0
0
0
0
0
0
0
0
0
0
0
0
0
0
0
0
0
0
0
0
0
0
0
0
0
0
0
0
0
0
0
0
0
0
0
0
0
0
0
0
0
0
0
0
0
0
0
0
0
0
0
0
0
0
0
0
0
0
0
0
0
0
0
0
0
0
0
0
0
0
0
0
0
0
0
0
0
0
0
0
0
0
0
0
0
0
0
0
0
0
0
0
0
0
0
0
0
0
0
0
0
0
0
0
0
0
0
0
0
0
0
0
0
0
0
0
0
0
0
0
0
0
0
0
0
0
0
0
0
0
0
0
0
0
0
0
0
0
0
0
0
0
0
0
0
0
0
0
0
0
0
0
0
0
0
0
0
0
0
0
0
0
0
0
0
0
0
0
0
0
0
0
0
0
0
0
0
0
0
0
0
0
0
0
0
0
0
0
0
0
0
0
0
0
0
0
0
0
0
0
0
0
0
0
0
0
0
0
0
0
0
0
0
0
0
0
0
0
0
0
0
0
0
0
0
0
0
0
0
0
0
0
0
0
0
0
0
0
0
0
0
0
0
0
0
0
0
0
0
0
0
0
0
0
0
0
0
0
0
0
0
0
0
0
0
0
0
0
0
0
0
0
0
0
0
0
0
0
0
0
0
0
0
0
0
0
0
0
0
0
0
0
0
0
0
0
0
0
0
0
0
0
0
0
0
0
0
0
0
0
0
0
0
0
0
0
0
0
0
0
0
0
0
0
0
0
0
0
0
0
0
0
0
0
0
0
0
0
0
0
0
0
0
0
0
0
0
0
0
0
0
0
0
0
0
0
0
0
0
0
0
0
0
0
0
0
0
0
0
0
0
0
0
0
0
0
0
0
0
0
0
0
0
0
0
0
0
0
0
0
0
0
0
0
0
0
0
0
0
0
0
0
0
0
0
0
0
0
0
0
0
0
0
0
0
0
0
0
0
0
0
0
0
0
0
0
0
0
0
0
0
0
0
0
0
0
0
0
0
0
0
0
0
0
0
0
0
0
0
0
0
0
0
0
0
0
0
0
0
0
0
0
0
0
0
0
0
0
0
0
0
0
0
0
0
0
0
0
0
0
0
0
0
0
0
0
0
0
0
0
0
0
0
0
0
0
0
0
0
0
0
0
0
0
0
0
0
0
0
0
0
0
0
0
0
0
0
0
0
0
0
0
0
0
0
0
0
0
0
0
0
0
0
0
0
0
0
0
0
0
0
0
0
0
0
0
0
0
0
0
0
0
0
0
0
0
0
0
0
0
0
0
0
0
0
0
0
0
0
0
0
0
0
0
0
0
0
0
0
0
0
0
0
0
0
0
0
0
0
0
0
0
0
0
0
0
0
0
0
0
0
0
0
0
0
0
0
0
0
0
0
0
0
0
0
0
0
0
0
0
0
0
0
0
0
0
0
0
0
0
0
0
0
0
0
0
0
0
0
0
0
0
0
0
0
0
0
0
0
0
0
0
0
0
0
0
0
0
0
0
0
0
0
0
0
0
0
0
0
0
0
0
0
0
0
0
0
0
0
0
0
0
0
0
0
0
0
0
0
0
0
0
0
0
0
0
0
0
0
0
0
0
0
0
0
0
0
0
0
0
0
0
0
0
0
0
0
0
0
0
0
0
0
0
0
0
0
0
0
0
0
0
0
0
0
0
0
0
0
0
0
0
0
0
0
0
0
0
0
0
0
0
0
0
0
0
0
0
0
0
0
0
0
0
0
0
0
0
0
0
0
0
0
0
0
0
0
0
0
0
0
0
0
0
0
0
0
0
0
0
0
0
0
0
0
