# Measurement time [s]: 99.351
# Dwell time [us]: 20
#
# detCounts monCounts f_SF1_Hz f_SF2_Hz
140326 2000000 91700 91700
57
97
105
109
111
98
110
108
103
102
107
112
110
118
101
116
91
93
110
106
123
118
106
97
95
138
94
84
116
109
110
106
94
109
108
112
108
110
117
105
104
98
113
104
107
106
102
119
86
95
124
111
99
105
107
104
111
107
101
108
97
84
95
104
102
94
101
107
100
105
93
120
90
102
85
87
92
98
99
107
92
107
117
73
100
109
100
96
85
100
93
109
104
103
99
95
86
112
96
111
85
91
100
95
108
96
101
101
95
101
95
105
106
95
98
96
109
84
88
94
101
105
108
117
119
95
108
99
106
91
109
100
99
83
82
98
92
117
84
91
89
92
112
101
87
96
114
87
88
94
111
95
103
102
107
94
87
88
107
97
84
99
78
89
92
80
106
100
99
83
90
80
76
98
82
77
87
95
94
103
90
78
85
95
85
94
94
88
91
85
89
88
93
92
99
97
98
92
93
115
83
116
98
107
111
116
91
94
97
84
103
86
88
80
80
104
90
93
62
102
100
109
93
80
88
104
113
103
93
99
95
97
102
108
96
92
101
80
79
76
87
96
81
98
74
82
86
75
109
95
97
89
107
77
96
102
91
83
82
94
77
79
90
96
101
57
102
70
100
89
84
78
90
90
98
88
91
97
82
95
71
100
91
96
72
77
82
93
78
75
95
72
95
102
77
84
82
95
86
78
90
85
85
99
85
97
78
90
78
89
88
83
75
75
98
102
104
80
73
107
74
109
105
85
86
85
90
90
105
102
93
84
84
96
76
95
91
87
88
84
92
78
101
76
84
88
100
74
96
87
101
98
108
96
102
78
80
101
90
90
95
98
70
85
70
103
83
86
96
94
87
83
81
113
89
100
69
95
98
89
79
98
90
81
104
84
97
89
105
93
98
91
96
83
84
102
84
86
82
95
87
84
75
102
81
102
78
106
101
99
103
93
90
93
100
103
84
95
86
92
93
87
100
88
95
87
102
102
91
92
80
83
91
91
92
91
103
88
103
83
81
110
90
93
94
83
102
108
96
85
92
94
86
99
82
110
88
96
102
96
84
101
100
79
89
83
117
107
101
107
98
84
102
91
102
95
110
95
98
86
94
88
100
104
92
109
107
97
110
99
83
92
73
120
94
116
101
98
98
112
112
103
105
89
104
100
110
104
95
109
94
84
113
101
102
88
109
99
125
88
93
109
94
94
116
99
105
92
95
108
100
105
98
103
102
90
107
100
97
111
112
107
88
104
118
105
114
123
108
105
108
112
115
91
95
94
97
102
110
109
112
106
109
92
123
101
108
105
98
110
103
104
115
98
106
104
112
114
113
101
94
100
95
96
98
98
105
97
120
93
118
109
104
96
91
123
96
99
106
96
110
114
108
103
111
108
98
100
112
99
108
92
104
133
95
101
117
99
109
100
108
105
103
102
99
106
117
106
88
101
96
117
125
107
108
104
116
101
117
99
106
109
110
114
94
99
103
107
106
98
104
108
103
119
100
110
97
114
101
93
105
106
115
95
95
98
110
115
119
108
126
78
107
115
124
110
99
101
107
110
114
122
96
108
110
96
124
109
104
101
96
105
113
110
104
97
101
110
106
87
106
113
108
104
141
109
113
95
100
111
104
102
95
104
112
121
106
118
103
95
125
80
96
105
134
128
129
108
89
112
114
120
101
107
92
101
104
105
107
98
103
113
86
114
114
105
110
94
106
120
107
108
116
101
115
99
89
100
106
108
90
104
111
112
123
88
100
93
126
134
110
112
109
101
93
111
113
100
117
97
104
108
97
103
106
102
103
110
99
116
97
100
100
104
88
104
112
104
99
101
106
103
88
108
95
85
102
97
97
92
103
112
88
106
106
90
103
90
118
123
103
88
98
84
91
103
102
113
92
103
116
108
95
83
108
99
103
86
104
87
83
98
105
95
89
109
114
90
106
101
99
96
101
85
98
97
74
95
91
83
110
83
79
103
102
92
90
84
92
97
88
73
93
123
96
96
102
104
100
111
108
104
94
100
90
97
106
95
82
103
92
93
107
86
108
75
93
107
90
85
81
93
76
98
79
93
96
92
107
82
86
84
75
84
96
101
94
72
92
89
99
91
79
100
104
93
93
99
105
97
94
95
100
95
82
98
82
80
102
84
96
97
78
86
88
87
96
88
116
91
93
99
95
76
88
97
85
93
96
85
81
71
87
78
77
80
88
89
89
94
96
91
77
105
76
85
86
87
80
77
87
85
97
91
94
107
98
89
91
96
99
78
72
87
112
85
82
104
72
89
88
70
74
85
79
95
93
97
75
92
83
101
85
104
75
94
82
74
89
79
84
76
76
86
78
96
88
87
94
88
85
92
89
85
73
91
79
92
91
92
95
76
82
91
91
84
82
115
99
85
86
87
81
116
97
91
93
89
81
100
74
78
78
85
82
99
85
99
96
92
89
84
85
80
92
98
87
99
95
86
93
79
90
114
84
77
84
88
85
100
81
85
93
98
99
76
109
109
86
84
80
80
93
108
91
100
99
109
79
92
77
80
83
85
86
96
94
96
98
109
82
100
105
92
101
103
104
94
99
84
88
99
96
74
90
90
86
98
112
109
97
83
98
107
83
101
75
84
92
118
103
95
92
97
95
101
99
98
97
89
121
91
92
110
80
87
98
100
96
89
86
102
90
99
105
99
85
111
82
86
107
82
105
99
111
96
110
99
100
91
97
87
95
107
93
104
103
112
99
88
109
108
98
98
87
95
126
109
106
98
107
100
100
112
90
104
97
124
114
110
92
79
98
108
86
89
96
99
119
94
90
104
113
95
104
90
114
109
89
95
91
98
101
110
86
101
93
88
90
101
105
98
99
84
79
93
104
108
101
113
115
96
119
128
116
92
113
100
118
118
105
114
122
113
89
115
92
129
101
103
105
115
105
121
106
102
96
113
109
105
97
102
98
81
122
102
94
119
92
116
120
99
107
107
103
110
113
111
98
93
112
101
112
118
109
109
119
122
97
117
105
97
107
107
105
97
92
105
105
114
113
99
109
99
101
123
115
113
100
90
112
92
103
99
115
97
113
118
109
121
129
124
96
95
108
101
114
110
104
100
134
108
101
114
104
110
125
123
111
113
110
108
113
97
109
98
107
112
143
104
98
106
102
112
92
119
96
125
125
116
118
97
97
87
110
104
109
114
126
120
109
102
102
118
109
123
129
117
118
106
110
114
103
112
109
96
96
110
110
119
101
110
117
110
108
106
107
116
86
13
0
0
0
0
0
0
0
0
0
0
0
0
0
0
0
0
0
0
0
0
0
0
0
0
0
0
0
0
0
0
0
0
0
0
0
0
0
0
0
0
0
0
0
0
0
0
0
0
0
0
0
0
0
0
0
0
0
0
0
0
0
0
0
0
0
0
0
0
0
0
0
0
0
0
0
0
0
0
0
0
0
0
0
0
0
0
0
0
0
0
0
0
0
0
0
0
0
0
0
0
0
0
0
0
0
0
0
0
0
0
0
0
0
0
0
0
0
0
0
0
0
0
0
0
0
0
0
0
0
0
0
0
0
0
0
0
0
0
0
0
0
0
0
0
0
0
0
0
0
0
0
0
0
0
0
0
0
0
0
0
0
0
0
0
0
0
0
0
0
0
0
0
0
0
0
0
0
0
0
0
0
0
0
0
0
0
0
0
0
0
0
0
0
0
0
0
0
0
0
0
0
0
0
0
0
0
0
0
0
0
0
0
0
0
0
0
0
0
0
0
0
0
0
0
0
0
0
0
0
0
0
0
0
0
0
0
0
0
0
0
0
0
0
0
0
0
0
0
0
0
0
0
0
0
0
0
0
0
0
0
0
0
0
0
0
0
0
0
0
0
0
0
0
0
0
0
0
0
0
0
0
0
0
0
0
0
0
0
0
0
0
0
0
0
0
0
0
0
0
0
0
0
0
0
0
0
0
0
0
0
0
0
0
0
0
0
0
0
0
0
0
0
0
0
0
0
0
0
0
0
0
0
0
0
0
0
0
0
0
0
0
0
0
0
0
0
0
0
0
0
0
0
0
0
0
0
0
0
0
0
0
0
0
0
0
0
0
0
0
0
0
0
0
0
0
0
0
0
0
0
0
0
0
0
0
0
0
0
0
0
0
0
0
0
0
0
0
0
0
0
0
0
0
0
0
0
0
0
0
0
0
0
0
0
0
0
0
0
0
0
0
0
0
0
0
0
0
0
0
0
0
0
0
0
0
0
0
0
0
0
0
0
0
0
0
0
0
0
0
0
0
0
0
0
0
0
0
0
0
0
0
0
0
0
0
0
0
0
0
0
0
0
0
0
0
0
0
0
0
0
0
0
0
0
0
0
0
0
0
0
0
0
0
0
0
0
0
0
0
0
0
0
0
0
0
0
0
0
0
0
0
0
0
0
0
0
0
0
0
0
0
0
0
0
0
0
0
0
0
0
0
0
0
0
0
0
0
0
0
0
0
0
0
0
0
0
0
0
0
0
0
0
0
0
0
0
0
0
0
0
0
0
0
0
0
0
0
0
0
0
