# Measurement time [s]: 99.349
# Dwell time [us]: 20
#
# detCounts monCounts f_SF1_Hz f_SF2_Hz
137346 2000000 91700 91700
88
151
150
153
145
154
169
162
159
180
144
168
166
161
174
168
152
171
169
156
173
158
162
156
160
174
163
144
163
153
138
146
157
163
146
157
166
165
146
172
160
156
148
169
162
157
166
180
135
157
157
150
148
175
150
172
158
157
156
150
156
174
156
159
142
146
139
166
163
162
136
176
140
156
190
145
138
151
141
157
152
142
134
150
152
155
150
141
156
181
143
150
144
156
166
141
147
150
137
142
155
156
166
139
155
160
131
153
151
164
125
142
153
155
158
167
142
163
154
143
142
131
132
137
135
129
151
142
125
135
137
155
134
153
150
149
144
149
142
143
140
158
149
129
129
129
143
154
173
135
139
133
118
118
135
173
131
138
153
129
128
138
147
139
153
141
159
124
129
150
131
153
152
140
129
122
147
125
122
121
143
135
143
111
135
152
149
118
121
137
146
131
127
141
125
130
131
126
122
151
132
144
128
142
102
134
135
118
131
120
125
127
125
145
142
136
124
125
133
129
127
117
122
140
133
126
129
114
113
124
132
136
134
133
121
124
116
131
148
136
134
128
130
121
145
144
125
136
128
129
118
113
127
110
138
132
134
128
124
128
116
122
119
132
140
139
132
141
124
130
114
137
136
127
149
128
129
120
152
146
121
137
121
112
148
132
139
132
112
122
142
130
120
122
144
133
113
135
107
147
119
146
131
131
133
126
127
162
139
120
149
135
134
129
127
145
150
132
147
121
139
152
142
137
168
157
148
151
137
130
136
125
147
167
142
130
148
124
153
150
140
166
146
144
127
147
146
137
151
152
133
136
153
127
142
136
146
153
150
143
158
137
155
156
143
160
159
137
115
128
146
155
143
155
139
155
153
153
166
162
166
169
138
171
164
168
161
164
155
124
165
157
132
176
170
149
156
180
152
169
152
153
166
154
150
153
151
146
151
158
154
157
177
153
129
143
163
137
134
155
152
130
149
128
150
165
131
174
146
183
167
150
180
175
170
158
157
131
151
153
174
156
153
176
148
167
169
175
165
181
160
145
180
162
148
144
155
176
166
164
161
173
173
148
163
179
177
181
157
138
160
162
174
146
145
170
160
159
168
160
168
164
156
189
166
163
150
168
177
155
181
171
160
160
151
152
166
161
170
144
142
171
167
169
147
173
168
173
184
161
143
156
145
149
172
148
159
160
133
144
170
162
161
142
159
150
171
148
165
169
139
160
170
167
151
179
140
148
171
153
162
148
195
170
146
158
164
161
145
153
140
160
151
160
143
161
158
163
146
132
151
136
156
146
145
138
140
143
152
155
155
140
151
159
143
140
162
142
160
145
154
136
160
148
159
146
140
168
141
121
151
161
150
167
133
152
157
132
132
142
139
143
152
140
153
134
125
120
156
129
121
161
162
130
149
139
121
130
135
141
147
143
122
123
137
137
143
142
141
121
109
142
146
130
140
147
142
132
127
126
146
130
116
130
133
126
144
136
113
120
109
115
134
120
115
125
123
128
147
139
142
109
134
115
129
107
128
140
138
137
148
148
123
142
138
133
127
128
135
134
152
109
107
131
134
136
102
142
138
115
108
138
124
133
113
136
148
132
143
148
137
140
117
111
119
145
134
118
147
124
127
153
115
143
117
126
139
126
133
133
134
137
137
153
151
130
152
143
142
139
133
118
129
147
116
107
137
136
144
136
126
149
142
121
126
144
134
125
122
145
139
134
130
128
146
140
121
114
126
137
151
145
132
125
159
105
127
146
117
124
111
126
137
108
138
142
136
131
117
148
118
121
137
149
147
142
125
154
130
142
129
141
140
156
135
152
134
150
133
132
166
135
134
150
137
151
152
145
126
149
140
129
141
135
129
140
143
151
150
143
159
126
160
139
128
124
159
145
152
152
143
142
153
143
166
147
154
180
138
141
150
134
169
158
157
164
163
153
143
165
140
153
137
150
158
160
135
142
145
186
131
160
166
158
147
167
162
158
162
170
161
134
138
161
131
182
160
156
141
147
157
160
153
170
153
182
158
143
166
173
172
160
132
163
164
165
165
168
153
142
162
158
166
150
156
159
163
175
139
157
150
167
155
161
166
166
159
172
136
177
164
166
180
166
155
178
170
144
167
143
195
175
158
166
170
179
177
152
144
166
174
158
165
100
12
0
0
0
0
0
0
0
0
0
0
0
0
0
0
0
0
0
0
0
0
0
0
0
0
0
0
0
0
0
0
0
0
0
0
0
0
0
0
0
0
0
0
0
0
0
0
0
0
0
0
0
0
0
0
0
0
0
0
0
0
0
0
0
0
0
0
0
0
0
0
0
0
0
0
0
0
0
0
0
0
0
0
0
0
0
0
0
0
0
0
0
0
0
0
0
0
0
0
0
0
0
0
0
0
0
0
0
0
0
0
0
0
0
0
0
0
0
0
0
0
0
0
0
0
0
0
0
0
0
0
0
0
0
0
0
0
0
0
0
0
0
0
0
0
0
0
0
0
0
0
0
0
0
0
0
0
0
0
0
0
0
0
0
0
0
0
0
0
0
0
0
0
0
0
0
0
0
0
0
0
0
0
0
0
0
0
0
0
0
0
0
0
0
0
0
0
0
0
0
0
0
0
0
0
0
0
0
0
0
0
0
0
0
0
0
0
0
0
0
0
0
0
0
0
0
0
0
0
0
0
0
0
0
0
0
0
0
0
0
0
0
0
0
0
0
0
0
0
0
0
0
0
0
0
0
0
0
0
0
0
0
0
0
0
0
0
0
0
0
0
0
0
0
0
0
0
0
0
0
0
0
0
0
0
0
0
0
0
0
0
0
0
0
0
0
0
0
0
0
0
0
0
0
0
0
0
0
0
0
0
0
0
0
0
0
0
0
0
0
0
0
0
0
0
0
0
0
0
0
0
0
0
0
0
0
0
0
0
0
0
0
0
0
0
0
0
0
0
0
0
0
0
0
0
0
0
0
0
0
0
0
0
0
0
0
0
0
0
0
0
0
0
0
0
0
0
0
0
0
0
0
0
0
0
0
0
0
0
0
0
0
0
0
0
0
0
0
0
0
0
0
0
0
0
0
0
0
0
0
0
0
0
0
0
0
0
0
0
0
0
0
0
0
0
0
0
0
0
0
0
0
0
0
0
0
0
0
0
0
0
0
0
0
0
0
0
0
0
0
0
0
0
0
0
0
0
0
0
0
0
0
0
0
0
0
0
0
0
0
0
0
0
0
0
0
0
0
0
0
0
0
0
0
0
0
0
0
0
0
0
0
0
0
0
0
0
0
0
0
0
0
0
0
0
0
0
0
0
0
0
0
0
0
0
0
0
0
0
0
0
0
0
0
0
0
0
0
0
0
0
0
0
0
0
0
0
0
0
0
0
0
0
0
0
0
0
0
0
0
0
0
0
0
0
0
0
0
0
0
0
0
0
0
0
0
0
0
0
0
0
0
0
0
0
0
0
0
0
0
0
0
0
0
0
0
0
0
0
0
0
0
0
0
0
0
0
0
0
0
0
0
0
0
0
0
0
0
0
0
0
0
0
0
0
0
0
0
0
0
0
0
0
0
0
0
0
0
0
0
0
0
0
0
0
0
0
0
0
0
0
0
0
0
0
0
0
0
0
0
0
0
0
0
0
0
0
0
0
0
0
0
0
0
0
0
0
0
0
0
0
0
0
0
0
0
0
0
0
0
0
0
0
0
0
0
0
0
0
0
0
0
0
0
0
0
0
0
0
0
0
0
0
0
0
0
0
0
0
0
0
0
0
0
0
0
0
0
0
0
0
0
0
0
0
0
0
0
0
0
0
0
0
0
0
0
0
0
0
0
0
0
0
0
0
0
0
0
0
0
0
0
0
0
0
0
0
0
0
0
0
0
0
0
0
0
0
0
0
0
0
0
0
0
0
0
0
0
0
0
0
0
0
0
0
0
0
0
0
0
0
0
0
0
0
0
0
0
0
0
0
0
0
0
0
0
0
0
0
0
0
0
0
0
0
0
0
0
0
0
0
0
0
0
0
0
0
0
0
0
0
0
0
0
0
0
0
0
0
0
0
0
0
0
0
0
0
0
0
0
0
0
0
0
0
0
0
0
0
0
0
0
0
0
0
0
0
0
0
0
0
0
0
0
0
0
0
0
0
0
0
0
0
0
0
0
0
0
0
0
0
0
0
0
0
0
0
0
0
0
0
0
0
0
0
0
0
0
0
0
0
0
0
0
0
0
0
0
0
0
0
0
0
0
0
0
0
0
0
0
0
0
0
0
0
0
0
0
0
0
0
0
0
0
0
0
0
0
0
0
0
0
0
0
0
0
0
0
0
0
0
0
0
0
0
0
0
0
0
0
0
0
0
0
0
0
0
0
0
0
0
0
0
0
0
0
0
0
0
0
0
0
0
0
0
0
0
0
0
0
0
0
0
0
0
0
0
0
0
0
0
0
0
0
0
0
0
0
0
0
0
0
0
0
0
0
0
0
0
0
0
0
0
0
0
0
0
0
0
0
0
0
0
0
0
0
0
0
0
0
0
0
0
0
0
0
