# Measurement time [s]: 99.357
# Dwell time [us]: 20
#
# detCounts monCounts f_SF1_Hz f_SF2_Hz
147736 2000000 91700 91700
104
189
177
196
185
182
180
207
189
182
180
199
195
202
177
205
174
203
176
184
196
178
187
173
196
185
194
177
192
187
184
178
188
185
193
189
197
156
162
200
177
176
214
185
188
162
209
194
173
182
180
188
182
161
204
177
174
183
198
193
164
178
181
185
180
201
159
174
186
200
192
188
207
203
194
195
181
200
179
170
184
167
150
181
188
190
188
170
176
181
157
177
168
169
153
192
176
201
183
164
157
180
161
168
161
171
162
154
203
162
188
185
169
149
195
156
164
175
163
183
166
162
168
167
177
169
181
161
171
155
171
162
182
189
169
173
186
170
180
156
151
172
181
161
149
170
186
146
166
159
155
172
155
175
177
165
166
146
172
173
175
139
149
145
145
162
155
164
160
145
154
157
136
175
155
165
169
158
140
161
154
166
143
155
157
147
132
150
134
171
155
142
145
167
144
148
148
141
135
139
167
146
159
153
162
162
135
138
150
141
163
148
170
164
136
147
166
157
133
141
151
158
153
149
135
141
134
157
155
141
130
153
139
175
150
150
162
160
156
151
138
161
161
162
173
150
187
138
153
154
158
144
139
159
161
159
151
159
149
155
172
156
151
142
182
144
148
148
178
170
160
139
150
166
164
135
164
167
159
158
190
166
152
155
183
181
144
169
167
186
169
154
156
162
161
142
155
158
148
171
162
163
159
165
170
177
173
151
156
154
183
157
157
157
164
167
172
158
166
170
156
155
149
185
153
148
179
171
153
163
156
170
162
141
203
156
164
174
180
161
165
185
180
186
184
174
174
152
167
186
188
180
186
190
174
178
170
188
160
177
158
179
180
178
183
179
179
201
177
180
187
170
186
172
176
163
168
179
170
154
194
200
200
216
204
170
191
181
155
168
159
184
177
173
173
191
169
197
199
182
173
180
186
200
206
198
204
207
169
187
177
185
187
180
162
180
193
201
221
186
186
219
184
202
190
192
210
178
185
203
210
176
193
202
197
184
186
177
186
177
182
196
169
207
199
201
210
169
197
182
188
192
210
210
163
188
193
191
189
179
199
188
177
186
192
188
176
199
176
190
172
185
191
200
181
175
190
170
188
185
196
162
194
199
216
167
162
186
177
188
167
168
170
196
196
172
181
171
188
198
187
185
202
194
181
159
185
151
178
172
169
192
166
201
170
183
164
167
174
181
156
165
167
169
183
175
168
189
185
169
169
196
164
178
168
157
192
152
176
185
170
159
165
179
170
172
162
167
190
161
171
178
174
170
174
169
168
142
157
161
201
161
161
143
177
148
167
182
168
154
151
162
146
158
175
176
163
144
162
185
143
144
175
153
187
181
141
174
155
137
157
171
168
154
175
161
161
156
143
134
156
155
154
160
157
154
158
158
156
162
156
172
151
141
152
164
145
126
143
156
156
160
150
185
164
138
166
132
129
169
129
149
128
170
154
174
158
160
156
161
164
144
154
162
136
164
144
142
152
133
150
148
176
132
145
161
149
139
150
131
159
142
158
141
161
157
160
150
142
148
150
163
151
166
158
149
142
154
161
151
139
162
139
139
151
158
168
166
175
155
146
147
153
179
168
153
168
145
164
168
162
159
139
136
137
155
149
174
152
156
169
156
185
156
152
139
160
152
164
155
146
142
156
166
170
168
144
160
163
159
173
158
172
155
171
160
163
149
159
134
170
138
158
164
197
171
197
166
154
166
142
150
168
180
173
183
165
175
179
184
158
170
193
162
155
182
173
184
163
173
175
169
155
174
179
186
179
153
163
162
166
189
188
190
173
193
194
163
171
171
146
161
164
169
180
178
179
180
192
162
176
185
185
176
175
170
165
174
185
159
179
181
193
200
187
166
195
160
191
167
203
162
147
200
198
182
177
210
171
171
169
186
192
197
189
180
194
195
158
168
201
173
187
200
194
189
194
177
172
179
202
204
195
188
171
194
181
170
188
152
206
181
181
175
182
200
187
188
183
157
25
0
0
0
0
0
0
0
0
0
0
0
0
0
0
0
0
0
0
0
0
0
0
0
0
0
0
0
0
0
0
0
0
0
0
0
0
0
0
0
0
0
0
0
0
0
0
0
0
0
0
0
0
0
0
0
0
0
0
0
0
0
0
0
0
0
0
0
0
0
0
0
0
0
0
0
0
0
0
0
0
0
0
0
0
0
0
0
0
0
0
0
0
0
0
0
0
0
0
0
0
0
0
0
0
0
0
0
0
0
0
0
0
0
0
0
0
0
0
0
0
0
0
0
0
0
0
0
0
0
0
0
0
0
0
0
0
0
0
0
0
0
0
0
0
0
0
0
0
0
0
0
0
0
0
0
0
0
0
0
0
0
0
0
0
0
0
0
0
0
0
0
0
0
0
0
0
0
0
0
0
0
0
0
0
0
0
0
0
0
0
0
0
0
0
0
0
0
0
0
0
0
0
0
0
0
0
0
0
0
0
0
0
0
0
0
0
0
0
0
0
0
0
0
0
0
0
0
0
0
0
0
0
0
0
0
0
0
0
0
0
0
0
0
0
0
0
0
0
0
0
0
0
0
0
0
0
0
0
0
0
0
0
0
0
0
0
0
0
0
0
0
0
0
0
0
0
0
0
0
0
0
0
0
0
0
0
0
0
0
0
0
0
0
0
0
0
0
0
0
0
0
0
0
0
0
0
0
0
0
0
0
0
0
0
0
0
0
0
0
0
0
0
0
0
0
0
0
0
0
0
0
0
0
0
0
0
0
0
0
0
0
0
0
0
0
0
0
0
0
0
0
0
0
0
0
0
0
0
0
0
0
0
0
0
0
0
0
0
0
0
0
0
0
0
0
0
0
0
0
0
0
0
0
0
0
0
0
0
0
0
0
0
0
0
0
0
0
0
0
0
0
0
0
0
0
0
0
0
0
0
0
0
0
0
0
0
0
0
0
0
0
0
0
0
0
0
0
0
0
0
0
0
0
0
0
0
0
0
0
0
0
0
0
0
0
0
0
0
0
0
0
0
0
0
0
0
0
0
0
0
0
0
0
0
0
0
0
0
0
0
0
0
0
0
0
0
0
0
0
0
0
0
0
0
0
0
0
0
0
0
0
0
0
0
0
0
0
0
0
0
0
0
0
0
0
0
0
0
0
0
0
0
0
0
0
0
0
0
0
0
0
0
0
0
0
0
0
0
0
0
0
0
0
0
0
0
0
0
0
0
0
0
0
0
0
0
0
0
0
0
0
0
0
0
0
0
0
0
0
0
0
0
0
0
0
0
0
0
0
0
0
0
0
0
0
0
0
0
0
0
0
0
0
0
0
0
0
0
0
0
0
0
0
0
0
0
0
0
0
0
0
0
0
0
0
0
0
0
0
0
0
0
0
0
0
0
0
0
0
0
0
0
0
0
0
0
0
0
0
0
0
0
0
0
0
0
0
0
0
0
0
0
0
0
0
0
0
0
0
0
0
0
0
0
0
0
0
0
0
0
0
0
0
0
0
0
0
0
0
0
0
0
0
0
0
0
0
0
0
0
0
0
0
0
0
0
0
0
0
0
0
0
0
0
0
0
0
0
0
0
0
0
0
0
0
0
0
0
0
0
0
0
0
0
0
0
0
0
0
0
0
0
0
0
0
0
0
0
0
0
0
0
0
0
0
0
0
0
0
0
0
0
0
0
0
0
0
0
0
0
0
0
0
0
0
0
0
0
0
0
0
0
0
0
0
0
0
0
0
0
0
0
0
0
0
0
0
0
0
0
0
0
0
0
0
0
0
0
0
0
0
0
0
0
0
0
0
0
0
0
0
0
0
0
0
0
0
0
0
0
0
0
0
0
0
0
0
0
0
0
0
0
0
0
0
0
0
0
0
0
0
0
0
0
0
0
0
0
0
0
0
0
0
0
0
0
0
0
0
0
0
0
0
0
0
0
0
0
0
0
0
0
0
0
0
0
0
0
0
0
0
0
0
0
0
0
0
0
0
0
0
0
0
0
0
0
0
0
0
0
0
0
0
0
0
0
0
0
0
0
0
0
0
0
0
0
0
0
0
0
0
0
0
0
0
0
0
0
0
0
0
0
0
0
0
0
0
0
0
0
0
0
0
0
0
0
0
0
0
0
0
0
0
0
0
0
0
0
0
0
0
0
0
0
0
0
0
0
0
0
0
0
0
0
0
0
0
0
0
0
0
0
0
0
0
0
0
0
0
0
0
0
0
0
0
0
0
0
0
0
0
0
0
0
0
0
0
0
0
0
0
0
0
0
0
0
0
0
0
0
0
0
0
0
0
0
0
0
0
0
0
0
0
0
0
0
0
0
0
0
0
0
0
0
0
0
0
0
0
0
0
0
0
0
0
0
0
0
0
0
0
0
0
0
0
0
0
0
0
0
0
0
0
0
0
0
0
0
0
0
0
0
0
0
0
0
0
0
0
0
0
0
0
0
0
0
0
0
0
0
0
0
0
0
0
0
0
0
0
0
0
0
0
0
0
0
0
0
0
0
0
0
0
0
0
0
0
0
0
0
0
0
0
0
0
0
0
0
0
