# Measurement time [s]: 99.349
# Dwell time [us]: 20
#
# detCounts monCounts f_SF1_Hz f_SF2_Hz
148577 2000000 91700 91700
65
118
120
127
112
120
116
127
135
136
118
127
102
106
132
106
104
108
131
126
126
127
114
112
117
130
99
108
134
137
119
105
127
131
101
110
139
113
117
98
82
127
88
120
93
107
124
122
101
99
119
118
106
105
106
131
118
111
129
118
117
110
110
122
105
135
102
123
116
107
119
109
106
105
97
113
109
107
122
119
132
112
108
133
96
100
122
112
111
114
129
124
111
121
107
111
116
109
110
99
115
107
120
103
91
110
114
108
116
90
106
100
95
103
117
110
99
108
106
107
103
110
106
109
120
127
103
112
112
111
113
116
100
105
103
97
107
100
107
101
103
95
96
101
103
127
117
124
125
101
105
108
119
108
102
92
113
108
114
110
99
92
115
104
86
102
120
103
106
106
101
111
111
114
114
106
96
117
86
120
104
106
86
103
98
114
98
105
114
111
99
93
100
100
118
111
114
94
101
110
110
86
105
87
104
91
114
92
92
122
84
93
108
99
87
101
90
103
104
95
93
104
108
103
102
93
94
112
90
103
107
100
89
96
93
86
116
101
105
116
105
99
119
96
107
110
103
105
118
82
102
98
86
98
108
103
87
82
107
99
110
88
99
97
103
98
118
104
96
97
111
113
89
95
105
108
96
88
102
94
78
86
92
90
94
114
104
96
89
89
86
88
106
104
104
94
94
103
113
94
96
89
97
125
93
111
88
97
111
86
89
82
83
96
101
89
102
91
85
108
107
91
104
86
108
99
93
107
103
104
103
93
128
108
105
102
88
77
83
105
93
108
93
104
102
91
111
99
108
107
91
94
93
109
123
99
114
108
95
103
101
72
81
98
94
117
105
84
80
90
119
84
101
113
115
86
87
69
112
100
97
93
102
98
113
90
128
126
92
106
121
114
102
109
91
93
93
100
120
95
104
104
101
95
115
98
110
99
98
111
87
91
115
118
101
100
119
115
116
122
105
89
105
91
117
106
109
118
91
114
103
98
97
101
98
102
113
102
118
99
104
92
89
98
107
110
91
110
119
107
111
109
106
114
101
91
100
103
120
98
98
105
92
121
95
112
115
107
112
118
117
115
125
118
108
104
100
111
124
110
104
98
102
121
118
124
108
99
106
125
109
118
117
110
119
114
114
103
113
101
108
103
101
96
112
102
104
111
98
111
109
108
112
100
94
108
110
103
127
113
118
109
104
137
114
111
123
115
119
114
114
104
101
118
120
130
108
107
112
113
118
116
95
116
126
108
112
116
126
130
106
108
113
104
123
121
117
122
109
126
117
107
112
124
119
117
110
115
122
110
119
106
101
132
127
119
128
113
106
110
115
116
114
108
123
129
132
115
129
118
112
131
118
115
112
126
129
89
127
128
133
108
125
113
130
108
126
128
109
127
119
108
115
109
110
111
136
129
108
131
120
112
112
125
114
107
123
123
127
127
104
116
111
115
106
124
123
113
130
130
138
122
113
121
114
117
115
117
112
126
120
126
112
128
101
118
110
119
111
121
108
137
123
125
102
139
128
138
119
100
107
93
125
123
121
117
108
124
126
119
118
121
137
144
94
116
117
135
114
106
137
113
148
111
129
134
118
139
118
130
111
122
130
113
123
111
117
126
119
102
98
123
118
126
130
115
109
118
117
122
126
123
125
104
94
126
123
126
101
116
104
117
115
114
127
125
136
119
113
105
133
119
100
125
111
110
98
112
113
113
132
106
105
125
106
97
107
93
109
119
112
115
91
109
118
121
104
104
111
112
124
104
109
106
105
101
116
115
115
106
129
113
109
120
105
115
96
113
116
102
129
99
101
128
112
114
88
104
112
99
107
106
96
105
93
105
91
87
96
109
123
113
107
103
114
91
100
106
108
105
108
105
120
117
96
105
96
98
117
102
88
116
94
104
101
110
110
99
102
104
109
98
103
118
117
86
118
108
108
114
93
97
88
89
108
93
91
83
92
105
97
84
96
96
101
96
104
102
101
118
96
112
94
93
95
98
97
99
98
114
111
89
102
102
94
103
114
104
105
93
105
116
102
98
103
106
108
92
86
94
94
89
102
87
109
97
106
105
100
108
105
103
112
102
86
118
110
100
104
107
90
103
94
96
105
100
87
124
90
96
98
96
112
83
98
116
94
96
89
102
93
88
99
99
93
105
99
105
89
81
93
97
81
89
104
85
83
98
89
118
99
101
115
94
85
97
116
96
86
111
107
84
86
104
95
86
109
89
99
95
99
103
120
106
92
112
89
98
113
95
87
99
88
95
120
104
104
103
99
98
95
96
99
100
94
99
86
106
114
86
98
90
84
93
122
110
97
103
96
120
81
83
87
108
100
80
98
92
88
95
89
111
102
92
115
102
101
103
101
96
96
82
98
84
86
111
112
95
92
102
92
90
101
107
111
104
100
113
104
85
103
111
97
105
92
103
110
103
109
122
101
123
105
112
116
100
101
109
117
116
128
105
96
105
102
98
101
101
118
95
99
99
106
101
100
113
109
100
116
114
100
103
107
91
89
97
119
109
98
106
104
97
112
112
112
109
118
118
91
93
103
112
115
119
111
99
111
115
100
108
104
113
117
100
114
89
104
97
114
116
99
104
103
117
131
106
108
111
125
111
120
113
88
104
100
117
107
98
119
107
101
106
120
117
141
124
118
104
99
115
115
108
126
101
107
109
90
103
109
130
115
120
108
109
123
116
103
121
118
108
103
90
120
98
108
108
132
119
112
126
124
87
95
121
107
101
111
109
90
123
120
123
106
100
117
104
134
129
103
122
114
128
106
125
109
120
115
115
116
116
109
114
128
120
112
127
114
131
113
125
105
118
127
122
121
117
109
143
111
122
114
113
111
114
143
114
113
124
118
106
146
116
111
109
101
132
105
104
127
117
124
125
108
138
118
124
118
110
126
124
130
121
116
112
112
126
129
97
125
129
143
131
99
115
135
109
133
105
142
121
132
120
104
114
111
116
124
130
104
118
105
120
124
123
137
109
113
109
103
117
124
102
101
126
110
121
116
108
109
115
110
109
118
116
121
125
112
127
119
117
110
123
98
125
105
134
127
117
112
123
123
107
115
125
124
116
124
133
113
120
117
137
135
128
116
121
117
131
108
111
40
0
0
0
0
0
0
0
0
0
0
0
0
0
0
0
0
0
0
0
0
0
0
0
0
0
0
0
0
0
0
0
0
0
0
0
0
0
0
0
0
0
0
0
0
0
0
0
0
0
0
0
0
0
0
0
0
0
0
0
0
0
0
0
0
0
0
0
0
0
0
0
0
0
0
0
0
0
0
0
0
0
0
0
0
0
0
0
0
0
0
0
0
0
0
0
0
0
0
0
0
0
0
0
0
0
0
0
0
0
0
0
0
0
0
0
0
0
0
0
0
0
0
0
0
0
0
0
0
0
0
0
0
0
0
0
0
0
0
0
0
0
0
0
0
0
0
0
0
0
0
0
0
0
0
0
0
0
0
0
0
0
0
0
0
0
0
0
0
0
0
0
0
0
0
0
0
0
0
0
0
0
0
0
0
0
0
0
0
0
0
0
0
0
0
0
0
0
0
0
0
0
0
0
0
0
0
0
0
0
0
0
0
0
0
0
0
0
0
0
0
0
0
0
0
0
0
0
0
0
0
0
0
0
0
0
0
0
0
0
0
0
0
0
0
0
0
0
0
0
0
0
0
0
0
0
0
0
0
0
0
0
0
0
0
0
0
0
0
0
0
0
0
0
0
0
0
0
0
0
0
0
0
0
0
0
0
0
0
0
0
0
0
0
0
0
0
0
0
0
0
0
0
0
0
0
0
0
0
0
0
0
0
0
0
0
0
0
0
0
0
0
0
0
0
0
0
0
0
0
0
0
0
0
0
0
0
0
0
0
0
0
0
0
0
0
0
0
0
0
0
0
0
0
0
0
0
0
0
0
0
0
0
0
0
0
0
0
0
0
0
0
0
0
0
0
0
0
0
0
0
0
0
0
0
0
0
0
0
0
0
0
0
0
0
0
0
0
0
0
0
0
0
0
0
0
0
0
0
0
0
0
0
0
0
0
0
0
0
0
0
0
0
0
0
0
0
0
0
0
0
0
0
0
0
0
0
0
0
0
0
0
0
0
0
0
0
0
0
0
0
0
0
0
0
0
0
0
0
0
0
0
0
0
0
0
0
0
0
0
0
0
0
0
0
0
0
0
0
0
0
0
0
0
0
0
0
0
0
0
0
0
0
0
0
0
0
0
0
0
0
0
0
0
0
0
0
0
0
0
0
0
0
0
0
0
0
0
0
0
0
0
0
0
0
0
0
0
0
0
0
0
0
0
0
0
0
0
0
0
0
0
0
0
0
0
0
0
0
0
0
0
0
0
0
0
0
0
0
0
0
0
0
0
0
0
0
0
0
0
0
0
0
0
0
0
0
0
0
0
0
0
0
0
0
0
0
0
0
0
0
0
0
0
0
0
0
0
0
0
0
0
0
0
0
0
0
0
0
0
0
0
0
0
0
0
0
0
0
0
0
0
0
0
0
0
0
0
0
0
