# Measurement time [s]: 99.351
# Dwell time [us]: 20
#
# detCounts monCounts f_SF1_Hz f_SF2_Hz
148156 2000000 91700 91700
71
130
154
134
139
137
121
124
137
126
142
138
128
149
122
124
142
102
121
122
146
121
140
130
153
146
116
140
140
149
136
134
144
117
130
135
126
126
119
127
103
137
121
134
141
133
125
133
142
127
128
112
128
143
121
133
121
124
107
119
131
157
128
120
134
111
133
108
134
113
124
124
131
136
104
106
103
134
135
131
128
120
137
119
124
134
139
108
129
128
122
125
140
99
121
123
114
115
111
123
130
131
107
134
121
135
102
118
116
114
109
128
142
118
143
136
118
116
145
116
106
112
111
130
140
110
126
140
109
107
133
136
138
111
117
120
102
110
117
126
112
118
123
104
129
122
131
135
114
110
100
118
125
116
96
134
119
133
117
129
130
119
105
103
102
115
131
117
113
111
113
110
118
117
87
113
113
109
108
125
132
114
106
111
102
117
113
122
111
126
125
106
109
120
104
104
102
105
112
108
113
118
110
105
116
108
120
118
121
95
115
116
115
110
100
102
111
132
107
95
113
122
112
109
116
101
105
110
100
104
116
108
111
93
105
115
109
117
117
108
89
118
114
101
103
117
126
115
113
105
116
138
117
101
105
115
118
90
117
105
108
122
103
122
120
122
103
118
122
129
106
127
109
104
132
109
119
116
129
109
120
112
108
109
101
123
122
116
139
120
108
114
115
125
118
106
113
110
97
119
117
90
119
99
126
124
126
129
107
104
109
111
97
92
106
118
124
100
118
89
136
131
133
113
119
93
128
117
111
119
118
120
118
121
125
114
113
114
105
113
117
128
102
100
134
112
108
108
104
119
109
127
109
114
110
137
101
116
102
100
110
127
114
121
110
109
112
139
118
117
108
120
116
128
114
125
108
106
118
128
130
119
118
138
113
120
111
120
129
129
113
124
132
138
123
122
134
119
124
137
102
115
111
105
99
136
119
109
114
121
114
139
127
140
113
127
122
121
114
123
117
127
117
129
126
106
134
125
145
121
133
135
120
133
122
115
112
114
142
107
123
133
137
122
116
121
140
144
126
137
129
123
132
118
133
120
128
114
134
113
137
151
109
133
103
141
135
130
142
120
130
132
127
115
121
137
142
147
138
130
127
127
142
129
136
126
151
133
138
134
128
140
129
133
142
138
134
132
123
136
125
125
125
139
128
133
140
133
127
126
158
143
127
118
127
148
119
155
131
139
132
127
137
154
127
138
129
143
129
140
146
132
133
155
127
131
141
130
145
123
120
138
106
146
126
144
122
143
129
137
141
147
133
122
136
137
135
143
137
120
138
123
110
135
140
158
151
153
116
154
123
130
120
121
134
136
108
144
125
130
160
122
144
135
148
146
136
128
123
145
141
138
156
149
125
130
143
118
130
107
143
150
153
140
133
128
119
143
138
154
122
151
135
118
150
137
121
137
122
138
142
136
139
137
130
130
148
143
147
120
141
125
144
151
124
142
136
125
113
138
112
141
149
113
113
117
134
135
129
139
132
129
129
114
111
137
149
107
141
125
118
128
134
127
132
135
140
114
150
134
130
108
125
128
126
122
139
108
120
127
116
147
113
128
123
120
153
124
126
129
110
128
117
127
124
133
136
109
133
127
118
140
127
116
145
122
137
117
111
117
131
121
130
139
103
136
133
125
115
135
134
113
97
117
150
112
119
115
126
112
111
114
113
123
123
131
108
121
141
130
131
120
117
108
125
125
142
119
89
131
121
141
115
125
124
116
133
123
100
128
113
119
141
124
134
108
118
141
116
123
105
128
109
123
99
133
108
141
120
112
123
118
135
115
109
91
116
99
106
105
115
110
103
128
113
111
108
120
114
122
104
106
109
106
120
114
106
131
106
120
108
126
120
103
112
100
112
101
93
119
102
108
93
117
117
122
100
110
112
103
108
113
116
110
120
112
96
109
126
106
110
103
118
102
104
113
99
121
118
95
113
113
98
106
128
126
114
105
117
107
119
114
126
96
94
120
99
128
102
124
111
127
129
103
126
102
109
134
129
104
120
119
118
112
100
113
110
121
96
104
94
121
98
123
117
100
97
118
138
99
126
112
118
107
108
95
110
117
110
119
125
119
102
105
124
113
112
115
114
115
116
124
113
104
113
114
123
104
135
119
107
106
125
102
108
124
121
105
98
113
128
99
116
105
109
102
108
113
108
112
126
110
98
127
91
115
101
117
120
114
119
100
120
120
110
102
113
128
118
117
116
107
110
126
121
123
115
127
120
116
121
109
106
115
112
127
116
117
120
104
123
115
141
116
125
117
112
123
134
122
112
106
118
118
115
126
122
107
114
136
116
122
144
102
120
112
131
116
127
125
119
145
130
114
124
138
140
119
129
121
114
142
138
117
106
117
119
108
131
109
127
136
124
143
133
122
113
122
119
128
122
127
101
128
125
130
136
130
134
130
131
141
135
142
120
124
133
119
108
134
126
130
148
128
148
137
127
128
145
124
140
119
132
101
127
121
146
117
124
141
118
155
131
139
125
141
125
136
135
113
139
136
124
136
123
128
142
127
146
127
125
127
137
144
128
132
126
139
137
140
138
128
152
126
127
134
149
155
152
133
152
149
145
139
133
146
141
139
135
130
129
131
136
121
126
141
143
122
143
138
134
143
146
143
150
123
125
147
134
131
125
151
140
128
122
132
139
145
139
119
125
140
153
140
131
132
134
144
125
138
115
137
137
140
132
134
133
124
164
120
133
151
138
127
156
148
145
105
136
135
133
138
131
147
122
43
0
0
0
0
0
0
0
0
0
0
0
0
0
0
0
0
0
0
0
0
0
0
0
0
0
0
0
0
0
0
0
0
0
0
0
0
0
0
0
0
0
0
0
0
0
0
0
0
0
0
0
0
0
0
0
0
0
0
0
0
0
0
0
0
0
0
0
0
0
0
0
0
0
0
0
0
0
0
0
0
0
0
0
0
0
0
0
0
0
0
0
0
0
0
0
0
0
0
0
0
0
0
0
0
0
0
0
0
0
0
0
0
0
0
0
0
0
0
0
0
0
0
0
0
0
0
0
0
0
0
0
0
0
0
0
0
0
0
0
0
0
0
0
0
0
0
0
0
0
0
0
0
0
0
0
0
0
0
0
0
0
0
0
0
0
0
0
0
0
0
0
0
0
0
0
0
0
0
0
0
0
0
0
0
0
0
0
0
0
0
0
0
0
0
0
0
0
0
0
0
0
0
0
0
0
0
0
0
0
0
0
0
0
0
0
0
0
0
0
0
0
0
0
0
0
0
0
0
0
0
0
0
0
0
0
0
0
0
0
0
0
0
0
0
0
0
0
0
0
0
0
0
0
0
0
0
0
0
0
0
0
0
0
0
0
0
0
0
0
0
0
0
0
0
0
0
0
0
0
0
0
0
0
0
0
0
0
0
0
0
0
0
0
0
0
0
0
0
0
0
0
0
0
0
0
0
0
0
0
0
0
0
0
0
0
0
0
0
0
0
0
0
0
0
0
0
0
0
0
0
0
0
0
0
0
0
0
0
0
0
0
0
0
0
0
0
0
0
0
0
0
0
0
0
0
0
0
0
0
0
0
0
0
0
0
0
0
0
0
0
0
0
0
0
0
0
0
0
0
0
0
0
0
0
0
0
0
0
0
0
0
0
0
0
0
0
0
0
0
0
0
0
0
0
0
0
0
0
0
0
0
0
0
0
0
0
0
0
0
0
0
0
0
0
0
0
0
0
0
0
0
0
0
0
0
0
0
0
0
0
0
0
0
0
0
0
0
0
0
0
0
0
0
0
0
0
0
0
0
0
0
0
0
0
0
0
0
0
0
0
0
0
0
0
0
0
0
0
0
0
0
0
0
0
0
0
0
0
0
0
0
0
0
0
0
0
0
0
0
0
0
0
0
0
0
0
0
0
0
0
0
0
0
0
0
0
0
0
0
0
0
0
0
0
0
0
0
0
0
0
0
0
0
0
0
0
0
0
0
0
0
0
0
0
0
0
0
0
0
0
0
0
0
0
0
0
0
0
0
0
0
0
0
0
0
0
0
0
0
0
0
0
0
0
0
0
0
0
0
0
0
0
0
0
0
0
0
0
0
0
0
0
0
0
0
0
0
0
0
0
0
0
0
0
0
0
0
0
0
0
0
0
0
0
0
0
0
0
0
0
0
0
0
0
0
0
0
0
0
0
0
0
0
0
0
0
0
0
0
0
0
0
0
0
0
0
0
0
0
0
0
0
0
0
0
0
0
0
0
0
0
0
0
0
0
0
0
0
0
0
0
0
0
0
0
0
0
0
0
0
0
0
0
0
0
0
0
0
0
0
0
0
0
0
0
0
0
0
0
0
0
0
0
0
0
0
0
0
0
0
0
0
0
0
0
0
0
0
0
0
0
0
0
0
0
0
0
0
0
0
0
0
0
0
0
0
0
0
0
0
0
0
0
0
0
0
0
0
0
0
0
0
0
0
0
0
0
0
0
0
0
0
0
0
0
0
0
0
0
0
0
0
0
0
0
0
0
0
0
0
0
0
0
0
0
0
0
0
0
0
0
0
0
0
