# Measurement time [s]: 109.383
# Dwell time [us]: 20
#
# detCounts monCounts f_SF1_Hz f_SF2_Hz
138303 2000000 91700 91700
74
98
132
115
113
111
129
130
112
104
128
136
113
96
101
134
103
117
115
114
136
110
122
115
128
114
123
113
125
118
119
120
129
119
92
99
116
113
121
116
109
121
113
107
118
138
125
123
121
131
116
100
121
111
96
124
122
115
133
112
129
95
121
130
119
130
119
129
115
113
114
111
107
107
107
118
113
118
110
124
128
110
110
133
111
120
109
118
93
109
114
112
122
119
112
125
109
114
114
111
100
118
119
118
113
97
122
106
98
119
115
120
113
123
90
100
110
114
110
115
120
116
94
108
116
104
96
99
108
100
117
100
110
101
104
115
130
95
100
115
122
105
109
111
104
97
120
97
102
107
100
96
120
95
95
97
112
96
89
92
116
100
113
108
100
100
97
113
92
106
95
99
93
80
87
109
97
105
96
95
99
104
93
107
104
111
105
95
108
90
92
101
101
81
107
108
77
97
96
98
96
96
87
81
92
112
87
94
98
101
109
109
87
88
103
93
95
80
116
99
110
94
90
100
85
95
95
100
106
100
96
82
91
91
97
92
84
88
92
92
102
92
102
110
90
104
97
81
103
112
105
96
104
103
100
106
100
115
92
75
94
84
106
103
113
105
82
87
91
109
99
90
93
89
85
82
93
96
96
83
79
102
88
100
95
86
99
92
101
103
88
103
91
118
85
120
66
108
73
94
76
90
96
105
107
105
107
97
90
107
103
98
84
99
95
93
95
110
113
99
96
102
98
100
98
99
97
91
86
85
98
93
94
91
99
103
100
95
116
91
96
108
116
104
114
92
105
82
91
87
99
85
105
105
119
119
113
94
101
100
103
87
105
104
95
86
104
125
107
97
89
83
115
96
98
132
99
90
95
112
96
111
102
92
86
105
108
97
122
94
97
91
117
113
106
105
106
103
116
106
96
122
101
103
109
124
120
117
111
119
110
98
115
101
102
97
92
101
107
103
129
104
111
91
85
115
112
90
106
132
112
128
101
114
104
117
107
95
103
118
112
125
103
99
97
107
91
111
97
92
112
133
124
118
94
115
103
113
107
99
128
105
124
119
96
83
108
101
111
130
115
110
112
130
103
115
109
102
103
128
104
107
117
95
113
116
120
100
138
105
117
137
103
118
122
111
103
126
106
140
94
116
112
118
118
133
116
124
106
112
122
118
101
123
113
108
124
114
129
117
126
125
110
126
132
117
106
107
108
140
140
122
118
117
130
118
111
125
137
105
144
108
121
118
110
126
118
124
111
137
101
121
117
115
119
118
132
117
111
103
144
128
92
119
134
124
107
117
104
102
122
122
127
116
139
130
128
117
121
135
142
108
131
116
117
117
133
122
111
110
147
113
137
128
127
121
135
111
122
110
121
123
113
120
114
120
118
135
102
117
119
133
127
124
117
123
129
104
114
117
132
114
111
126
120
133
96
131
131
100
113
125
119
126
104
117
110
110
132
131
106
127
116
124
123
132
130
109
104
128
137
117
129
137
125
119
104
134
135
118
133
118
149
125
119
109
113
107
108
112
120
126
117
124
115
119
116
98
111
119
114
121
117
124
120
107
133
111
129
121
111
110
120
112
118
112
116
118
129
124
116
112
111
127
105
94
131
109
125
120
125
121
121
116
109
100
104
125
124
128
119
137
117
124
111
111
113
106
107
130
104
117
116
122
105
124
104
104
120
128
124
119
108
109
100
116
115
105
111
108
94
95
92
103
125
114
109
103
107
116
117
129
98
105
111
114
126
96
95
116
93
101
119
112
98
77
96
128
112
107
113
101
104
106
105
120
95
118
103
92
117
100
114
96
89
121
97
123
97
80
110
127
100
105
100
105
116
101
97
106
97
84
98
87
101
121
94
98
97
126
107
95
108
98
103
95
96
119
93
130
101
76
103
92
96
106
92
97
111
102
84
115
114
76
95
84
104
91
121
108
110
105
117
103
92
93
81
87
94
100
95
100
95
99
95
101
94
90
90
84
101
99
89
91
101
114
108
93
96
93
98
111
89
85
99
87
101
95
105
92
108
100
104
99
114
87
106
95
99
100
101
92
108
87
112
115
109
102
95
98
87
99
104
94
84
110
94
99
91
100
93
111
79
106
109
107
97
87
100
101
98
102
108
93
115
82
104
81
94
101
115
106
104
100
96
104
102
99
98
96
103
77
98
106
102
110
101
106
84
97
95
117
99
95
103
89
103
103
85
95
108
102
87
100
121
110
118
103
84
102
117
101
91
94
91
96
92
95
105
92
106
99
107
99
103
110
106
89
93
100
97
104
107
85
98
106
117
109
101
95
108
101
97
106
107
108
92
100
110
118
100
106
111
86
114
107
114
103
106
99
111
103
97
109
116
117
107
84
115
91
118
113
106
108
94
111
128
124
105
96
95
105
100
128
95
102
99
128
93
109
110
117
116
100
120
94
128
97
121
107
105
125
108
109
91
97
108
126
128
101
116
99
118
108
125
111
121
127
118
114
100
123
112
124
101
138
112
112
129
108
103
133
115
120
120
110
112
108
113
109
103
111
101
116
120
106
107
116
118
124
121
107
88
117
95
108
86
116
100
112
133
117
115
121
112
132
113
97
120
117
110
110
112
124
108
108
125
106
113
127
94
128
125
116
141
129
107
98
110
116
121
109
108
134
128
119
122
119
117
128
126
117
109
147
129
139
147
113
128
139
140
124
138
130
117
128
96
110
120
127
123
135
124
114
154
127
115
135
127
124
126
117
146
125
108
129
121
118
125
134
114
141
117
112
126
130
116
123
125
129
121
111
121
128
120
96
133
107
140
148
102
106
140
124
119
132
131
132
131
121
121
121
125
127
100
126
122
111
135
131
130
118
118
120
120
123
117
145
132
109
121
127
114
105
118
109
32
0
0
0
0
0
0
0
0
0
0
0
0
0
0
0
0
0
0
0
0
0
0
0
0
0
0
0
0
0
0
0
0
0
0
0
0
0
0
0
0
0
0
0
0
0
0
0
0
0
0
0
0
0
0
0
0
0
0
0
0
0
0
0
0
0
0
0
0
0
0
0
0
0
0
0
0
0
0
0
0
0
0
0
0
0
0
0
0
0
0
0
0
0
0
0
0
0
0
0
0
0
0
0
0
0
0
0
0
0
0
0
0
0
0
0
0
0
0
0
0
0
0
0
0
0
0
0
0
0
0
0
0
0
0
0
0
0
0
0
0
0
0
0
0
0
0
0
0
0
0
0
0
0
0
0
0
0
0
0
0
0
0
0
0
0
0
0
0
0
0
0
0
0
0
0
0
0
0
0
0
0
0
0
0
0
0
0
0
0
0
0
0
0
0
0
0
0
0
0
0
0
0
0
0
0
0
0
0
0
0
0
0
0
0
0
0
0
0
0
0
0
0
0
0
0
0
0
0
0
0
0
0
0
0
0
0
0
0
0
0
0
0
0
0
0
0
0
0
0
0
0
0
0
0
0
0
0
0
0
0
0
0
0
0
0
0
0
0
0
0
0
0
0
0
0
0
0
0
0
0
0
0
0
0
0
0
0
0
0
0
0
0
0
0
0
0
0
0
0
0
0
0
0
0
0
0
0
0
0
0
0
0
0
0
0
0
0
0
0
0
0
0
0
0
0
0
0
0
0
0
0
0
0
0
0
0
0
0
0
0
0
0
0
0
0
0
0
0
0
0
0
0
0
0
0
0
0
0
0
0
0
0
0
0
0
0
0
0
0
0
0
0
0
0
0
0
0
0
0
0
0
0
0
0
0
0
0
0
0
0
0
0
0
0
0
0
0
0
0
0
0
0
0
0
0
0
0
0
0
0
0
0
0
0
0
0
0
0
0
0
0
0
0
0
0
0
0
0
0
0
0
0
0
0
0
0
0
0
0
0
0
0
0
0
0
0
0
0
0
0
0
0
0
0
0
0
0
0
0
0
0
0
0
0
0
0
0
0
0
0
0
0
0
0
0
0
0
0
0
0
0
0
0
0
0
0
0
0
0
0
0
0
0
0
0
0
0
0
0
0
0
0
0
0
0
0
0
0
0
0
0
0
0
0
0
0
0
0
0
0
0
0
0
0
0
0
0
0
0
0
0
0
0
0
0
0
0
0
0
0
0
0
0
0
0
0
0
0
0
0
0
0
0
0
0
0
0
0
0
0
0
0
0
0
0
0
0
0
0
0
0
0
0
0
0
0
0
0
0
0
0
0
0
0
0
0
0
0
0
0
0
0
0
0
0
0
0
0
0
0
0
0
0
0
0
0
0
0
0
0
0
0
0
0
0
0
0
0
0
0
0
0
0
0
0
0
0
0
0
0
0
0
0
0
0
0
0
0
0
0
0
0
0
0
0
0
0
0
0
0
0
0
0
0
0
0
0
0
0
0
0
0
0
0
0
0
0
0
0
0
0
0
0
0
0
0
0
0
0
0
0
0
0
0
0
0
0
0
0
0
0
0
0
0
0
0
0
0
0
0
0
0
0
0
0
0
0
0
0
0
0
0
0
0
0
0
0
0
0
0
0
0
0
0
0
0
0
0
0
0
0
0
0
