# Measurement time [s]: 109.387
# Dwell time [us]: 20
#
# detCounts monCounts f_SF1_Hz f_SF2_Hz
138313 2000000 91700 91700
64
98
83
111
103
111
104
121
111
98
88
107
117
122
108
97
117
117
110
101
110
95
109
96
110
93
100
94
102
123
95
105
104
120
92
106
82
100
114
134
110
102
104
110
106
97
107
105
100
107
103
103
121
94
103
100
107
109
98
113
125
99
100
97
105
105
105
107
115
95
114
105
111
100
112
92
107
108
72
103
110
96
102
104
110
115
101
108
96
107
108
107
97
113
92
99
95
109
107
105
107
108
112
90
89
93
95
101
97
97
119
98
108
113
86
99
98
85
98
96
96
117
96
92
108
81
90
92
96
91
96
90
89
86
88
104
111
82
94
103
95
99
77
97
100
85
131
95
88
94
87
83
112
95
86
83
88
98
105
92
99
94
83
89
90
91
83
82
92
77
99
92
87
103
86
90
106
93
95
90
75
79
80
99
111
104
79
79
101
91
78
86
75
84
100
85
93
98
104
101
87
89
94
104
83
90
94
108
98
105
107
83
81
88
97
74
93
88
97
96
87
85
101
90
85
97
108
96
99
90
89
93
100
99
100
77
87
57
89
95
88
89
81
109
77
82
85
85
79
110
85
80
96
78
92
85
105
83
72
94
80
95
94
90
79
90
89
76
84
94
94
83
70
97
104
100
81
62
83
77
73
89
84
78
86
83
78
103
85
80
75
79
86
94
81
87
85
97
77
83
88
99
78
95
75
83
93
90
84
81
73
79
91
93
76
88
92
92
81
73
95
88
96
94
102
91
98
90
87
104
87
96
110
84
87
72
95
90
77
81
107
85
93
80
89
99
84
95
81
93
101
85
88
74
92
86
91
74
87
80
89
99
86
91
96
94
91
94
98
79
92
90
90
75
90
80
95
94
83
77
90
77
85
91
87
82
86
94
81
80
87
76
72
103
89
89
94
95
88
95
76
82
85
91
91
82
76
76
98
94
103
104
90
89
62
95
93
98
95
105
79
97
88
104
99
81
83
87
111
92
99
107
78
99
78
112
100
114
94
99
95
94
97
89
95
85
93
115
75
88
98
90
90
89
102
96
100
97
101
106
98
100
105
97
82
100
92
91
87
102
86
96
109
94
96
111
93
110
98
88
92
126
96
82
89
95
88
97
114
95
113
87
94
101
102
100
109
102
85
97
96
95
103
98
91
88
86
86
113
98
118
92
115
94
111
93
83
92
106
98
100
113
117
105
95
95
103
103
95
96
105
87
110
97
119
97
105
89
120
103
91
115
97
78
116
102
99
88
112
103
92
96
107
99
112
97
114
101
105
101
89
107
102
96
120
98
99
114
91
110
100
96
104
90
98
97
105
113
91
100
88
121
100
114
119
89
101
122
110
111
93
99
106
93
120
107
110
88
107
77
122
112
108
111
127
91
115
89
103
128
109
123
106
84
97
111
109
101
116
80
112
104
107
115
83
108
99
105
113
106
112
100
117
115
124
128
91
118
112
111
107
104
106
114
111
116
103
80
113
102
113
104
104
98
120
101
99
93
92
111
112
104
115
148
116
92
105
113
116
105
117
117
112
104
95
123
115
100
107
100
118
104
113
117
100
113
113
102
120
113
114
104
110
121
107
114
101
97
108
102
103
113
109
100
108
116
119
103
105
103
109
108
113
106
135
112
97
109
99
107
102
99
91
106
115
113
112
90
88
99
100
95
104
104
108
105
117
88
96
104
118
100
106
93
106
113
102
99
84
107
102
122
92
90
108
96
114
109
83
100
104
112
90
98
93
108
105
101
96
103
119
104
108
104
93
85
114
93
118
98
101
95
99
95
103
99
99
131
96
108
92
94
105
81
98
125
114
100
105
116
104
116
97
87
101
96
120
112
104
104
76
132
105
96
103
103
99
90
89
103
94
102
103
113
93
100
93
91
83
89
103
99
102
105
113
91
97
103
83
79
88
92
79
98
98
95
78
92
91
99
98
94
99
90
99
100
103
98
83
100
93
92
96
98
95
84
82
103
79
102
80
101
70
91
91
88
82
87
100
97
104
99
85
87
101
90
83
98
130
110
77
98
95
84
75
89
84
86
72
87
84
95
102
109
86
102
78
78
93
82
87
90
77
88
96
99
88
91
96
85
90
92
92
89
69
82
82
76
96
100
88
88
79
84
88
94
81
87
86
92
79
72
85
80
92
94
90
85
85
79
81
96
77
104
85
84
76
94
96
101
85
87
97
102
93
85
79
78
79
81
80
84
102
75
74
82
68
89
98
85
89
100
93
83
82
75
96
90
87
83
101
101
112
81
76
103
81
81
103
75
83
78
79
90
101
87
78
86
96
85
101
92
77
72
73
84
81
87
88
91
97
81
59
82
85
81
69
93
72
88
69
86
85
93
100
85
70
71
87
109
92
88
82
77
98
83
98
82
90
91
92
96
76
101
80
77
83
77
95
97
91
96
87
100
92
100
111
95
82
90
93
77
85
99
82
92
71
98
90
82
95
102
91
79
87
80
91
80
75
80
89
82
66
71
85
81
100
88
94
82
96
82
87
70
93
94
79
88
104
76
80
84
88
90
67
85
103
81
76
91
78
96
89
100
91
95
106
72
86
102
80
85
87
92
94
78
83
98
105
84
98
97
95
89
98
102
87
89
82
79
97
110
101
91
85
86
104
84
102
110
116
89
98
102
110
96
100
98
98
91
91
78
94
96
90
75
104
84
77
90
77
117
109
104
97
87
117
108
106
92
107
84
111
96
114
108
101
94
99
79
87
130
117
88
91
98
96
109
106
102
95
105
74
83
96
83
94
83
107
94
98
85
97
99
98
106
96
94
92
94
108
96
108
90
91
96
91
108
93
101
99
108
91
112
121
87
91
93
86
111
96
103
92
98
102
90
112
87
114
104
104
119
122
114
104
106
103
109
86
104
97
94
98
94
96
106
126
110
84
86
86
109
110
118
92
108
103
95
103
95
120
98
123
106
105
88
109
105
102
109
100
104
102
118
110
102
111
125
118
110
113
118
105
117
93
101
122
101
103
122
122
103
108
91
91
117
113
100
93
118
121
114
111
83
102
118
107
112
113
112
102
100
112
111
134
93
98
113
92
112
102
99
104
101
96
114
112
110
117
119
111
110
111
124
101
112
103
91
109
108
123
119
118
94
107
97
109
114
128
75
87
100
101
111
110
94
117
92
100
97
91
90
98
108
123
109
109
124
96
89
117
98
106
91
95
124
122
104
124
103
108
95
102
117
116
120
105
103
109
106
99
107
107
119
101
120
96
110
99
14
0
0
0
0
0
0
0
0
0
0
0
0
0
0
0
0
0
0
0
0
0
0
0
0
0
0
0
0
0
0
0
0
0
0
0
0
0
0
0
0
0
0
0
0
0
0
0
0
0
0
0
0
0
0
0
0
0
0
0
0
0
0
0
0
0
0
0
0
0
0
0
0
0
0
0
0
0
0
0
0
0
0
0
0
0
0
0
0
0
0
0
0
0
0
0
0
0
0
0
0
0
0
0
0
0
0
0
0
0
0
0
0
0
0
0
0
0
0
0
0
0
0
0
0
0
0
0
0
0
0
0
0
0
0
0
0
0
0
0
0
0
0
0
0
0
0
0
0
0
0
0
0
0
0
0
0
0
0
0
0
0
0
0
0
0
0
0
0
0
0
0
0
0
0
0
0
0
0
0
0
0
0
0
0
0
0
0
0
0
0
0
0
0
0
0
0
0
0
0
0
0
0
0
0
0
0
0
0
0
0
0
0
0
0
0
0
0
0
0
0
0
0
0
0
0
0
0
0
0
0
0
0
0
0
0
0
0
0
0
0
0
0
0
0
0
0
0
0
0
0
0
0
0
0
0
0
0
0
0
0
0
0
0
0
0
0
0
0
0
0
0
0
0
0
0
0
0
0
0
0
0
0
0
0
0
0
0
0
0
0
0
0
0
0
0
0
0
0
0
0
0
0
0
0
0
0
0
0
0
0
0
0
0
0
0
0
0
0
0
0
0
0
0
0
0
0
0
0
0
0
0
0
0
0
0
0
0
0
0
0
0
0
0
0
0
0
0
0
0
0
0
0
0
0
0
0
0
0
0
0
0
0
0
0
0
0
0
0
0
0
0
0
0
0
0
0
0
0
0
0
0
0
0
0
0
0
0
0
0
0
0
0
0
0
0
0
0
0
0
0
0
0
0
0
0
0
0
0
0
0
0
0
0
0
0
0
0
0
0
0
0
0
0
0
0
0
0
0
0
0
0
0
0
0
0
0
0
0
0
0
0
0
0
0
0
0
0
0
0
0
0
0
0
0
0
0
0
0
0
0
0
0
0
0
0
0
0
0
0
0
0
0
0
0
0
0
0
0
0
0
0
0
0
0
0
0
0
0
0
0
0
0
0
0
0
0
0
0
0
0
0
0
0
0
0
0
0
0
0
0
0
0
0
0
0
0
0
0
0
0
0
0
0
0
0
0
0
0
0
0
0
0
0
0
0
0
0
0
0
0
0
0
0
0
0
0
0
0
0
0
0
0
0
0
0
0
0
0
0
0
0
0
0
0
0
0
0
0
0
0
