# Measurement time [s]: 109.387
# Dwell time [us]: 20
#
# detCounts monCounts f_SF1_Hz f_SF2_Hz
143825 2000000 91700 91700
139
229
221
242
245
242
238
247
246
250
243
269
278
239
281
247
241
251
227
214
232
249
226
248
235
244
237
254
226
231
227
265
283
218
263
207
210
269
259
252
271
240
272
270
253
260
250
237
226
240
221
248
269
259
233
274
218
253
255
231
242
260
236
248
251
235
250
230
235
221
222
244
268
235
231
256
234
265
243
215
215
252
250
229
235
233
246
255
224
232
217
219
232
237
229
248
240
214
214
208
214
264
203
241
237
220
236
207
206
245
236
203
231
231
235
218
212
252
222
229
210
248
226
197
205
217
212
228
202
192
220
213
200
237
219
215
208
234
205
205
191
228
197
199
206
188
193
198
208
191
208
216
192
206
205
201
196
190
208
187
212
209
206
207
216
177
207
183
210
221
197
197
184
198
197
175
194
199
221
215
205
222
210
197
187
208
190
170
197
210
177
179
194
181
201
180
201
185
167
192
201
191
216
226
191
194
173
203
196
200
223
176
216
199
184
199
201
213
222
217
199
214
209
201
188
196
209
223
175
186
216
188
217
199
203
211
213
194
225
189
191
200
184
219
205
209
204
200
186
171
206
203
223
229
236
188
208
225
240
222
215
197
201
210
190
225
214
225
225
201
210
199
213
212
230
215
205
195
226
247
193
233
222
234
230
242
227
227
205
233
218
230
243
237
235
242
222
243
238
242
240
240
221
263
215
220
245
218
252
252
219
243
280
230
225
223
254
232
233
260
233
271
233
243
238
254
239
237
245
245
256
240
245
249
250
233
211
233
254
242
265
256
275
216
250
226
238
247
260
241
222
238
238
258
258
227
221
203
230
226
259
249
243
253
246
226
241
239
230
230
233
272
229
257
262
232
259
246
259
274
249
249
227
235
251
237
219
246
240
227
244
239
225
227
234
269
224
250
246
232
241
235
218
243
228
234
221
268
226
219
231
228
245
237
227
231
246
230
261
230
211
221
209
228
240
208
219
243
206
252
227
220
210
216
227
243
240
208
236
225
243
218
218
231
243
184
183
232
215
218
210
212
228
201
194
216
218
209
214
196
211
213
209
226
208
199
189
222
227
193
201
218
216
212
246
201
188
195
212
213
171
202
217
206
214
214
204
215
190
196
223
183
215
182
177
193
193
223
213
195
195
187
230
195
208
200
232
196
202
191
195
200
201
192
193
205
204
229
207
189
189
213
183
225
225
221
205
200
195
197
209
189
177
218
210
182
197
200
227
188
192
204
189
187
198
196
186
186
209
202
201
213
206
208
218
189
194
199
199
208
211
210
191
195
202
202
201
208
186
195
227
245
225
220
217
180
222
217
200
209
240
222
197
225
202
230
216
222
196
203
227
218
242
224
208
206
208
205
214
246
214
246
236
211
227
233
242
237
193
251
252
215
226
228
204
226
242
223
223
253
221
223
256
247
205
243
223
244
224
229
248
252
200
238
213
234
214
221
224
236
245
239
221
239
254
229
237
258
239
187
15
0
0
0
0
0
0
0
0
0
0
0
0
0
0
0
0
0
0
0
0
0
0
0
0
0
0
0
0
0
0
0
0
0
0
0
0
0
0
0
0
0
0
0
0
0
0
0
0
0
0
0
0
0
0
0
0
0
0
0
0
0
0
0
0
0
0
0
0
0
0
0
0
0
0
0
0
0
0
0
0
0
0
0
0
0
0
0
0
0
0
0
0
0
0
0
0
0
0
0
0
0
0
0
0
0
0
0
0
0
0
0
0
0
0
0
0
0
0
0
0
0
0
0
0
0
0
0
0
0
0
0
0
0
0
0
0
0
0
0
0
0
0
0
0
0
0
0
0
0
0
0
0
0
0
0
0
0
0
0
0
0
0
0
0
0
0
0
0
0
0
0
0
0
0
0
0
0
0
0
0
0
0
0
0
0
0
0
0
0
0
0
0
0
0
0
0
0
0
0
0
0
0
0
0
0
0
0
0
0
0
0
0
0
0
0
0
0
0
0
0
0
0
0
0
0
0
0
0
0
0
0
0
0
0
0
0
0
0
0
0
0
0
0
0
0
0
0
0
0
0
0
0
0
0
0
0
0
0
0
0
0
0
0
0
0
0
0
0
0
0
0
0
0
0
0
0
0
0
0
0
0
0
0
0
0
0
0
0
0
0
0
0
0
0
0
0
0
0
0
0
0
0
0
0
0
0
0
0
0
0
0
0
0
0
0
0
0
0
0
0
0
0
0
0
0
0
0
0
0
0
0
0
0
0
0
0
0
0
0
0
0
0
0
0
0
0
0
0
0
0
0
0
0
0
0
0
0
0
0
0
0
0
0
0
0
0
0
0
0
0
0
0
0
0
0
0
0
0
0
0
0
0
0
0
0
0
0
0
0
0
0
0
0
0
0
0
0
0
0
0
0
0
0
0
0
0
0
0
0
0
0
0
0
0
0
0
0
0
0
0
0
0
0
0
0
0
0
0
0
0
0
0
0
0
0
0
0
0
0
0
0
0
0
0
0
0
0
0
0
0
0
0
0
0
0
0
0
0
0
0
0
0
0
0
0
0
0
0
0
0
0
0
0
0
0
0
0
0
0
0
0
0
0
0
0
0
0
0
0
0
0
0
0
0
0
0
0
0
0
0
0
0
0
0
0
0
0
0
0
0
0
0
0
0
0
0
0
0
0
0
0
0
0
0
0
0
0
0
0
0
0
0
0
0
0
0
0
0
0
0
0
0
0
0
0
0
0
0
0
0
0
0
0
0
0
0
0
0
0
0
0
0
0
0
0
0
0
0
0
0
0
0
0
0
0
0
0
0
0
0
0
0
0
0
0
0
0
0
0
0
0
0
0
0
0
0
0
0
0
0
0
0
0
0
0
0
0
0
0
0
0
0
0
0
0
0
0
0
0
0
0
0
0
0
0
0
0
0
0
0
0
0
0
0
0
0
0
0
0
0
0
0
0
0
0
0
0
0
0
0
0
0
0
0
0
0
0
0
0
0
0
0
0
0
0
0
0
0
0
0
0
0
0
0
0
0
0
0
0
0
0
0
0
0
0
0
0
0
0
0
0
0
0
0
0
0
0
0
0
0
0
0
0
0
0
0
0
0
0
0
0
0
0
0
0
0
0
0
0
0
0
0
0
0
0
0
0
0
0
0
0
0
0
0
0
0
0
0
0
0
0
0
0
0
0
0
0
0
0
0
0
0
0
0
0
0
0
0
0
0
0
0
0
0
0
0
0
0
0
0
0
0
0
0
0
0
0
0
0
0
0
0
0
0
0
0
0
0
0
0
0
0
0
0
0
0
0
0
0
0
0
0
0
0
0
0
0
0
0
0
0
0
0
0
0
0
0
0
0
0
0
0
0
0
0
0
0
0
0
0
0
0
0
0
0
0
0
0
0
0
0
0
0
0
0
0
0
0
0
0
0
0
0
0
0
0
0
0
0
0
0
0
0
0
0
0
0
0
0
0
0
0
0
0
0
0
0
0
0
0
0
0
0
0
0
0
0
0
0
0
0
0
0
0
0
0
0
0
0
0
0
0
0
0
0
0
0
0
0
0
0
0
0
0
0
0
0
0
0
0
0
0
0
0
0
0
0
0
0
0
0
0
0
0
0
0
0
0
0
0
0
0
0
0
0
0
0
0
0
0
0
0
0
0
0
0
0
0
0
0
0
0
0
0
0
0
0
0
0
0
0
0
0
0
0
0
0
0
0
0
0
0
0
0
0
0
0
0
0
0
0
0
0
0
0
0
0
0
0
0
0
0
0
0
0
0
0
0
0
0
0
0
0
0
0
0
0
0
0
0
0
0
0
0
0
0
0
0
0
0
0
0
0
0
0
0
0
0
0
0
0
0
0
0
0
0
0
0
0
0
0
0
0
0
0
0
0
0
0
0
0
0
0
0
0
0
0
0
0
0
0
0
0
0
0
0
0
0
0
0
0
0
0
0
0
0
0
0
0
0
0
0
0
0
0
0
0
0
0
0
0
0
0
0
0
0
0
0
0
0
0
0
0
0
0
0
0
0
0
0
0
0
0
0
0
0
0
0
0
0
0
0
0
0
0
0
0
0
0
0
0
0
0
0
0
0
0
0
0
0
0
0
0
0
0
0
0
0
0
0
0
0
0
0
0
0
0
0
0
0
0
0
0
0
0
0
0
0
0
0
0
0
0
0
0
0
0
0
0
0
0
0
0
0
0
0
0
0
0
0
0
0
0
0
0
0
0
0
0
0
0
0
0
0
0
0
0
0
0
0
0
0
0
0
0
0
0
0
0
0
0
0
0
0
0
0
0
0
0
0
0
0
0
0
0
0
0
0
0
0
0
0
0
0
0
0
0
0
0
0
0
0
0
0
0
0
0
0
0
0
0
0
0
0
0
0
0
0
0
0
0
0
0
0
0
0
0
0
0
0
0
0
0
0
0
0
0
0
0
0
0
0
0
0
0
0
0
0
0
0
0
0
0
0
0
0
0
0
0
0
0
0
0
0
0
0
0
0
0
0
0
0
0
0
0
0
0
0
0
0
0
0
0
0
0
0
0
0
0
