# Measurement time [s]: 99.352
# Dwell time [us]: 20
#
# detCounts monCounts f_SF1_Hz f_SF2_Hz
147316 2000001 91700 91700
113
212
191
199
193
239
211
238
205
210
199
194
219
215
213
209
228
231
223
197
198
176
230
206
218
183
211
189
181
210
211
204
194
219
194
208
236
224
233
214
191
219
242
203
228
196
212
188
221
207
208
216
203
216
203
215
217
203
196
214
213
204
227
222
192
214
182
205
200
194
189
201
213
207
212
206
207
219
213
197
177
211
181
212
206
179
195
217
212
200
193
215
186
174
246
194
188
185
187
209
175
197
208
189
214
198
169
202
185
202
170
175
198
173
187
175
191
191
193
178
190
198
208
190
211
210
189
193
194
184
191
172
164
192
176
190
204
188
172
192
191
161
186
171
202
184
173
180
164
191
181
199
172
198
197
175
166
169
163
154
188
191
168
188
183
172
197
170
181
185
187
159
163
198
162
169
175
196
166
172
168
151
176
160
161
183
178
194
176
185
171
175
189
161
163
147
201
159
192
154
161
186
169
190
153
162
182
161
176
168
145
166
191
183
164
166
190
181
185
155
171
159
183
139
182
168
184
185
184
165
155
191
178
156
163
181
170
161
147
195
188
170
160
180
186
171
188
156
186
151
144
185
162
160
166
176
178
175
198
197
182
176
191
169
186
163
178
166
164
171
172
183
198
206
192
189
197
174
182
203
154
194
172
177
181
210
188
194
194
210
180
172
185
193
182
204
210
181
195
198
176
195
199
205
186
193
194
178
190
192
180
203
172
219
192
192
187
190
188
187
204
167
186
213
193
196
203
216
188
198
188
192
200
194
182
206
191
191
199
203
208
217
195
207
199
205
215
204
200
212
206
212
208
203
212
212
214
195
218
191
201
191
216
204
186
196
220
201
217
202
217
206
222
196
214
207
220
196
188
206
215
232
210
232
214
203
228
228
208
200
217
201
233
198
223
214
211
250
234
203
206
222
234
207
207
225
203
221
223
208
223
186
205
215
221
228
234
203
199
212
222
214
216
236
227
215
206
200
216
214
213
192
196
201
187
224
224
208
204
192
226
200
204
196
218
206
243
209
204
214
196
202
204
192
207
208
219
208
199
218
221
187
209
222
206
202
203
215
201
180
204
213
190
181
182
184
189
188
204
187
203
169
202
197
213
180
214
195
186
208
198
208
176
196
197
178
171
183
188
190
196
200
204
203
203
179
179
206
171
205
203
178
189
184
190
161
161
181
194
201
170
178
194
164
193
169
197
173
161
167
195
173
182
176
158
174
190
149
182
184
174
171
204
168
185
170
175
181
176
189
193
181
189
180
190
157
163
186
162
195
175
188
177
180
184
195
173
146
167
174
170
154
165
188
170
198
191
173
175
175
176
190
164
182
204
169
177
158
171
153
147
166
171
173
154
169
193
169
173
153
179
161
162
188
168
166
178
176
184
168
144
205
173
164
175
176
157
184
165
168
167
196
165
166
183
185
152
151
170
181
152
174
194
152
184
190
175
177
188
161
188
178
169
179
178
173
186
203
169
177
189
195
162
172
170
180
163
180
193
191
188
214
194
196
176
200
186
184
182
173
166
189
172
166
179
180
179
200
199
190
184
207
204
182
187
199
193
179
169
205
205
202
204
176
170
205
178
209
192
211
224
225
208
189
205
193
195
184
203
176
221
172
207
211
189
214
197
189
181
185
223
205
192
197
184
200
207
204
215
203
192
205
210
206
222
204
210
208
197
202
196
205
189
197
210
190
198
218
202
220
205
188
192
199
226
226
206
221
215
195
200
226
209
189
195
204
188
230
197
135
7
0
0
0
0
0
0
0
0
0
0
0
0
0
0
0
0
0
0
0
0
0
0
0
0
0
0
0
0
0
0
0
0
0
0
0
0
0
0
0
0
0
0
0
0
0
0
0
0
0
0
0
0
0
0
0
0
0
0
0
0
0
0
0
0
0
0
0
0
0
0
0
0
0
0
0
0
0
0
0
0
0
0
0
0
0
0
0
0
0
0
0
0
0
0
0
0
0
0
0
0
0
0
0
0
0
0
0
0
0
0
0
0
0
0
0
0
0
0
0
0
0
0
0
0
0
0
0
0
0
0
0
0
0
0
0
0
0
0
0
0
0
0
0
0
0
0
0
0
0
0
0
0
0
0
0
0
0
0
0
0
0
0
0
0
0
0
0
0
0
0
0
0
0
0
0
0
0
0
0
0
0
0
0
0
0
0
0
0
0
0
0
0
0
0
0
0
0
0
0
0
0
0
0
0
0
0
0
0
0
0
0
0
0
0
0
0
0
0
0
0
0
0
0
0
0
0
0
0
0
0
0
0
0
0
0
0
0
0
0
0
0
0
0
0
0
0
0
0
0
0
0
0
0
0
0
0
0
0
0
0
0
0
0
0
0
0
0
0
0
0
0
0
0
0
0
0
0
0
0
0
0
0
0
0
0
0
0
0
0
0
0
0
0
0
0
0
0
0
0
0
0
0
0
0
0
0
0
0
0
0
0
0
0
0
0
0
0
0
0
0
0
0
0
0
0
0
0
0
0
0
0
0
0
0
0
0
0
0
0
0
0
0
0
0
0
0
0
0
0
0
0
0
0
0
0
0
0
0
0
0
0
0
0
0
0
0
0
0
0
0
0
0
0
0
0
0
0
0
0
0
0
0
0
0
0
0
0
0
0
0
0
0
0
0
0
0
0
0
0
0
0
0
0
0
0
0
0
0
0
0
0
0
0
0
0
0
0
0
0
0
0
0
0
0
0
0
0
0
0
0
0
0
0
0
0
0
0
0
0
0
0
0
0
0
0
0
0
0
0
0
0
0
0
0
0
0
0
0
0
0
0
0
0
0
0
0
0
0
0
0
0
0
0
0
0
0
0
0
0
0
0
0
0
0
0
0
0
0
0
0
0
0
0
0
0
0
0
0
0
0
0
0
0
0
0
0
0
0
0
0
0
0
0
0
0
0
0
0
0
0
0
0
0
0
0
0
0
0
0
0
0
0
0
0
0
0
0
0
0
0
0
0
0
0
0
0
0
0
0
0
0
0
0
0
0
0
0
0
0
0
0
0
0
0
0
0
0
0
0
0
0
0
0
0
0
0
0
0
0
0
0
0
0
0
0
0
0
0
0
0
0
0
0
0
0
0
0
0
0
0
0
0
0
0
0
0
0
0
0
0
0
0
0
0
0
0
0
0
0
0
0
0
0
0
0
0
0
0
0
0
0
0
0
0
0
0
0
0
0
0
0
0
0
0
0
0
0
0
0
0
0
0
0
0
0
0
0
0
0
0
0
0
0
0
0
0
0
0
0
0
0
0
0
0
0
0
0
0
0
0
0
0
0
0
0
0
0
0
0
0
0
0
0
0
0
0
0
0
0
0
0
0
0
0
0
0
0
0
0
0
0
0
0
0
0
0
0
0
0
0
0
0
0
0
0
0
0
0
0
0
0
0
0
0
0
0
0
0
0
0
0
0
0
0
0
0
0
0
0
0
0
0
0
0
0
0
0
0
0
0
0
0
0
0
0
0
0
0
0
0
0
0
0
0
0
0
0
0
0
0
0
0
0
0
0
0
0
0
0
0
0
0
0
0
0
0
0
0
0
0
0
0
0
0
0
0
0
0
0
0
0
0
0
0
0
0
0
0
0
0
0
0
0
0
0
0
0
0
0
0
0
0
0
0
0
0
0
0
0
0
0
0
0
0
0
0
0
0
0
0
0
0
0
0
0
0
0
0
0
0
0
0
0
0
0
0
0
0
0
0
0
0
0
0
0
0
0
0
0
0
0
0
0
0
0
0
0
0
0
0
0
0
0
0
0
0
0
0
0
0
0
0
0
0
0
0
0
0
0
0
0
0
0
0
0
0
0
0
0
0
0
0
0
0
0
0
0
0
0
0
0
0
0
0
0
0
0
0
0
0
0
0
0
0
0
0
0
0
0
0
0
0
0
0
0
0
0
0
0
0
0
0
0
0
0
0
0
0
0
0
0
0
0
0
0
0
0
0
0
0
0
0
0
0
0
0
0
0
0
0
0
0
0
0
0
0
0
0
0
0
0
0
0
0
0
0
0
0
0
0
0
0
0
0
0
0
0
0
0
0
0
0
0
0
0
0
0
0
0
0
0
0
0
0
0
0
0
0
0
0
0
0
0
0
0
0
0
0
0
0
0
0
0
0
0
0
0
0
0
0
0
0
0
0
0
0
0
0
0
0
0
0
0
0
0
0
0
0
0
0
0
0
0
0
0
0
0
0
0
0
0
0
0
0
0
0
0
0
0
0
0
0
0
0
0
0
0
0
0
0
0
0
0
0
0
0
0
0
0
0
0
0
0
0
0
0
0
0
0
0
0
0
0
0
0
0
0
0
0
0
0
0
0
0
0
0
0
0
0
0
0
0
0
0
0
0
0
0
0
0
0
0
0
0
0
0
0
0
0
0
0
0
0
0
0
0
0
0
0
0
0
0
0
0
0
0
0
0
0
0
0
0
0
0
0
0
0
0
0
0
0
0
0
0
0
0
0
0
0
0
0
0
0
0
0
0
0
0
0
0
0
0
0
0
0
0
0
0
0
