# Measurement time [s]: 99.349
# Dwell time [us]: 20
#
# detCounts monCounts f_SF1_Hz f_SF2_Hz
139113 2000000 91700 91700
46
131
117
108
109
111
124
106
109
115
113
111
146
105
116
99
120
145
116
114
108
113
103
129
105
135
108
133
107
116
121
125
109
118
127
127
105
118
99
120
108
107
121
105
126
118
91
107
118
117
108
105
110
108
94
106
117
125
108
112
108
95
119
116
121
93
107
112
108
116
100
114
101
99
117
98
99
122
125
104
110
98
96
109
103
106
104
117
106
102
99
95
121
112
118
110
110
124
114
100
117
113
111
102
102
102
102
93
109
112
105
101
119
109
102
87
126
110
101
110
110
131
86
93
118
111
86
116
110
103
101
102
107
95
109
109
106
117
112
94
109
99
84
104
108
108
93
148
101
101
102
107
103
112
103
115
88
94
93
106
112
92
105
94
107
97
102
103
105
92
100
82
84
100
82
107
111
89
90
107
97
111
113
92
109
89
91
98
98
102
94
91
84
101
100
97
89
118
79
84
93
79
89
92
107
108
103
91
101
83
100
102
109
95
125
101
82
100
100
110
96
99
95
105
100
90
81
83
90
104
75
87
92
69
86
98
101
83
78
102
112
107
95
95
99
90
97
93
101
106
89
103
90
94
90
91
108
104
88
81
99
97
83
86
97
89
105
94
88
90
110
94
99
91
90
96
86
98
97
105
85
101
94
87
95
92
84
91
101
104
99
87
110
83
90
105
85
87
97
101
104
96
99
92
89
94
101
79
93
95
94
89
89
96
75
87
100
79
93
101
78
91
89
90
89
96
92
101
103
92
99
105
94
87
93
105
104
83
85
96
91
87
99
109
87
85
93
98
102
98
83
93
75
94
94
96
92
109
97
77
101
106
87
100
102
108
90
94
102
108
87
105
96
94
91
94
119
94
93
105
87
105
106
111
102
96
112
109
105
93
83
108
115
78
99
92
96
89
104
98
77
97
120
98
105
104
89
104
106
97
103
124
88
93
109
93
112
96
101
108
102
98
100
92
103
94
100
96
106
108
102
103
91
100
110
111
100
94
101
125
90
91
112
112
109
112
108
90
113
96
86
120
103
106
118
125
119
98
119
110
124
110
106
130
117
98
96
114
108
91
113
114
115
102
123
130
98
102
118
110
107
114
108
103
86
119
106
110
116
121
112
126
113
128
112
107
111
118
132
103
114
98
122
97
134
113
118
112
112
118
108
126
113
78
103
94
107
132
119
106
109
130
106
118
136
128
119
127
107
115
114
104
136
114
100
104
102
109
115
113
102
119
111
121
108
122
89
94
100
135
95
132
99
119
113
124
112
120
108
102
134
110
135
124
102
102
126
147
112
132
108
105
134
112
108
136
107
126
113
96
126
130
113
111
115
104
114
143
128
102
114
120
126
115
100
119
127
103
125
122
121
118
97
125
111
125
122
94
118
114
118
106
119
115
130
119
114
127
109
108
103
113
102
128
110
116
120
122
121
118
111
122
114
120
120
119
124
124
125
136
131
102
115
102
126
121
110
133
111
120
109
141
131
111
129
100
113
116
98
104
135
110
122
146
115
125
119
114
134
122
112
118
112
115
125
123
112
97
98
123
115
112
116
87
118
111
104
114
117
107
107
97
93
119
101
132
120
112
110
122
122
118
113
127
103
103
106
107
115
118
101
97
111
111
128
116
117
95
123
104
96
122
115
124
116
112
106
125
126
127
110
112
114
113
113
106
113
123
110
102
105
126
106
94
97
106
113
110
105
94
101
103
123
99
123
118
107
111
126
107
111
95
95
107
107
102
97
95
98
114
97
103
94
99
109
100
102
94
119
95
104
99
100
109
106
111
117
103
104
115
115
99
109
109
89
114
96
110
120
109
88
102
107
110
122
102
109
88
106
109
94
90
104
94
121
89
109
120
92
102
94
114
96
118
87
114
110
88
100
100
110
94
104
111
98
106
94
90
111
94
94
110
126
130
106
90
105
112
80
104
93
82
102
81
106
101
95
97
100
87
89
91
100
102
97
107
102
114
98
103
107
115
98
93
97
110
104
101
96
82
91
85
79
83
91
87
101
85
106
87
92
80
102
85
95
98
85
94
102
100
108
108
98
85
114
112
109
103
84
96
94
103
97
92
79
117
92
89
93
86
86
93
87
90
103
97
89
79
105
106
87
86
92
78
108
88
104
83
103
101
94
107
95
77
79
95
93
92
89
104
100
94
101
99
96
90
94
101
73
103
92
101
101
100
103
84
88
88
81
100
92
92
94
102
100
105
87
98
110
82
86
99
87
104
96
79
93
75
100
90
111
76
98
93
98
98
83
99
103
84
91
115
98
101
91
105
98
86
105
80
96
96
99
72
90
88
93
106
84
90
98
94
94
105
101
98
113
81
106
113
94
104
113
92
96
90
109
87
107
97
128
89
116
89
101
104
95
105
92
126
100
117
115
79
106
101
109
112
84
94
92
81
107
84
100
92
102
100
102
92
95
98
111
103
106
101
96
107
116
89
92
100
97
120
102
93
85
108
100
85
109
117
86
122
99
96
113
111
107
107
87
110
113
119
111
109
106
104
100
110
102
106
123
112
107
112
110
85
108
115
107
88
129
98
112
106
101
121
102
107
116
110
124
105
109
110
96
94
104
112
108
100
85
98
112
92
121
115
111
97
126
109
102
114
116
117
118
114
105
124
111
109
115
121
110
111
109
116
104
130
116
99
114
122
135
125
120
96
114
107
107
116
136
101
119
125
107
116
105
107
108
113
96
122
128
127
99
129
139
112
113
108
115
126
101
125
123
124
115
114
120
123
122
120
149
128
108
113
111
110
107
113
133
127
126
127
118
123
123
126
127
136
100
115
107
113
131
114
136
112
124
117
109
129
110
121
130
89
119
96
91
114
125
121
132
107
106
125
127
119
124
130
108
114
144
110
125
107
117
118
130
128
116
118
109
98
121
134
116
108
124
130
118
113
105
107
121
125
125
119
93
129
134
122
115
123
117
113
119
100
114
120
140
110
117
134
133
102
118
111
126
98
127
112
98
104
25
0
0
0
0
0
0
0
0
0
0
0
0
0
0
0
0
0
0
0
0
0
0
0
0
0
0
0
0
0
0
0
0
0
0
0
0
0
0
0
0
0
0
0
0
0
0
0
0
0
0
0
0
0
0
0
0
0
0
0
0
0
0
0
0
0
0
0
0
0
0
0
0
0
0
0
0
0
0
0
0
0
0
0
0
0
0
0
0
0
0
0
0
0
0
0
0
0
0
0
0
0
0
0
0
0
0
0
0
0
0
0
0
0
0
0
0
0
0
0
0
0
0
0
0
0
0
0
0
0
0
0
0
0
0
0
0
0
0
0
0
0
0
0
0
0
0
0
0
0
0
0
0
0
0
0
0
0
0
0
0
0
0
0
0
0
0
0
0
0
0
0
0
0
0
0
0
0
0
0
0
0
0
0
0
0
0
0
0
0
0
0
0
0
0
0
0
0
0
0
0
0
0
0
0
0
0
0
0
0
0
0
0
0
0
0
0
0
0
0
0
0
0
0
0
0
0
0
0
0
0
0
0
0
0
0
0
0
0
0
0
0
0
0
0
0
0
0
0
0
0
0
0
0
0
0
0
0
0
0
0
0
0
0
0
0
0
0
0
0
0
0
0
0
0
0
0
0
0
0
0
0
0
0
0
0
0
0
0
0
0
0
0
0
0
0
0
0
0
0
0
0
0
0
0
0
0
0
0
0
0
0
0
0
0
0
0
0
0
0
0
0
0
0
0
0
0
0
0
0
0
0
0
0
0
0
0
0
0
0
0
0
0
0
0
0
0
0
0
0
0
0
0
0
0
0
0
0
0
0
0
0
0
0
0
0
0
0
0
0
0
0
0
0
0
0
0
0
0
0
0
0
0
0
0
0
0
0
0
0
0
0
0
0
0
0
0
0
0
0
0
0
0
0
0
0
0
0
0
0
0
0
0
0
0
0
0
0
0
0
0
0
0
0
0
0
0
0
0
0
0
0
0
0
0
0
0
0
0
0
0
0
0
0
0
0
0
0
0
0
0
0
0
0
0
0
0
0
0
0
0
0
0
0
0
0
0
0
0
0
0
0
0
0
0
0
0
0
0
0
0
0
0
0
0
0
0
0
0
0
0
0
0
0
0
0
0
0
0
0
0
0
0
0
0
0
0
0
0
0
0
0
0
0
0
0
0
0
0
0
0
0
0
0
0
0
0
0
0
0
0
0
0
0
0
0
0
0
0
0
0
0
0
0
0
0
0
0
0
0
0
0
0
0
0
0
0
0
0
0
0
0
0
0
0
0
0
0
0
0
0
0
0
0
0
0
0
0
0
0
0
0
0
0
0
0
0
0
0
0
0
0
0
0
0
0
0
0
0
0
0
0
0
0
0
0
0
0
0
0
0
0
0
0
0
0
0
0
0
0
0
0
0
0
0
0
0
0
0
0
0
0
0
0
0
0
0
0
0
0
0
0
0
0
0
0
0
0
0
0
0
0
0
0
0
0
0
0
0
0
0
0
0
0
0
0
0
0
0
0
0
0
0
0
0
0
0
0
0
0
0
0
0
0
