# Measurement time [s]: 99.349
# Dwell time [us]: 20
#
# detCounts monCounts f_SF1_Hz f_SF2_Hz
138866 2000000 91700 91700
46
92
111
89
83
91
93
98
92
87
95
78
99
93
105
101
80
80
112
105
93
92
85
86
77
94
99
91
96
100
78
89
80
66
86
89
100
109
75
88
93
95
77
92
88
97
83
95
87
85
92
91
95
96
100
103
75
80
71
69
72
75
91
83
88
83
79
113
87
94
103
89
78
79
101
96
76
77
84
73
86
86
74
91
88
78
77
86
70
68
83
78
87
97
67
97
74
93
80
95
92
80
76
69
83
79
96
99
89
59
79
82
84
85
75
85
97
61
106
69
80
95
99
90
88
67
69
88
90
85
78
79
89
92
73
102
90
89
88
71
86
83
81
76
83
99
96
77
85
86
80
98
89
91
89
75
80
92
74
68
64
77
89
82
90
91
83
74
81
89
72
72
73
75
79
88
83
89
96
71
90
89
71
86
76
95
85
69
76
93
92
63
95
75
77
67
86
75
58
87
60
89
94
77
70
72
78
76
62
78
85
86
71
74
84
76
92
72
82
62
87
74
85
83
64
69
85
72
74
79
76
67
85
76
79
73
89
79
67
99
59
67
81
75
81
71
85
79
82
76
88
70
75
77
61
74
67
85
92
90
78
64
60
70
81
69
64
82
75
85
74
85
88
91
73
81
69
74
84
82
76
83
92
72
74
90
66
68
81
64
64
87
83
80
86
74
81
68
86
76
79
79
80
74
65
81
76
68
72
67
65
75
80
84
66
77
88
61
82
67
77
77
76
67
55
74
78
71
89
81
84
73
87
78
74
69
76
80
71
76
72
86
66
76
64
70
75
94
64
80
61
75
82
66
69
87
66
82
69
67
83
75
76
81
77
81
67
90
80
72
72
58
90
81
81
67
84
62
76
62
84
75
74
78
78
72
75
85
72
76
95
69
82
70
80
87
74
71
85
60
79
82
75
73
65
77
63
86
71
68
69
63
63
86
65
85
61
72
68
69
71
76
90
76
76
73
70
80
78
67
71
90
72
80
69
74
72
94
80
82
83
80
56
64
86
70
70
64
70
72
65
92
63
60
78
74
70
80
71
66
69
83
77
86
84
69
87
82
77
70
76
69
80
86
72
64
97
77
78
82
69
83
84
80
68
92
63
74
82
75
82
75
73
76
102
90
86
68
82
87
86
65
81
95
74
98
88
106
68
88
91
62
73
92
88
92
85
90
72
76
88
82
83
59
73
78
80
83
95
84
71
96
80
74
79
80
79
85
68
81
74
86
85
77
85
99
80
86
83
86
81
77
70
91
88
83
82
98
85
64
85
71
73
96
86
87
79
85
75
73
90
88
92
82
84
97
87
85
93
86
107
92
82
79
96
90
75
83
91
67
92
82
100
98
99
85
81
90
114
85
100
103
74
97
75
85
86
74
90
95
88
89
72
94
85
84
93
91
86
92
82
87
80
96
103
79
103
82
93
87
104
96
101
101
97
85
109
100
87
90
93
74
99
81
98
92
82
90
94
89
93
89
109
97
93
77
99
88
92
97
92
97
105
95
79
101
82
97
100
75
81
82
87
78
85
99
95
102
77
87
90
87
107
84
91
102
77
88
94
74
103
89
84
118
95
79
98
90
84
89
95
82
69
92
98
78
97
83
101
94
95
92
92
97
88
101
79
99
89
85
86
99
89
86
96
70
110
79
85
101
98
82
91
90
96
78
94
96
91
116
105
108
105
85
95
81
86
90
98
109
94
92
94
90
79
79
103
101
91
95
99
98
81
76
85
99
92
96
78
93
81
96
108
95
90
85
102
96
82
75
91
86
92
85
82
89
101
92
100
99
89
79
97
88
85
93
84
89
80
94
89
77
95
104
100
101
97
92
84
101
82
90
90
71
79
80
116
76
99
71
90
88
99
71
80
84
82
102
99
89
98
89
86
88
83
96
89
90
86
93
87
100
73
105
83
80
89
106
84
103
111
94
91
96
88
85
104
75
82
117
81
76
83
92
79
93
94
86
91
103
87
82
97
100
84
90
94
78
90
73
81
82
99
84
88
75
80
91
83
89
99
83
90
86
90
92
85
101
71
96
97
99
73
105
90
77
79
82
80
88
76
83
95
93
81
87
101
85
77
82
94
77
91
94
111
91
83
88
92
82
82
82
77
83
78
103
89
77
83
80
71
85
71
84
85
82
70
84
78
70
89
88
90
72
69
73
94
79
78
70
79
68
93
83
70
101
71
71
85
66
76
84
68
95
80
89
79
62
90
78
84
69
80
87
67
91
64
73
83
70
99
81
71
81
73
74
89
88
73
74
86
96
84
66
78
80
76
68
69
77
89
62
82
75
86
64
89
74
66
79
88
73
74
75
82
76
65
97
74
80
90
89
82
78
82
78
80
82
90
82
82
73
71
67
95
79
76
69
82
86
79
71
80
67
65
75
79
85
85
72
79
81
78
81
79
78
83
74
64
84
86
83
62
62
72
68
83
83
86
82
78
80
69
81
71
67
77
76
57
76
77
76
68
85
88
84
70
83
80
78
58
89
72
84
78
84
73
70
77
73
76
89
61
84
76
75
59
64
88
66
78
85
66
67
82
89
82
73
69
69
69
72
58
71
73
89
68
71
81
87
67
79
67
83
64
83
75
79
68
57
64
67
68
68
71
69
62
74
83
85
87
74
66
74
91
56
78
65
81
77
73
67
79
75
92
71
72
72
66
81
80
74
79
58
81
75
66
70
70
90
70
73
66
77
74
79
57
67
99
78
71
83
64
64
89
77
80
93
73
69
76
87
79
89
64
72
71
79
84
67
71
56
68
69
83
78
73
86
90
77
67
71
76
100
80
65
90
72
76
68
82
72
79
95
57
58
86
76
92
71
87
87
71
71
82
85
92
86
79
68
86
75
88
75
90
80
84
61
76
63
72
81
72
71
83
83
79
70
78
89
80
75
79
92
68
72
87
84
72
81
86
87
74
89
83
86
82
70
88
68
92
92
82
88
74
89
64
68
71
76
84
81
101
92
68
77
78
73
74
99
75
78
66
92
95
66
72
83
83
72
82
86
76
91
80
88
75
81
94
84
75
82
75
85
71
77
74
92
86
87
86
83
95
65
82
69
79
80
91
80
82
99
71
70
80
68
80
74
79
89
91
93
103
77
86
87
76
78
89
82
96
78
83
79
86
99
79
80
85
82
84
92
68
72
83
79
97
83
75
91
87
96
84
92
99
84
85
101
84
86
85
98
72
89
107
69
86
93
99
92
92
59
91
82
88
107
87
75
77
86
102
72
93
86
93
94
81
75
91
86
108
84
87
101
80
81
100
94
91
70
88
93
86
76
86
86
101
87
86
82
87
110
108
79
92
85
101
76
105
86
85
82
74
97
79
82
86
85
74
99
92
75
109
86
98
108
81
78
88
93
82
88
78
83
96
79
104
100
88
92
88
83
81
87
93
94
75
93
84
67
110
96
92
89
86
81
88
107
99
105
83
106
82
78
84
105
104
86
87
84
96
91
82
109
77
72
90
99
96
110
91
89
90
87
88
95
101
89
89
88
85
93
92
96
94
88
85
94
96
88
91
81
112
100
92
103
94
76
98
102
82
83
84
87
76
112
88
97
100
98
102
94
97
91
103
86
90
95
74
100
94
97
96
84
81
103
83
85
98
91
93
70
92
102
98
94
103
92
98
98
96
95
78
102
110
96
81
89
92
92
84
89
94
91
91
96
88
85
84
89
82
117
95
103
113
80
81
105
96
102
107
78
103
97
92
84
82
94
94
103
72
84
104
100
99
90
96
101
99
96
86
80
89
78
86
77
86
12
0
0
0
0
0
0
0
0
0
0
0
0
0
0
0
0
0
0
0
0
0
0
0
0
0
0
0
0
0
0
0
0
0
0
0
0
0
0
0
0
0
0
0
0
0
0
0
0
0
0
0
0
0
0
0
0
0
0
0
0
0
0
0
0
0
0
0
0
0
0
0
0
0
0
0
0
0
0
0
0
0
0
0
0
0
0
0
0
0
0
0
0
0
0
0
0
0
0
0
0
0
0
0
0
0
0
0
0
0
0
0
0
0
0
0
0
0
0
0
0
0
0
0
0
0
0
0
0
0
0
0
0
0
0
0
0
0
0
0
0
0
0
0
0
0
0
0
0
0
0
0
0
0
0
0
0
0
0
0
0
0
0
0
0
0
0
0
0
0
0
0
0
0
0
0
0
0
0
0
0
0
0
0
0
0
0
0
0
0
0
0
0
0
0
0
0
0
0
0
0
0
0
0
0
0
0
0
0
0
0
0
0
0
0
0
0
0
0
0
0
0
0
0
0
0
0
0
0
0
0
0
0
0
0
0
0
0
0
0
0
0
0
0
0
0
0
0
0
0
0
0
0
0
0
0
0
0
0
0
0
0
0
0
0
0
0
0
0
0
0
0
0
0
0
0
0
0
0
0
0
0
0
0
0
0
0
0
0
0
0
0
0
0
0
0
0
0
0
0
0
0
0
0
0
0
0
0
0
0
0
0
0
0
0
0
0
0
0
0
0
0
0
0
0
0
0
0
0
0
0
0
0
