# Measurement time [s]: 127.448
# Dwell time [us]: 20
#
# detCounts monCounts f_SF1_Hz f_SF2_Hz
150576 2000001 91700 91700
70
107
103
118
93
134
108
102
101
101
110
91
113
101
106
109
109
91
84
103
111
113
98
94
112
102
117
91
132
118
104
119
103
118
94
107
101
112
100
90
114
113
88
96
102
104
93
112
116
97
117
116
105
108
104
95
111
125
101
93
98
106
91
113
110
101
101
109
109
108
76
104
121
109
105
101
96
112
108
99
117
110
113
104
114
105
95
126
92
113
89
94
96
83
94
99
102
104
113
97
105
107
103
119
116
115
118
106
112
93
122
94
104
86
103
85
116
103
113
106
107
103
107
106
94
96
108
107
99
93
108
92
128
101
94
122
99
89
102
95
91
71
88
100
84
108
112
83
106
82
87
103
87
112
93
95
88
126
90
100
103
83
113
105
97
86
100
96
99
90
97
96
113
93
95
83
81
92
86
101
91
103
97
95
77
72
76
89
80
95
78
89
96
93
98
99
94
102
115
110
87
106
105
93
87
83
97
102
104
110
91
98
99
94
89
79
97
90
83
122
95
114
89
80
92
89
74
99
100
89
97
96
82
93
91
92
88
88
95
86
100
76
102
107
99
102
86
93
88
95
98
88
85
95
91
98
106
86
72
92
89
72
75
109
89
91
91
92
88
92
99
104
85
86
84
80
93
98
76
86
78
89
94
76
95
86
99
87
95
84
93
87
76
93
108
91
88
96
83
82
104
86
98
73
92
82
89
99
80
81
77
90
107
90
88
102
101
105
84
101
84
100
77
82
96
91
91
86
86
90
97
90
113
89
78
97
88
86
98
95
97
93
79
98
77
108
100
82
100
87
88
80
95
98
85
95
93
89
80
95
90
86
97
93
75
82
78
87
74
88
76
85
86
100
84
97
102
84
89
83
111
103
90
100
91
80
89
100
97
88
101
96
101
93
88
100
77
79
92
105
90
86
101
94
78
89
102
87
94
88
102
106
95
101
91
90
90
100
102
93
85
102
84
90
90
103
116
90
103
97
81
103
84
90
102
81
94
107
94
96
89
93
93
104
108
90
85
82
102
111
111
104
124
107
84
117
103
96
80
91
92
103
101
95
95
110
96
111
107
87
85
132
104
112
98
108
87
105
112
91
104
92
88
104
97
93
112
108
100
90
86
95
95
93
103
101
104
80
107
100
94
108
113
101
114
101
115
102
106
114
94
102
91
89
113
112
110
109
99
94
96
96
99
112
104
112
101
101
98
102
99
102
103
118
106
113
116
113
117
114
82
109
102
124
103
103
114
108
113
105
92
115
111
99
101
112
116
108
116
107
97
105
89
100
100
94
105
112
119
108
102
121
113
101
98
105
116
116
102
120
97
101
110
99
110
103
111
104
100
118
105
115
131
123
122
129
110
126
97
109
119
102
109
96
120
121
112
117
97
100
91
111
102
119
93
122
106
110
102
116
107
112
101
124
87
109
112
121
124
95
93
110
126
101
111
122
103
104
122
112
105
122
115
125
113
108
102
94
126
98
113
110
98
111
111
114
119
116
91
121
125
118
108
114
100
120
122
106
92
110
90
119
112
104
84
94
108
122
94
115
107
111
103
95
110
121
124
125
125
93
89
108
123
93
113
109
101
114
127
107
106
94
123
122
124
119
103
113
111
115
116
110
86
94
122
104
128
113
107
96
105
110
130
112
118
125
108
128
108
115
111
102
115
117
106
106
112
96
116
106
122
106
105
113
99
106
113
111
95
95
101
109
88
102
110
126
95
96
113
106
99
98
120
114
99
94
107
105
117
100
104
116
109
113
111
123
111
118
110
102
127
100
99
119
118
98
112
130
110
112
96
114
99
92
116
107
126
114
98
96
95
102
111
103
117
118
115
92
104
106
114
93
113
94
126
106
106
117
121
103
109
118
104
110
104
103
101
86
98
94
102
110
106
105
98
86
102
116
126
96
110
135
107
106
101
93
93
112
88
106
95
94
94
104
101
98
116
90
102
98
109
104
90
86
104
93
92
108
94
89
88
101
110
83
97
112
103
98
89
86
82
93
114
90
119
97
97
115
92
86
90
109
92
108
110
107
96
92
90
89
105
94
83
104
96
88
103
90
90
101
97
106
107
103
104
99
104
98
107
101
103
75
102
101
103
83
100
98
106
94
115
94
89
78
90
120
78
94
117
91
98
92
108
98
102
99
107
111
90
89
94
95
100
93
90
106
90
113
102
106
101
91
88
89
85
92
96
111
96
92
110
86
76
91
103
99
92
88
76
81
104
108
82
90
96
93
91
97
84
99
91
82
88
104
102
94
103
103
99
97
105
89
91
97
84
95
70
100
93
93
86
82
93
90
86
85
91
87
90
81
75
82
81
91
101
83
79
89
78
100
102
81
94
87
87
85
79
93
94
97
89
94
97
92
87
99
78
106
99
87
98
70
104
104
89
94
86
102
96
89
90
90
84
81
96
93
79
100
92
75
111
88
93
92
88
77
89
99
89
90
110
83
73
94
87
102
92
88
88
86
83
89
94
102
89
99
106
97
85
80
88
82
94
90
82
89
86
87
78
105
94
76
79
90
88
97
75
93
85
76
79
86
113
95
97
86
74
100
85
98
89
106
111
81
84
89
98
100
93
92
78
102
95
97
97
94
77
99
102
93
97
81
105
88
105
89
99
88
95
90
85
88
94
96
91
94
81
95
100
103
99
88
99
78
87
91
87
89
94
94
94
114
85
92
96
94
83
104
95
74
109
100
91
94
95
95
89
98
101
79
78
68
94
92
86
109
107
95
110
97
100
110
83
104
94
106
92
98
95
89
102
96
107
97
95
96
111
101
104
108
116
101
102
98
99
98
105
83
118
119
108
101
87
102
94
108
92
98
111
96
127
115
99
99
114
113
128
96
98
112
102
106
114
91
87
128
98
105
106
130
119
118
99
116
95
118
98
101
98
104
112
97
104
97
106
116
102
94
117
117
93
110
106
116
101
120
101
102
88
112
108
110
104
105
122
113
125
107
106
105
112
105
95
103
111
111
112
90
111
112
93
103
121
120
105
119
98
103
90
101
98
101
109
107
128
116
103
114
102
109
102
113
118
97
103
112
116
91
120
113
112
117
103
104
113
126
108
114
115
131
100
129
104
117
109
120
95
97
95
101
122
110
109
102
114
116
114
100
107
100
116
110
109
120
102
100
124
110
113
109
134
101
116
102
113
117
105
129
113
88
128
124
113
97
102
117
99
115
122
118
108
121
122
113
122
117
103
142
106
84
99
110
130
103
110
106
124
112
105
111
115
108
106
110
103
132
118
121
113
99
109
108
109
99
111
115
112
125
125
123
122
98
111
118
138
119
104
112
121
93
105
113
119
132
113
98
110
133
105
113
107
136
113
99
108
110
111
114
136
120
90
108
96
96
133
104
117
118
133
110
119
120
108
15
0
0
0
0
0
0
0
0
0
0
0
0
0
0
0
0
0
0
0
0
0
0
0
0
0
0
0
0
0
0
0
0
0
0
0
0
0
0
0
0
0
0
0
0
0
0
0
0
0
0
0
0
0
0
0
0
0
0
0
0
0
0
0
0
0
0
0
0
0
0
0
0
0
0
0
0
0
0
0
0
0
0
0
0
0
0
0
0
0
0
0
0
0
0
0
0
0
0
0
0
0
0
0
0
0
0
0
0
0
0
0
0
0
0
0
0
0
0
0
0
0
0
0
0
0
0
0
0
0
0
0
0
0
0
0
0
0
0
0
0
0
0
0
0
0
0
0
0
0
0
0
0
0
0
0
0
0
0
0
0
0
0
0
0
0
0
0
0
0
0
0
0
0
0
0
0
0
0
0
0
0
0
0
0
0
0
0
0
0
0
0
0
0
0
0
0
0
0
0
0
0
0
0
0
0
0
0
0
0
0
0
0
0
0
0
0
0
0
0
0
0
0
0
0
0
0
0
0
0
0
0
0
0
0
0
0
0
0
0
0
0
0
0
0
0
0
0
0
0
0
0
0
0
0
0
0
0
0
0
0
0
0
0
0
0
0
0
0
0
0
0
0
0
0
0
0
0
0
0
0
0
0
0
0
0
0
0
0
0
0
0
0
0
0
0
0
0
0
0
0
0
0
0
0
0
0
0
0
0
0
0
0
0
0
0
0
0
0
0
0
0
0
0
0
0
0
0
0
0
0
0
0
0
0
0
0
0
0
0
0
0
0
0
0
0
0
0
0
0
0
0
0
0
0
0
0
0
0
0
0
0
0
0
0
0
0
0
0
0
0
0
0
0
0
0
0
0
0
0
0
0
0
0
0
0
0
0
0
0
0
0
0
0
0
0
0
0
0
0
0
0
0
0
0
0
0
0
0
0
0
0
0
0
0
0
0
0
0
0
0
0
0
0
0
0
0
0
0
0
0
0
0
0
0
0
0
0
0
0
0
0
0
0
0
0
0
0
0
0
0
0
0
0
0
0
0
0
0
0
0
0
0
0
0
0
0
0
0
0
0
0
0
0
0
0
0
0
0
0
0
0
0
0
0
0
0
0
0
0
0
0
0
0
0
0
0
0
0
0
0
0
0
0
0
0
0
