# Measurement time [s]: 109.385
# Dwell time [us]: 20
#
# detCounts monCounts f_SF1_Hz f_SF2_Hz
148122 2000001 91700 91700
132
210
221
270
225
227
230
218
234
239
252
231
229
228
255
264
224
231
239
232
221
243
234
239
217
240
232
189
204
227
247
239
234
228
224
236
224
209
232
253
228
226
211
240
249
223
226
232
233
235
262
220
246
223
237
246
225
234
230
250
211
229
231
193
247
240
211
247
214
197
216
215
213
208
255
201
215
207
238
223
239
208
210
216
267
224
225
221
220
225
229
215
239
211
235
246
233
233
219
209
205
238
240
204
203
213
204
187
231
221
181
211
208
203
210
214
225
205
201
229
222
194
224
216
207
212
215
191
224
205
198
215
195
209
203
213
205
202
199
192
209
214
197
206
201
192
159
174
183
186
213
192
193
188
216
193
192
208
202
206
207
198
186
184
198
185
203
215
206
218
210
185
180
200
176
195
175
208
171
187
159
191
172
182
187
180
175
182
191
202
165
175
179
185
180
212
190
174
195
187
198
190
199
180
163
167
183
175
189
240
193
181
156
185
193
194
199
191
193
197
193
197
176
185
192
181
183
201
184
181
181
195
214
199
176
185
200
177
200
200
189
199
191
198
203
215
203
210
184
188
207
233
193
225
194
189
183
187
185
208
182
188
181
211
181
185
197
194
186
206
200
202
213
197
178
218
185
211
156
178
212
208
201
219
194
194
195
196
216
212
197
208
218
196
193
193
213
200
188
213
218
249
200
205
197
214
237
214
196
187
216
222
226
207
211
231
213
239
199
225
226
259
228
226
215
211
235
233
223
227
218
247
214
233
241
227
235
202
224
213
213
231
266
220
217
244
242
207
235
230
229
235
222
236
235
219
210
224
211
248
225
223
249
237
232
249
226
209
225
210
260
245
212
233
220
238
223
212
240
254
228
215
260
250
235
230
254
210
231
243
245
254
206
231
245
239
225
212
217
214
217
235
227
225
215
203
221
218
254
221
241
231
222
238
255
237
228
232
191
231
238
242
218
220
231
226
228
238
234
233
219
204
225
225
237
222
251
203
235
231
215
219
240
203
221
215
233
224
221
212
219
212
205
226
184
225
204
176
214
189
206
221
212
209
197
211
212
211
235
217
195
204
189
217
210
202
218
217
195
214
211
197
223
221
208
206
234
225
204
177
227
207
204
208
198
202
206
185
188
185
213
195
190
192
186
195
207
227
213
187
209
203
172
204
200
191
179
183
206
191
175
179
183
202
186
196
196
172
182
182
191
202
182
191
187
194
175
187
189
189
201
186
206
165
169
213
201
201
171
180
210
180
192
204
208
189
180
200
206
166
173
170
185
193
184
192
189
184
190
153
189
170
173
182
170
194
196
180
200
201
186
197
187
176
202
168
201
207
166
206
206
194
226
185
187
179
185
176
200
193
196
184
207
198
199
211
174
188
212
179
214
193
190
189
195
195
202
194
207
192
206
232
191
201
200
191
178
225
192
223
179
204
209
208
233
222
204
205
220
204
196
210
200
214
196
209
215
244
231
213
217
229
244
224
226
226
222
238
208
242
204
232
226
210
231
227
219
225
249
226
222
196
237
233
228
229
233
210
192
244
237
232
236
241
223
263
243
233
214
190
216
226
235
208
232
253
225
257
241
222
251
237
242
232
164
4
0
0
0
0
0
0
0
0
0
0
0
0
0
0
0
0
0
0
0
0
0
0
0
0
0
0
0
0
0
0
0
0
0
0
0
0
0
0
0
0
0
0
0
0
0
0
0
0
0
0
0
0
0
0
0
0
0
0
0
0
0
0
0
0
0
0
0
0
0
0
0
0
0
0
0
0
0
0
0
0
0
0
0
0
0
0
0
0
0
0
0
0
0
0
0
0
0
0
0
0
0
0
0
0
0
0
0
0
0
0
0
0
0
0
0
0
0
0
0
0
0
0
0
0
0
0
0
0
0
0
0
0
0
0
0
0
0
0
0
0
0
0
0
0
0
0
0
0
0
0
0
0
0
0
0
0
0
0
0
0
0
0
0
0
0
0
0
0
0
0
0
0
0
0
0
0
0
0
0
0
0
0
0
0
0
0
0
0
0
0
0
0
0
0
0
0
0
0
0
0
0
0
0
0
0
0
0
0
0
0
0
0
0
0
0
0
0
0
0
0
0
0
0
0
0
0
0
0
0
0
0
0
0
0
0
0
0
0
0
0
0
0
0
0
0
0
0
0
0
0
0
0
0
0
0
0
0
0
0
0
0
0
0
0
0
0
0
0
0
0
0
0
0
0
0
0
0
0
0
0
0
0
0
0
0
0
0
0
0
0
0
0
0
0
0
0
0
0
0
0
0
0
0
0
0
0
0
0
0
0
0
0
0
0
0
0
0
0
0
0
0
0
0
0
0
0
0
0
0
0
0
0
0
0
0
0
0
0
0
0
0
0
0
0
0
0
0
0
0
0
0
0
0
0
0
0
0
0
0
0
0
0
0
0
0
0
0
0
0
0
0
0
0
0
0
0
0
0
0
0
0
0
0
0
0
0
0
0
0
0
0
0
0
0
0
0
0
0
0
0
0
0
0
0
0
0
0
0
0
0
0
0
0
0
0
0
0
0
0
0
0
0
0
0
0
0
0
0
0
0
0
0
0
0
0
0
0
0
0
0
0
0
0
0
0
0
0
0
0
0
0
0
0
0
0
0
0
0
0
0
0
0
0
0
0
0
0
0
0
0
0
0
0
0
0
0
0
0
0
0
0
0
0
0
0
0
0
0
0
0
0
0
0
0
0
0
0
0
0
0
0
0
0
0
0
0
0
0
0
0
0
0
0
0
0
0
0
0
0
0
0
0
0
0
0
0
0
0
0
0
0
0
0
0
0
0
0
0
0
0
0
0
0
0
0
0
0
0
0
0
0
0
0
0
0
0
0
0
0
0
0
0
0
0
0
0
0
0
0
0
0
0
0
0
0
0
0
0
0
0
0
0
0
0
0
0
0
0
0
0
0
0
0
0
0
0
0
0
0
0
0
0
0
0
0
0
0
0
0
0
0
0
0
0
0
0
0
0
0
0
0
0
0
0
0
0
0
0
0
0
0
0
0
0
0
0
0
0
0
0
0
0
0
0
0
0
0
0
0
0
0
0
0
0
0
0
0
0
0
0
0
0
0
0
0
0
0
0
0
0
0
0
0
0
0
0
0
0
0
0
0
0
0
0
0
0
0
0
0
0
0
0
0
0
0
0
0
0
0
0
0
0
0
0
0
0
0
0
0
0
0
0
0
0
0
0
0
0
0
0
0
0
0
0
0
0
0
0
0
0
0
0
0
0
0
0
0
0
0
0
0
0
0
0
0
0
0
0
0
0
0
0
0
0
0
0
0
0
0
0
0
0
0
0
0
0
0
0
0
0
0
0
0
0
0
0
0
0
0
0
0
0
0
0
0
0
0
0
0
0
0
0
0
0
0
0
0
0
0
0
0
0
0
0
0
0
0
0
0
0
0
0
0
0
0
0
0
0
0
0
0
0
0
0
0
0
0
0
0
0
0
0
0
0
0
0
0
0
0
0
0
0
0
0
0
0
0
0
0
0
0
0
0
0
0
0
0
0
0
0
0
0
0
0
0
0
0
0
0
0
0
0
0
0
0
0
0
0
0
0
0
0
0
0
0
0
0
0
0
0
0
0
0
0
0
0
0
0
0
0
0
0
0
0
0
0
0
0
0
0
0
0
0
0
0
0
0
0
0
0
0
0
0
0
0
0
0
0
0
0
0
0
0
0
0
0
0
0
0
0
0
0
0
0
0
0
0
0
0
0
0
0
0
0
0
0
0
0
0
0
0
0
0
0
0
0
0
0
0
0
0
0
0
0
0
0
0
0
0
0
0
0
0
0
0
0
0
0
0
0
0
0
0
0
0
0
0
0
0
0
0
0
0
0
0
0
0
0
0
0
0
0
0
0
0
0
0
0
0
0
0
0
0
0
0
0
0
0
0
0
0
0
0
0
0
0
0
0
0
0
0
0
0
0
0
0
0
0
0
0
0
0
0
0
0
0
0
0
0
0
0
0
0
0
0
0
0
0
0
0
0
0
0
0
0
0
0
0
0
0
0
0
0
0
0
0
0
0
0
0
0
0
0
0
0
0
0
0
0
0
0
0
0
0
0
0
0
0
0
0
0
0
0
0
0
0
0
0
0
0
0
0
0
0
0
0
0
0
0
0
0
0
0
0
0
0
0
0
0
0
0
0
0
0
0
0
0
0
0
0
0
0
0
0
0
0
0
0
0
0
0
0
0
0
0
0
0
0
0
0
0
0
0
0
0
0
0
0
0
0
0
0
0
0
0
0
0
0
0
0
0
0
0
0
0
0
0
0
0
0
0
0
0
0
0
0
0
0
0
0
0
0
0
0
0
0
0
0
0
0
0
0
0
0
0
0
0
0
0
0
0
0
0
0
0
0
0
0
0
0
0
0
0
0
0
0
0
0
0
0
0
0
0
0
0
0
0
0
0
0
0
0
0
0
0
0
0
0
0
0
0
0
0
0
0
0
0
0
0
0
0
0
0
0
0
0
0
0
0
0
0
0
0
0
