# Measurement time [s]: 109.387
# Dwell time [us]: 20
#
# detCounts monCounts f_SF1_Hz f_SF2_Hz
149101 2000000 91700 91700
92
199
192
169
165
156
196
196
179
168
175
174
222
182
175
181
177
164
174
191
181
188
179
209
188
172
169
211
152
174
159
159
185
189
192
175
180
177
189
163
196
159
186
192
161
200
164
165
167
215
174
176
187
188
180
167
173
185
165
185
161
178
162
167
194
186
163
157
183
172
176
169
165
158
168
169
178
180
168
156
161
164
183
167
187
176
175
171
156
177
192
156
161
152
159
166
190
185
159
171
170
173
183
175
160
171
157
198
170
158
151
156
176
149
194
155
168
152
151
158
183
156
170
161
155
170
145
196
141
152
161
179
176
159
161
164
176
143
168
182
162
157
169
183
172
161
165
154
185
171
156
141
131
135
140
160
158
153
163
132
129
133
157
175
134
150
168
174
157
155
175
136
149
133
143
160
165
152
151
144
163
155
169
150
139
165
155
164
158
157
157
144
150
152
150
147
141
148
171
139
140
164
147
145
144
135
142
148
141
160
147
161
141
144
134
161
154
149
151
152
128
131
162
143
154
160
140
161
137
150
150
129
148
153
165
171
152
134
159
179
168
162
143
168
126
138
156
149
160
141
148
147
153
127
133
148
139
126
153
150
135
142
149
161
162
154
146
152
166
146
169
150
139
150
132
148
136
158
132
143
155
139
171
146
160
164
169
144
159
146
157
166
151
145
125
137
148
136
151
151
162
147
159
136
179
165
152
169
150
159
174
155
147
154
167
147
148
151
166
166
142
163
153
163
182
174
167
144
149
170
158
166
168
180
177
158
202
173
163
161
171
161
164
181
166
165
183
144
151
180
187
193
185
168
179
188
162
149
170
182
173
169
168
175
185
168
155
177
164
207
166
155
187
170
165
165
178
188
167
187
186
171
182
189
166
153
178
176
179
176
159
191
162
177
190
208
170
166
169
161
193
172
183
177
202
172
184
160
179
168
170
190
175
158
188
203
202
190
164
169
200
189
210
193
172
176
191
180
203
194
177
161
177
174
175
188
185
165
200
210
194
187
177
179
179
164
190
181
163
175
202
170
160
183
185
205
167
178
169
196
191
200
178
172
169
196
209
165
178
196
182
192
191
177
192
180
197
187
163
196
177
191
170
182
183
175
175
159
182
192
191
197
196
189
168
184
185
201
222
200
173
159
209
185
179
184
173
185
186
152
161
163
181
193
175
170
194
193
176
156
178
194
174
183
184
191
187
175
174
172
169
184
176
172
162
192
159
198
178
160
144
175
162
207
170
176
207
163
160
175
182
165
153
184
165
176
157
160
167
165
178
166
165
152
146
166
190
148
156
151
167
146
143
148
143
173
153
163
176
161
172
176
176
165
161
169
173
142
153
183
175
178
136
136
149
151
170
135
160
162
155
151
160
180
160
142
177
136
150
174
169
132
154
157
150
154
153
164
131
155
137
146
154
166
139
148
154
144
138
153
152
154
142
147
145
141
153
162
149
140
161
181
147
127
168
144
165
147
147
149
162
137
144
148
145
166
135
139
138
151
150
152
153
154
141
157
150
164
158
149
167
132
145
160
148
147
151
144
152
132
146
139
163
138
165
148
133
156
133
163
154
138
144
139
156
126
134
139
168
142
157
157
157
142
170
142
142
163
143
148
145
139
147
145
149
139
128
150
159
136
157
178
161
153
139
144
158
126
154
140
162
142
165
139
144
140
133
144
176
173
156
120
153
137
145
152
166
137
169
156
156
165
158
165
182
136
138
156
159
156
154
155
154
167
151
172
153
163
146
159
174
171
146
162
168
178
164
164
166
183
147
153
166
159
165
164
139
178
162
163
171
172
159
160
179
164
181
154
181
185
165
167
167
174
167
174
148
179
163
203
168
190
147
155
176
171
157
183
178
178
181
188
167
176
171
190
176
156
186
189
168
201
190
175
209
175
193
157
192
175
174
172
179
169
171
166
193
175
174
185
162
163
182
173
160
182
175
176
173
161
184
192
175
188
168
207
187
195
170
182
191
163
183
191
183
186
170
172
167
175
198
185
183
185
174
198
181
158
184
190
182
174
171
192
178
189
179
180
203
176
202
64
0
0
0
0
0
0
0
0
0
0
0
0
0
0
0
0
0
0
0
0
0
0
0
0
0
0
0
0
0
0
0
0
0
0
0
0
0
0
0
0
0
0
0
0
0
0
0
0
0
0
0
0
0
0
0
0
0
0
0
0
0
0
0
0
0
0
0
0
0
0
0
0
0
0
0
0
0
0
0
0
0
0
0
0
0
0
0
0
0
0
0
0
0
0
0
0
0
0
0
0
0
0
0
0
0
0
0
0
0
0
0
0
0
0
0
0
0
0
0
0
0
0
0
0
0
0
0
0
0
0
0
0
0
0
0
0
0
0
0
0
0
0
0
0
0
0
0
0
0
0
0
0
0
0
0
0
0
0
0
0
0
0
0
0
0
0
0
0
0
0
0
0
0
0
0
0
0
0
0
0
0
0
0
0
0
0
0
0
0
0
0
0
0
0
0
0
0
0
0
0
0
0
0
0
0
0
0
0
0
0
0
0
0
0
0
0
0
0
0
0
0
0
0
0
0
0
0
0
0
0
0
0
0
0
0
0
0
0
0
0
0
0
0
0
0
0
0
0
0
0
0
0
0
0
0
0
0
0
0
0
0
0
0
0
0
0
0
0
0
0
0
0
0
0
0
0
0
0
0
0
0
0
0
0
0
0
0
0
0
0
0
0
0
0
0
0
0
0
0
0
0
0
0
0
0
0
0
0
0
0
0
0
0
0
0
0
0
0
0
0
0
0
0
0
0
0
0
0
0
0
0
0
0
0
0
0
0
0
0
0
0
0
0
0
0
0
0
0
0
0
0
0
0
0
0
0
0
0
0
0
0
0
0
0
0
0
0
0
0
0
0
0
0
0
0
0
0
0
0
0
0
0
0
0
0
0
0
0
0
0
0
0
0
0
0
0
0
0
0
0
0
0
0
0
0
0
0
0
0
0
0
0
0
0
0
0
0
0
0
0
0
0
0
0
0
0
0
0
0
0
0
0
0
0
0
0
0
0
0
0
0
0
0
0
0
0
0
0
0
0
0
0
0
0
0
0
0
0
0
0
0
0
0
0
0
0
0
0
0
0
0
0
0
0
0
0
0
0
0
0
0
0
0
0
0
0
0
0
0
0
0
0
0
0
0
0
0
0
0
0
0
0
0
0
0
0
0
0
0
0
0
0
0
0
0
0
0
0
0
0
0
0
0
0
0
0
0
0
0
0
0
0
0
0
0
0
0
0
0
0
0
0
0
0
0
0
0
0
0
0
0
0
0
0
0
0
0
0
0
0
0
0
0
0
0
0
0
0
0
0
0
0
0
0
0
0
0
0
0
0
0
0
0
0
0
0
0
0
0
0
0
0
0
0
0
0
0
0
0
0
0
0
0
0
0
0
0
0
0
0
0
0
0
0
0
0
0
0
0
0
0
0
0
0
0
0
0
0
0
0
0
0
0
0
0
0
0
0
0
0
0
0
0
0
0
0
0
0
0
0
0
0
0
0
0
0
0
0
0
0
0
0
0
0
0
0
0
0
0
0
0
0
0
0
0
0
0
0
0
0
0
0
0
0
0
0
0
0
0
0
0
0
0
0
0
0
0
0
0
0
0
0
0
0
0
0
0
0
0
0
0
0
0
0
0
0
0
0
0
0
0
0
0
0
0
0
0
0
0
0
0
0
0
0
0
0
0
0
0
0
0
0
0
0
0
0
0
0
0
0
0
0
0
0
0
0
0
0
0
0
0
0
0
0
0
0
0
0
0
0
0
0
0
0
0
0
0
0
0
0
0
0
0
0
0
0
0
0
0
0
0
0
0
0
0
0
0
0
0
0
0
0
0
0
0
0
0
0
0
0
0
0
0
0
0
0
0
0
0
0
0
0
0
0
0
0
0
0
0
0
0
0
0
0
0
0
0
0
0
0
0
0
0
0
0
0
0
0
0
0
0
0
0
0
0
0
0
0
0
0
0
0
0
0
0
0
0
0
0
0
0
0
0
0
0
0
0
0
0
0
0
0
0
0
0
0
0
0
0
0
0
0
0
0
0
0
0
0
0
0
0
0
0
0
0
0
0
0
0
0
0
0
0
0
0
0
0
0
0
0
0
0
0
0
0
0
0
0
0
0
0
0
0
0
0
0
0
0
0
0
0
0
0
0
0
0
0
0
0
0
0
0
0
0
0
0
0
0
0
0
0
0
0
0
0
0
0
0
0
0
0
0
0
0
0
0
0
0
0
0
0
0
0
0
0
0
0
0
0
0
0
0
0
0
0
0
0
0
0
0
0
0
0
0
0
0
0
0
0
0
0
0
0
0
0
0
0
0
0
0
0
0
0
0
0
0
0
0
0
0
0
0
0
0
0
0
0
0
0
0
0
0
0
0
0
0
0
0
0
0
0
0
0
0
0
0
0
0
0
0
0
0
0
0
0
0
0
0
0
0
0
0
0
0
0
0
0
0
0
0
0
0
0
0
0
0
0
0
0
0
0
0
0
0
0
0
0
0
