# Measurement time [s]: 99.349
# Dwell time [us]: 20
#
# detCounts monCounts f_SF1_Hz f_SF2_Hz
139847 2000000 91700 91700
53
124
108
106
119
107
87
91
109
91
106
88
108
89
114
98
98
109
89
102
86
113
98
99
118
95
102
106
100
86
102
103
111
91
95
90
101
106
98
100
91
103
98
100
93
106
118
103
85
96
100
110
77
96
103
109
87
107
97
102
94
91
87
99
99
101
103
112
92
101
113
97
114
100
94
87
88
86
97
95
105
91
94
93
107
103
102
108
98
86
101
77
88
103
99
98
99
89
90
79
108
76
78
95
114
91
92
83
96
97
95
109
87
89
93
102
94
94
97
102
96
91
72
92
87
91
78
96
89
102
78
96
91
88
94
100
95
78
90
96
92
74
90
99
98
95
80
97
91
80
89
97
98
84
89
86
107
87
103
107
91
81
105
70
106
94
92
84
99
103
69
80
89
74
105
97
96
96
94
76
75
95
92
98
80
85
102
68
98
79
97
90
82
90
88
80
84
71
87
76
79
101
81
92
74
92
74
91
109
77
85
76
101
83
73
86
87
75
93
84
96
80
99
85
85
91
77
78
85
94
92
90
86
81
83
83
98
93
81
71
77
74
67
97
106
87
98
80
90
89
74
84
83
85
93
87
85
75
84
94
97
81
89
87
83
81
73
80
77
86
79
87
78
83
74
77
91
76
76
72
77
73
86
73
89
85
87
91
79
73
82
87
74
94
80
73
77
95
87
67
105
89
85
97
84
72
88
93
70
78
77
90
80
92
79
102
77
99
96
95
110
92
90
80
93
89
91
101
75
86
68
99
111
79
97
79
94
79
88
97
95
80
88
77
69
87
96
86
80
86
87
91
82
87
92
77
76
90
87
79
84
82
85
90
92
102
85
86
71
90
81
119
82
79
86
89
84
93
92
85
91
73
77
75
107
97
92
86
73
92
92
100
88
90
82
77
98
83
82
92
78
77
102
83
73
79
97
70
77
92
79
80
83
93
87
89
100
80
105
72
75
91
117
80
91
73
86
98
85
81
92
105
99
100
96
85
105
88
73
82
82
80
79
86
83
87
83
95
103
101
80
89
92
101
102
92
79
107
95
103
93
93
93
88
80
87
112
85
89
103
92
79
81
95
90
92
96
101
78
78
90
85
101
95
95
97
87
86
78
106
96
94
97
95
91
93
85
84
99
75
88
99
90
97
81
108
108
92
89
93
102
100
103
93
81
108
118
94
87
99
115
102
119
83
99
89
98
92
91
86
101
88
96
94
96
84
97
103
81
100
105
94
94
88
107
69
96
84
91
119
87
95
104
106
97
103
87
112
97
109
83
96
97
97
107
102
86
100
102
129
123
111
117
92
91
94
110
118
118
101
99
113
87
93
81
107
93
98
94
90
105
112
84
96
114
100
92
98
110
79
113
111
99
98
96
103
92
111
95
102
108
105
86
97
108
116
108
87
89
95
105
103
113
101
94
103
120
109
90
108
94
123
98
98
87
92
108
116
108
97
95
111
105
121
117
91
95
94
81
106
126
95
100
108
89
106
100
87
103
101
95
94
101
111
98
94
98
112
118
109
98
96
97
103
96
99
100
101
89
106
115
116
109
107
113
98
116
105
94
97
95
93
94
80
110
122
113
99
125
116
105
112
103
88
105
102
106
101
108
103
112
106
95
119
119
105
108
135
106
92
96
107
110
98
115
119
116
110
119
97
93
106
114
114
108
101
107
101
97
100
109
95
102
101
109
94
96
99
100
110
109
95
83
106
105
94
93
104
119
106
102
115
107
86
108
98
104
112
116
114
93
98
93
96
106
87
109
110
92
88
111
100
92
108
94
100
102
100
101
111
96
102
112
110
99
89
100
99
88
114
99
114
93
93
115
75
104
78
98
99
87
88
112
92
89
85
92
94
90
87
102
92
101
93
102
98
88
101
79
92
94
100
80
89
80
84
97
90
127
78
97
98
93
83
89
87
84
99
89
95
98
108
92
102
83
85
89
112
92
86
123
92
84
117
107
84
84
92
91
108
93
96
85
86
91
99
97
87
106
104
91
97
100
92
85
93
86
99
110
83
94
77
96
104
92
100
98
113
79
75
80
92
75
90
88
109
81
94
86
92
98
85
85
94
99
96
97
82
100
90
80
89
76
82
90
74
92
81
93
89
68
78
102
87
87
80
73
88
97
86
81
92
85
87
76
90
73
97
95
93
82
97
79
101
86
86
94
79
76
85
86
82
86
73
87
78
100
92
94
81
87
82
81
95
71
72
83
83
82
96
86
78
80
97
78
94
96
91
90
99
80
79
100
68
83
85
77
89
73
88
102
84
75
94
93
89
98
85
90
86
94
71
73
84
89
86
100
81
85
81
82
74
74
80
72
87
84
86
104
89
93
63
86
79
88
87
83
75
81
87
72
93
98
99
108
83
85
69
97
86
101
79
96
69
87
78
95
85
88
91
76
93
81
77
92
83
77
82
76
67
89
86
79
67
78
85
76
83
87
92
90
81
98
76
88
70
78
73
90
73
112
86
90
96
79
93
97
78
118
83
80
77
83
97
83
75
87
67
81
97
100
83
88
84
72
82
79
87
77
94
84
95
96
96
107
87
86
83
91
83
59
87
90
91
87
62
80
90
72
92
86
92
83
87
89
70
85
73
82
79
80
75
84
90
85
80
90
95
79
81
90
83
91
84
87
86
100
84
98
93
96
94
81
98
82
95
96
85
95
85
64
77
80
96
103
86
100
85
83
78
115
90
94
88
90
89
80
106
79
83
76
79
76
92
73
84
110
85
88
99
117
84
108
100
87
69
106
95
78
78
90
81
72
103
96
75
96
72
89
97
102
92
80
79
83
93
87
92
83
113
89
111
99
105
113
99
81
106
113
94
103
98
101
94
92
89
86
94
96
88
91
99
91
119
82
96
97
93
85
96
88
108
93
89
102
87
92
118
100
105
99
95
94
93
92
85
95
107
101
97
89
97
77
97
95
111
101
99
104
108
106
107
114
112
96
110
95
93
111
109
90
98
98
111
98
94
106
96
109
114
93
128
102
103
87
115
107
99
100
102
102
110
121
99
111
108
108
98
104
94
91
116
97
91
110
98
116
101
94
110
95
113
91
110
127
93
100
104
112
110
98
85
73
109
101
103
109
114
113
115
123
97
108
109
90
127
105
100
112
104
104
90
86
98
124
96
110
111
102
95
97
103
105
102
111
84
107
123
94
118
113
90
114
88
91
105
92
113
95
107
84
120
109
103
133
99
105
93
110
92
97
95
87
110
99
107
114
103
101
114
109
93
103
107
114
110
78
90
105
105
106
112
101
90
88
93
112
98
104
93
97
110
83
92
109
114
97
107
91
110
105
105
103
117
110
114
106
86
103
100
106
85
97
104
110
110
125
114
94
83
91
99
90
101
108
100
76
105
125
119
105
97
85
7
0
0
0
0
0
0
0
0
0
0
0
0
0
0
0
0
0
0
0
0
0
0
0
0
0
0
0
0
0
0
0
0
0
0
0
0
0
0
0
0
0
0
0
0
0
0
0
0
0
0
0
0
0
0
0
0
0
0
0
0
0
0
0
0
0
0
0
0
0
0
0
0
0
0
0
0
0
0
0
0
0
0
0
0
0
0
0
0
0
0
0
0
0
0
0
0
0
0
0
0
0
0
0
0
0
0
0
0
0
0
0
0
0
0
0
0
0
0
0
0
0
0
0
0
0
0
0
0
0
0
0
0
0
0
0
0
0
0
0
0
0
0
0
0
0
0
0
0
0
0
0
0
0
0
0
0
0
0
0
0
0
0
0
0
0
0
0
0
0
0
0
0
0
0
0
0
0
0
0
0
0
0
0
0
0
0
0
0
0
0
0
0
0
0
0
0
0
0
0
0
0
0
0
0
0
0
0
0
0
0
0
0
0
0
0
0
0
0
0
0
0
0
0
0
0
0
0
0
0
0
0
0
0
0
0
0
0
0
0
0
0
0
0
0
0
0
0
0
0
0
0
0
0
0
0
0
0
0
0
0
0
0
0
0
0
0
0
0
0
0
0
0
0
0
0
0
0
0
0
0
0
0
0
0
0
0
0
0
0
0
0
0
0
0
0
0
0
0
0
0
0
0
0
0
0
0
0
0
0
0
0
0
0
0
0
0
0
0
0
0
0
0
0
0
0
0
0
0
0
0
0
0
0
0
0
0
0
0
0
0
0
0
0
0
0
0
0
0
0
0
0
0
0
0
0
0
0
0
0
0
0
0
0
0
0
0
0
0
0
0
0
0
0
0
0
0
0
0
0
0
0
0
0
0
0
0
0
0
0
0
0
0
0
0
0
0
0
0
0
0
0
0
0
0
0
0
0
0
0
0
0
0
0
0
0
0
0
0
0
0
0
0
0
0
0
0
0
0
0
0
0
0
0
0
0
0
0
0
0
0
0
0
0
0
0
0
0
0
0
0
0
0
0
0
0
0
0
0
0
0
0
0
0
0
0
0
0
0
0
0
0
0
0
0
0
0
0
0
0
0
0
0
0
0
0
0
0
0
0
0
0
0
0
0
0
0
0
0
0
0
0
0
0
0
0
0
