# Measurement time [s]: 99.350
# Dwell time [us]: 20
#
# detCounts monCounts f_SF1_Hz f_SF2_Hz
143339 2000001 91700 91700
140
242
247
251
232
240
267
283
252
239
285
258
259
224
302
251
259
221
226
269
259
235
274
264
255
255
229
256
248
266
266
277
278
260
246
224
258
274
268
254
248
266
265
249
270
259
252
258
235
255
274
211
241
263
232
255
229
285
211
237
249
237
251
272
244
215
247
251
248
253
246
239
255
272
246
230
243
278
259
230
227
248
265
256
222
269
234
245
233
240
239
254
248
242
231
291
231
264
210
214
234
256
252
232
213
230
234
239
253
236
200
204
214
226
221
234
239
231
232
237
240
231
210
227
233
225
205
218
222
229
211
183
230
211
219
216
202
198
238
216
202
219
247
229
229
209
226
219
235
206
212
192
195
177
189
220
214
189
216
222
205
203
222
189
195
195
224
204
215
208
228
193
194
186
203
194
227
234
200
197
205
210
182
200
211
229
164
205
206
225
231
201
237
198
181
226
224
207
225
203
240
179
220
196
239
219
210
198
199
204
181
201
210
195
219
204
222
228
203
234
208
211
214
203
207
197
240
211
203
229
237
225
215
208
207
233
208
211
206
208
232
199
187
209
193
223
215
190
206
210
245
202
226
239
213
231
215
201
223
235
226
236
224
223
213
226
252
227
225
230
251
228
229
203
237
192
239
219
239
250
242
214
236
244
259
237
261
220
218
244
220
204
275
236
241
259
272
240
269
233
231
266
221
256
251
230
241
244
258
252
266
252
241
246
237
261
228
261
259
257
251
247
293
250
246
275
249
286
268
249
254
274
260
222
247
249
250
253
234
235
239
268
222
242
217
257
258
300
280
247
219
268
249
250
239
257
228
263
258
251
257
259
246
275
240
244
242
263
257
271
250
265
252
245
246
240
263
241
240
236
238
264
260
274
260
260
259
215
242
266
243
220
234
227
233
240
234
260
244
238
221
222
254
254
275
229
247
242
217
254
236
240
242
248
223
236
252
205
235
255
209
204
248
242
201
206
207
221
205
222
240
225
220
221
215
236
243
205
211
208
217
243
249
227
231
213
222
232
219
201
224
229
211
211
211
205
241
213
211
206
220
197
203
226
193
217
199
189
243
189
179
210
187
189
195
226
226
222
200
201
217
210
203
203
194
202
198
220
188
216
198
179
211
212
201
200
223
221
181
197
216
220
217
215
191
214
203
203
236
195
193
208
178
206
223
209
176
213
220
202
221
201
208
196
204
212
187
212
174
216
197
204
207
217
209
190
239
238
210
231
207
195
223
216
177
239
196
195
239
241
209
220
211
210
201
222
208
219
196
222
219
247
204
218
227
218
235
218
229
227
237
240
225
204
216
239
220
245
232
212
230
223
185
254
230
232
227
226
235
253
234
222
251
250
250
250
246
242
222
226
224
230
255
250
241
261
254
256
246
270
222
239
249
232
232
242
232
258
242
238
267
239
236
261
229
97
0
0
0
0
0
0
0
0
0
0
0
0
0
0
0
0
0
0
0
0
0
0
0
0
0
0
0
0
0
0
0
0
0
0
0
0
0
0
0
0
0
0
0
0
0
0
0
0
0
0
0
0
0
0
0
0
0
0
0
0
0
0
0
0
0
0
0
0
0
0
0
0
0
0
0
0
0
0
0
0
0
0
0
0
0
0
0
0
0
0
0
0
0
0
0
0
0
0
0
0
0
0
0
0
0
0
0
0
0
0
0
0
0
0
0
0
0
0
0
0
0
0
0
0
0
0
0
0
0
0
0
0
0
0
0
0
0
0
0
0
0
0
0
0
0
0
0
0
0
0
0
0
0
0
0
0
0
0
0
0
0
0
0
0
0
0
0
0
0
0
0
0
0
0
0
0
0
0
0
0
0
0
0
0
0
0
0
0
0
0
0
0
0
0
0
0
0
0
0
0
0
0
0
0
0
0
0
0
0
0
0
0
0
0
0
0
0
0
0
0
0
0
0
0
0
0
0
0
0
0
0
0
0
0
0
0
0
0
0
0
0
0
0
0
0
0
0
0
0
0
0
0
0
0
0
0
0
0
0
0
0
0
0
0
0
0
0
0
0
0
0
0
0
0
0
0
0
0
0
0
0
0
0
0
0
0
0
0
0
0
0
0
0
0
0
0
0
0
0
0
0
0
0
0
0
0
0
0
0
0
0
0
0
0
0
0
0
0
0
0
0
0
0
0
0
0
0
0
0
0
0
0
0
0
0
0
0
0
0
0
0
0
0
0
0
0
0
0
0
0
0
0
0
0
0
0
0
0
0
0
0
0
0
0
0
0
0
0
0
0
0
0
0
0
0
0
0
0
0
0
0
0
0
0
0
0
0
0
0
0
0
0
0
0
0
0
0
0
0
0
0
0
0
0
0
0
0
0
0
0
0
0
0
0
0
0
0
0
0
0
0
0
0
0
0
0
0
0
0
0
0
0
0
0
0
0
0
0
0
0
0
0
0
0
0
0
0
0
0
0
0
0
0
0
0
0
0
0
0
0
0
0
0
0
0
0
0
0
0
0
0
0
0
0
0
0
0
0
0
0
0
0
0
0
0
0
0
0
0
0
0
0
0
0
0
0
0
0
0
0
0
0
0
0
0
0
0
0
0
0
0
0
0
0
0
0
0
0
0
0
0
0
0
0
0
0
0
0
0
0
0
0
0
0
0
0
0
0
0
0
0
0
0
0
0
0
0
0
0
0
0
0
0
0
0
0
0
0
0
0
0
0
0
0
0
0
0
0
0
0
0
0
0
0
0
0
0
0
0
0
0
0
0
0
0
0
0
0
0
0
0
0
0
0
0
0
0
0
0
0
0
0
0
0
0
0
0
0
0
0
0
0
0
0
0
0
0
0
0
0
0
0
0
0
0
0
0
0
0
0
0
0
0
0
0
0
0
0
0
0
0
0
0
0
0
0
0
0
0
0
0
0
0
0
0
0
0
0
0
0
0
0
0
0
0
0
0
0
0
0
0
0
0
0
0
0
0
0
0
0
0
0
0
0
0
0
0
0
0
0
0
0
0
0
0
0
0
0
0
0
0
0
0
0
0
0
0
0
0
0
0
0
0
0
0
0
0
0
0
0
0
0
0
0
0
0
0
0
0
0
0
0
0
0
0
0
0
0
0
0
0
0
0
0
0
0
0
0
0
0
0
0
0
0
0
0
0
0
0
0
0
0
0
0
0
0
0
0
0
0
0
0
0
0
0
0
0
0
0
0
0
0
0
0
0
0
0
0
0
0
0
0
0
0
0
0
0
0
0
0
0
0
0
0
0
0
0
0
0
0
0
0
0
0
0
0
0
0
0
0
0
0
0
0
0
0
0
0
0
0
0
0
0
0
0
0
0
0
0
0
0
0
0
0
0
0
0
0
0
0
0
0
0
0
0
0
0
0
0
0
0
0
0
0
0
0
0
0
0
0
0
0
0
0
0
0
0
0
0
0
0
0
0
0
0
0
0
0
0
0
0
0
0
0
0
0
0
0
0
0
0
0
0
0
0
0
0
0
0
0
0
0
0
0
0
0
0
0
0
0
0
0
0
0
0
0
0
0
0
0
0
0
0
0
0
0
0
0
0
0
0
0
0
0
0
0
0
0
0
0
0
0
0
0
0
0
0
0
0
0
0
0
0
0
0
0
0
0
0
0
0
0
0
0
0
0
0
0
0
0
0
0
0
0
0
0
0
0
0
0
0
0
0
0
0
0
0
0
0
0
0
0
0
0
0
0
0
0
0
0
0
0
0
0
0
0
0
0
0
0
0
0
0
0
0
0
0
0
0
0
0
0
0
0
0
0
0
0
0
0
0
0
0
0
0
0
0
0
0
0
0
0
0
0
0
0
0
0
0
0
0
0
0
0
0
0
0
0
0
0
0
0
0
0
0
0
0
0
0
0
0
0
0
0
0
0
0
0
0
0
0
0
0
0
0
0
0
0
0
0
0
0
0
0
0
0
0
0
0
0
0
0
0
0
0
0
0
0
0
0
0
0
0
0
0
0
0
0
0
0
0
0
0
0
0
0
0
0
0
0
0
0
0
0
0
0
0
0
0
0
0
0
0
0
0
0
0
0
0
0
0
0
0
0
0
0
0
0
0
0
0
0
0
0
0
0
0
0
0
0
0
0
0
0
0
0
0
0
0
0
0
0
0
0
0
0
0
0
0
0
0
0
0
0
0
0
0
0
0
0
0
0
0
0
0
0
0
0
0
0
0
0
0
0
0
0
0
0
0
0
0
0
0
0
0
0
0
0
0
0
0
0
0
0
0
0
0
0
0
0
0
0
0
0
0
0
0
0
0
0
0
0
0
0
0
0
0
0
0
0
0
0
0
0
0
0
0
0
0
0
0
0
0
0
0
0
0
0
0
0
0
0
0
0
0
0
0
0
0
0
0
0
0
0
0
0
0
0
0
0
0
0
0
0
0
0
0
0
0
0
0
0
0
0
0
0
0
0
0
0
0
0
0
0
0
0
0
0
0
0
0
0
0
0
0
0
0
0
0
0
0
0
0
0
0
0
0
0
0
0
0
0
0
0
0
0
0
0
0
0
0
0
0
0
