# Measurement time [s]: 99.349
# Dwell time [us]: 20
#
# detCounts monCounts f_SF1_Hz f_SF2_Hz
138177 2000001 91700 91700
46
116
87
93
95
99
88
98
107
89
100
106
96
103
100
117
76
100
93
89
102
104
101
100
86
93
101
98
110
95
96
82
89
94
95
101
97
110
107
86
75
101
100
86
81
88
105
83
99
89
93
102
86
93
103
97
87
100
81
82
78
85
104
92
71
87
95
94
65
99
98
90
94
93
82
103
103
91
92
101
89
112
99
96
95
97
93
104
77
104
90
96
111
95
95
99
91
109
87
78
78
86
82
89
81
82
92
87
85
98
96
77
100
102
86
91
91
81
96
84
119
88
99
93
76
94
102
81
86
73
90
98
86
71
90
93
101
83
86
89
94
95
91
87
77
85
95
83
91
89
91
104
97
100
104
61
94
100
98
81
95
96
86
86
84
74
82
83
92
94
82
88
87
84
91
77
84
97
99
92
97
92
85
79
90
85
80
90
86
84
91
83
88
88
100
84
91
74
79
90
81
98
95
84
97
68
90
87
87
93
81
78
85
92
69
66
70
84
79
82
77
97
89
65
64
85
73
70
64
76
78
82
82
81
74
84
77
90
86
82
71
71
81
76
68
81
104
81
89
69
67
80
78
78
80
79
72
83
71
77
63
88
69
81
68
87
76
85
72
79
95
101
90
77
69
72
77
85
73
74
96
75
76
81
78
113
81
92
92
72
67
88
71
93
73
61
77
90
78
74
94
74
69
94
86
89
86
73
82
76
84
88
89
85
82
71
89
78
79
80
77
87
81
71
79
88
78
82
62
67
79
68
86
89
68
93
69
80
97
89
81
69
76
84
94
77
88
81
78
87
74
82
72
84
78
82
87
79
88
77
82
75
87
78
84
65
83
81
86
86
66
85
85
80
82
77
73
73
91
99
81
83
92
95
93
85
96
86
76
67
81
67
79
96
74
83
73
80
85
78
91
80
101
84
87
76
74
80
75
73
90
75
93
82
68
91
64
78
91
85
87
84
84
68
83
99
79
79
86
87
84
99
81
84
100
70
81
82
83
77
97
83
103
70
83
91
100
87
94
84
72
78
89
92
96
93
101
98
98
93
99
93
75
76
87
100
88
77
88
97
86
112
81
87
88
104
78
89
83
86
89
91
89
87
88
73
75
88
83
94
83
92
92
92
88
99
81
76
96
81
95
84
89
74
85
87
90
99
99
89
94
88
85
86
100
110
108
83
89
93
82
95
108
78
93
100
82
84
94
110
105
89
87
73
87
91
92
83
91
83
94
87
96
84
78
86
100
86
96
71
94
100
90
91
94
90
96
84
86
96
83
78
112
95
96
107
99
93
82
92
107
112
89
104
103
79
94
87
94
95
81
109
101
89
85
114
97
99
91
115
99
97
97
84
101
96
95
83
103
102
92
104
93
102
88
103
99
94
117
114
93
103
76
98
92
77
71
87
90
113
86
95
106
88
104
91
98
121
88
105
78
106
94
108
99
104
116
97
103
119
109
97
114
87
104
91
74
84
99
96
107
90
101
97
90
124
106
96
92
90
88
115
86
127
97
91
113
97
97
84
100
120
89
123
80
96
115
107
87
104
125
77
113
83
94
113
105
83
108
82
93
109
108
118
90
110
92
127
117
115
104
97
87
108
100
108
107
102
97
94
98
77
77
100
104
106
94
106
96
102
103
114
112
88
93
109
103
98
107
100
95
108
96
101
93
87
104
98
102
97
110
103
91
104
94
85
85
102
105
115
100
99
118
106
93
106
98
103
89
101
84
95
111
90
110
89
103
86
74
118
108
105
103
105
104
95
99
107
106
116
85
96
106
92
92
82
99
97
121
80
105
75
105
81
89
93
97
81
103
81
91
92
103
112
94
83
107
86
100
82
87
101
100
103
94
92
99
114
97
98
107
97
107
85
117
99
87
97
92
92
111
87
101
99
83
96
81
98
94
98
81
94
96
80
96
73
102
90
90
96
89
82
93
82
86
94
101
75
94
85
131
78
75
94
94
104
97
70
81
82
87
85
81
74
95
93
84
89
89
103
85
86
87
91
86
80
87
86
97
90
94
76
87
89
80
92
78
103
107
73
92
87
81
82
89
92
89
77
85
76
84
98
81
97
74
81
84
102
97
92
90
90
81
88
81
76
96
82
81
100
100
87
96
96
91
107
85
96
84
81
95
83
90
90
89
89
91
88
90
77
74
96
78
66
96
87
83
84
88
98
100
83
84
79
94
96
78
82
95
80
86
88
93
89
75
76
99
78
91
89
68
89
75
80
77
86
97
81
90
77
76
86
86
88
80
77
80
75
89
85
77
91
96
104
66
91
83
69
80
83
82
75
84
97
74
88
83
73
88
67
81
73
82
74
74
71
74
77
87
80
87
85
73
71
87
88
77
87
77
84
90
81
74
87
94
88
64
69
85
67
87
90
80
101
64
71
78
80
81
70
76
86
77
84
76
78
82
81
79
65
72
105
89
77
74
78
81
86
78
83
73
110
78
73
74
69
89
76
78
96
73
94
68
78
88
70
81
77
71
79
88
92
76
67
72
71
97
83
84
77
59
83
86
87
83
95
81
86
76
85
91
79
81
84
72
75
80
85
83
85
91
85
71
90
92
78
80
84
79
71
78
78
73
87
64
91
87
89
89
72
79
69
94
81
72
79
80
95
82
90
76
77
71
67
76
83
82
94
88
83
79
80
83
77
78
85
84
86
97
68
95
83
80
90
84
95
92
83
78
77
81
60
73
79
89
84
83
84
88
102
78
83
80
68
73
84
81
75
61
95
95
110
82
76
92
92
93
83
93
64
90
89
102
95
98
75
93
93
81
84
90
93
87
103
92
82
100
110
95
89
98
91
101
86
85
88
92
82
103
89
98
78
90
104
82
78
74
95
72
82
94
95
86
77
95
78
89
84
95
89
82
91
95
87
93
90
104
82
90
73
84
84
79
106
85
84
85
88
100
99
69
86
88
80
89
85
79
91
81
79
84
95
92
97
98
94
84
88
95
90
87
94
84
86
91
91
89
85
81
105
94
87
91
88
117
80
99
113
95
95
92
92
94
95
88
104
88
93
109
96
96
88
94
96
96
120
79
105
93
90
86
89
88
109
107
80
113
88
111
124
79
114
88
103
87
95
125
92
83
105
103
97
96
86
74
92
95
89
94
97
81
119
108
83
79
90
87
99
99
100
124
91
101
92
75
83
98
97
96
120
79
82
95
94
107
105
90
80
97
111
94
118
116
81
104
93
96
113
92
109
111
102
90
109
130
98
92
101
93
104
103
105
95
102
101
100
102
104
100
121
89
107
93
99
94
93
103
98
97
99
102
86
118
99
105
99
98
105
97
106
117
90
106
87
99
106
105
108
106
96
101
94
97
105
82
110
95
97
108
106
76
97
104
95
101
86
87
105
100
102
99
83
119
95
107
99
97
94
114
83
117
102
81
105
89
104
97
83
89
97
97
101
95
106
97
89
92
103
108
96
102
81
95
93
98
106
112
92
96
130
78
109
102
101
96
95
96
104
88
4
0
0
0
0
0
0
0
0
0
0
0
0
0
0
0
0
0
0
0
0
0
0
0
0
0
0
0
0
0
0
0
0
0
0
0
0
0
0
0
0
0
0
0
0
0
0
0
0
0
0
0
0
0
0
0
0
0
0
0
0
0
0
0
0
0
0
0
0
0
0
0
0
0
0
0
0
0
0
0
0
0
0
0
0
0
0
0
0
0
0
0
0
0
0
0
0
0
0
0
0
0
0
0
0
0
0
0
0
0
0
0
0
0
0
0
0
0
0
0
0
0
0
0
0
0
0
0
0
0
0
0
0
0
0
0
0
0
0
0
0
0
0
0
0
0
0
0
0
0
0
0
0
0
0
0
0
0
0
0
0
0
0
0
0
0
0
0
0
0
0
0
0
0
0
0
0
0
0
0
0
0
0
0
0
0
0
0
0
0
0
0
0
0
0
0
0
0
0
0
0
0
0
0
0
0
0
0
0
0
0
0
0
0
0
0
0
0
0
0
0
0
0
0
0
0
0
0
0
0
0
0
0
0
0
0
0
0
0
0
0
0
0
0
0
0
0
0
0
0
0
0
0
0
0
0
0
0
0
0
0
0
0
0
0
0
0
0
0
0
0
0
0
0
0
0
0
0
0
0
0
0
0
0
0
0
0
0
0
0
0
0
0
0
0
0
0
0
0
0
0
0
0
0
0
0
0
0
0
0
0
0
0
0
0
0
0
0
0
0
0
0
0
0
0
0
0
0
0
0
0
0
0
0
0
0
0
0
0
0
0
0
0
0
0
0
0
0
0
0
0
0
0
0
0
0
0
0
0
0
0
0
0
0
0
0
0
0
0
0
0
0
0
0
0
0
0
0
0
0
0
0
0
0
0
0
0
0
0
0
0
0
0
0
0
0
0
0
0
0
0
0
0
0
0
0
0
0
0
0
0
0
0
0
0
0
0
0
0
0
0
0
0
0
0
0
0
0
0
0
0
0
0
0
0
0
0
0
0
0
0
0
0
0
0
0
0
0
0
0
0
0
0
0
0
0
0
0
0
0
0
