# Measurement time [s]: 99.349
# Dwell time [us]: 20
#
# detCounts monCounts f_SF1_Hz f_SF2_Hz
148408 2000000 91700 91700
61
88
100
102
85
112
90
103
96
90
110
99
90
120
90
101
105
87
96
69
80
98
91
110
92
88
87
83
107
94
89
102
79
90
111
93
87
92
92
88
98
83
94
101
86
90
104
104
86
108
93
81
114
88
97
100
91
107
99
101
90
92
88
96
89
81
92
96
102
101
99
97
92
94
89
75
88
85
97
86
102
89
88
86
104
77
92
72
104
97
90
96
83
96
95
98
99
91
67
91
91
101
94
104
86
88
81
103
94
92
102
82
98
84
86
91
85
105
81
93
95
96
83
88
77
84
84
83
94
77
91
86
86
100
71
95
92
86
95
77
102
91
70
83
100
84
90
93
94
91
80
87
102
107
77
81
106
76
72
87
63
93
82
78
92
92
95
82
81
83
87
85
69
88
88
90
98
96
88
82
91
84
87
65
94
100
80
79
91
92
95
102
96
94
93
72
91
98
81
86
76
98
100
106
70
79
80
90
75
67
85
88
75
80
86
86
77
82
78
94
72
76
83
81
77
72
81
76
79
73
86
63
99
77
84
83
75
82
90
69
74
79
92
71
68
67
79
87
75
70
91
82
82
85
75
83
92
81
83
84
69
88
87
80
80
76
90
71
92
63
78
86
84
82
85
84
81
80
81
94
84
85
84
90
64
70
71
86
79
84
94
86
88
80
82
76
90
100
91
75
83
70
76
71
96
80
87
87
92
64
87
79
71
88
83
77
74
74
89
77
82
85
64
83
72
76
71
77
80
82
71
69
88
81
72
89
56
80
73
74
72
63
78
84
64
107
77
70
76
87
75
80
64
63
96
95
93
67
79
89
68
78
70
72
68
77
86
97
74
82
71
100
90
70
82
70
81
64
88
83
88
82
55
76
82
84
76
85
84
84
69
70
72
79
76
77
76
94
78
73
89
79
88
67
66
87
99
71
57
84
76
84
90
61
64
80
76
73
83
85
82
68
98
80
75
75
83
72
81
85
82
83
79
85
76
99
85
80
71
101
88
77
93
80
79
78
91
80
104
87
80
77
72
80
90
110
86
88
85
94
74
70
87
95
88
84
72
90
93
85
84
93
76
87
89
94
86
72
90
79
89
86
92
82
90
83
78
76
77
75
91
95
65
84
92
90
103
99
74
94
86
79
92
83
89
98
77
70
72
85
91
94
79
84
76
80
77
104
96
88
85
83
93
63
76
96
84
86
91
89
80
100
104
91
93
104
83
86
90
111
85
94
83
96
96
110
108
71
99
74
74
88
91
83
106
108
89
80
98
83
97
92
91
90
98
90
75
94
91
80
89
102
84
92
80
107
97
91
87
85
97
79
95
88
101
98
74
86
100
82
83
88
90
95
99
99
85
78
93
91
95
102
97
94
90
82
104
88
95
103
92
114
114
69
109
92
80
101
91
98
79
106
95
95
93
97
100
91
85
102
100
94
94
89
94
107
91
85
97
102
97
87
101
96
99
105
97
76
84
87
95
79
95
80
105
93
111
109
103
110
115
112
103
98
86
78
89
113
89
99
86
98
95
109
67
87
109
116
107
107
98
106
97
101
98
98
90
98
114
107
89
94
88
96
93
91
86
86
94
96
111
102
101
94
91
98
94
80
94
108
111
87
101
126
109
104
100
92
89
111
100
96
112
105
80
91
83
101
80
86
96
96
89
97
98
94
89
86
103
91
99
104
96
85
104
100
98
103
112
94
99
101
102
95
102
94
101
98
101
97
106
109
94
100
94
69
114
112
106
108
85
106
97
97
105
88
95
103
96
81
99
111
110
124
100
92
87
105
104
107
107
90
100
111
101
99
116
95
106
92
94
93
95
98
118
81
96
100
89
103
106
94
102
91
103
103
104
124
88
92
94
121
84
109
125
82
102
112
91
71
100
103
86
86
94
88
116
99
92
85
88
84
98
104
101
98
82
83
98
87
103
105
105
76
84
105
76
114
102
101
100
102
87
95
84
104
91
98
105
75
107
112
98
92
84
117
101
80
102
100
105
106
82
80
89
95
113
82
81
90
115
92
86
102
95
104
105
108
116
106
85
108
97
95
95
101
106
87
90
82
112
96
104
95
91
87
85
103
82
96
96
85
101
125
90
88
101
92
92
83
91
90
70
89
93
103
66
104
108
88
85
82
78
77
73
96
86
90
84
84
89
88
95
89
79
81
70
92
97
85
101
74
87
86
89
74
69
101
87
78
82
90
100
77
95
73
92
98
78
74
104
86
82
88
101
82
80
77
100
87
81
89
98
71
69
88
94
77
96
67
82
90
83
91
90
92
88
83
103
86
91
79
63
87
94
58
81
98
101
69
83
84
89
78
98
88
94
74
101
84
89
94
83
76
102
83
87
84
112
101
97
87
81
98
78
76
84
83
75
86
79
93
78
81
81
86
81
86
78
76
81
72
86
76
86
90
86
92
97
85
89
79
83
69
80
78
69
86
75
77
72
82
96
86
89
73
77
96
76
75
71
87
87
92
93
83
76
90
90
76
75
74
91
85
75
83
74
86
79
70
93
82
74
89
85
89
78
95
89
87
70
84
81
86
73
76
87
82
80
72
77
83
84
95
87
85
69
77
81
87
81
68
64
74
72
81
80
69
73
92
82
91
99
70
75
83
69
84
51
75
80
82
91
95
92
96
87
86
96
85
79
65
66
78
68
91
76
94
72
74
81
82
87
83
76
85
77
74
74
84
86
90
74
107
82
98
70
68
80
65
88
97
70
81
84
95
99
55
73
72
97
78
87
80
76
64
71
89
68
90
84
83
78
84
76
90
76
84
88
83
88
79
70
69
72
76
75
70
85
85
73
87
90
76
87
75
86
72
92
62
75
85
75
78
79
89
64
76
73
92
76
73
71
84
82
80
79
88
84
93
67
87
93
71
77
87
91
82
82
86
87
98
78
87
79
61
86
85
87
86
72
84
97
82
79
69
102
73
86
91
87
80
77
71
86
69
67
81
77
95
88
79
83
73
92
87
93
87
94
61
89
88
90
74
80
80
93
83
76
76
75
89
91
90
103
85
80
103
87
87
93
113
93
103
99
89
90
83
78
76
91
86
87
73
90
75
89
99
97
76
91
88
97
76
79
95
79
87
85
91
90
83
94
98
89
89
99
84
87
81
86
93
81
81
98
94
97
106
93
101
97
94
83
83
92
83
89
92
86
109
90
93
112
105
99
88
104
90
84
97
100
93
72
75
113
89
89
100
92
93
97
83
101
86
104
122
92
92
95
89
109
92
92
76
81
83
90
94
101
89
82
92
88
94
82
88
102
91
91
83
92
87
106
90
92
97
108
114
96
82
102
91
93
96
101
101
114
84
95
90
92
92
92
79
97
101
80
102
105
96
102
99
92
98
112
87
107
107
99
89
85
95
101
109
70
101
108
100
97
106
89
108
87
90
92
100
94
98
112
90
108
85
91
95
96
101
101
98
87
113
95
91
117
80
96
90
94
92
100
98
107
101
100
68
82
82
77
99
92
82
105
78
95
92
97
86
105
110
95
102
76
92
85
87
87
95
122
94
105
101
105
91
109
96
98
99
84
106
95
101
94
104
93
92
103
103
102
90
105
102
102
97
107
84
97
100
95
107
104
92
98
85
104
114
93
87
97
119
93
99
93
101
92
103
101
110
98
88
98
96
104
106
104
104
94
94
115
111
113
98
90
94
95
99
108
96
104
76
105
85
77
112
90
111
105
98
94
86
82
108
87
95
95
117
100
85
89
106
98
79
106
110
85
94
119
97
72
93
73
91
94
102
89
106
104
107
80
13
0
0
0
0
0
0
0
0
0
0
0
0
0
0
0
0
0
0
0
0
0
0
0
0
0
0
0
0
0
0
0
0
0
0
0
0
0
0
0
0
0
0
0
0
0
0
0
0
0
0
0
0
0
0
0
0
0
0
0
0
0
0
0
0
0
0
0
0
0
0
0
0
0
0
0
0
0
0
0
0
0
0
0
0
0
0
0
0
0
0
0
0
0
0
0
0
0
0
0
0
0
0
0
0
0
0
0
0
0
0
0
0
0
0
0
0
0
0
0
0
0
0
0
0
0
0
0
0
0
0
0
0
0
0
0
0
0
0
0
0
0
0
0
0
0
0
0
0
0
0
0
0
0
0
0
0
0
0
0
0
0
0
0
0
0
0
0
0
0
0
0
0
0
0
0
0
0
0
0
0
0
0
0
0
0
0
0
0
0
0
0
0
0
0
0
0
0
0
0
0
0
0
0
0
0
0
0
0
0
0
0
0
0
0
0
0
0
0
0
0
0
0
0
0
0
0
0
0
0
0
0
0
0
0
0
0
0
0
0
0
0
0
0
0
0
0
0
0
0
0
0
0
0
0
0
0
0
0
0
0
0
0
0
0
0
0
0
0
0
0
0
0
0
0
0
0
0
0
0
0
0
0
0
0
0
0
0
0
0
0
0
0
0
0
0
0
0
0
0
0
0
0
0
0
0
0
0
0
0
0
0
0
0
0
0
0
0
0
0
0
0
0
0
0
0
0
0
0
0
0
0
0
