# Measurement time [s]: 99.351
# Dwell time [us]: 20
#
# detCounts monCounts f_SF1_Hz f_SF2_Hz
137220 2000000 91700 91700
95
171
165
164
183
196
190
201
182
170
173
197
184
189
214
190
213
198
175
200
198
199
186
185
209
204
182
188
181
193
191
185
192
182
206
190
185
173
183
193
216
178
198
168
216
187
174
169
193
204
178
188
184
203
169
196
192
193
201
177
168
175
195
189
205
167
181
201
168
174
153
170
196
185
190
194
186
163
188
173
189
162
184
160
177
182
181
190
180
153
140
177
188
174
170
192
172
186
147
163
175
197
194
188
170
188
189
175
166
142
186
181
141
183
207
186
184
176
165
158
173
155
191
160
172
175
165
154
174
161
169
164
147
162
177
176
145
162
185
164
195
149
165
158
160
174
160
145
166
168
169
158
155
168
186
145
138
156
156
144
164
168
130
146
151
190
157
166
145
153
160
146
148
140
158
164
187
144
146
143
159
155
155
145
158
152
159
136
164
155
152
150
153
180
160
149
179
156
125
153
149
157
146
143
130
170
147
153
148
156
145
149
165
153
150
137
159
168
166
167
154
154
155
142
146
130
144
174
139
147
151
140
169
154
166
152
165
130
156
143
151
180
152
156
160
171
175
146
163
149
154
148
166
152
182
159
141
159
172
176
159
179
153
147
174
167
149
133
142
159
171
162
143
184
172
160
143
160
171
177
162
150
181
180
155
154
159
166
156
171
169
157
163
170
160
148
158
158
138
177
163
152
177
174
167
153
163
189
194
155
184
164
179
163
179
168
164
171
157
183
187
186
179
170
163
154
178
202
170
193
179
178
166
180
206
169
195
183
196
182
191
164
188
173
164
182
190
178
176
179
167
201
189
159
182
178
157
194
183
186
165
193
175
162
177
184
173
200
181
167
190
177
193
195
192
183
201
208
164
186
186
207
203
163
186
160
172
202
188
185
184
173
177
198
179
188
200
170
206
178
187
192
206
200
197
207
176
173
215
175
190
181
184
207
190
173
191
185
183
189
176
235
190
162
166
205
214
172
202
200
169
191
174
171
186
201
189
203
198
161
178
167
179
171
175
233
186
201
195
179
189
188
206
165
198
191
189
196
182
188
185
220
166
192
192
180
152
179
188
177
188
171
199
183
196
209
182
179
189
178
178
204
178
187
179
154
183
194
183
162
171
178
187
182
198
198
192
191
167
208
175
178
173
177
190
159
163
182
176
186
176
177
187
147
156
183
145
170
176
165
167
158
182
164
182
151
171
160
167
181
169
172
168
167
163
171
160
179
167
175
153
164
163
165
163
176
176
147
176
169
186
175
173
133
144
148
139
172
171
158
153
173
146
162
170
185
162
149
164
158
166
164
157
145
162
130
170
142
153
173
155
141
155
169
169
167
142
147
149
176
154
164
155
140
161
165
157
134
153
152
155
164
149
148
143
167
139
156
173
135
140
150
150
172
155
143
149
161
171
141
142
149
165
175
187
157
135
166
141
169
155
161
145
138
147
147
141
153
142
160
139
156
160
167
171
175
148
158
154
156
173
167
139
190
154
152
148
156
156
161
180
162
136
168
175
138
162
157
163
175
170
154
150
167
148
159
166
176
160
175
162
136
165
150
150
156
150
161
159
166
123
144
176
172
145
168
155
193
192
158
180
175
155
176
165
177
157
179
156
161
163
159
144
173
170
170
187
153
173
172
148
182
169
168
183
178
197
177
182
172
182
188
179
184
179
177
188
179
167
179
182
169
180
198
193
171
166
198
163
168
190
169
185
167
188
184
166
182
172
155
160
176
200
179
190
188
194
200
190
195
177
177
192
179
189
188
200
195
193
210
184
201
212
200
177
208
180
171
212
192
170
194
177
198
183
214
174
183
175
203
88
0
0
0
0
0
0
0
0
0
0
0
0
0
0
0
0
0
0
0
0
0
0
0
0
0
0
0
0
0
0
0
0
0
0
0
0
0
0
0
0
0
0
0
0
0
0
0
0
0
0
0
0
0
0
0
0
0
0
0
0
0
0
0
0
0
0
0
0
0
0
0
0
0
0
0
0
0
0
0
0
0
0
0
0
0
0
0
0
0
0
0
0
0
0
0
0
0
0
0
0
0
0
0
0
0
0
0
0
0
0
0
0
0
0
0
0
0
0
0
0
0
0
0
0
0
0
0
0
0
0
0
0
0
0
0
0
0
0
0
0
0
0
0
0
0
0
0
0
0
0
0
0
0
0
0
0
0
0
0
0
0
0
0
0
0
0
0
0
0
0
0
0
0
0
0
0
0
0
0
0
0
0
0
0
0
0
0
0
0
0
0
0
0
0
0
0
0
0
0
0
0
0
0
0
0
0
0
0
0
0
0
0
0
0
0
0
0
0
0
0
0
0
0
0
0
0
0
0
0
0
0
0
0
0
0
0
0
0
0
0
0
0
0
0
0
0
0
0
0
0
0
0
0
0
0
0
0
0
0
0
0
0
0
0
0
0
0
0
0
0
0
0
0
0
0
0
0
0
0
0
0
0
0
0
0
0
0
0
0
0
0
0
0
0
0
0
0
0
0
0
0
0
0
0
0
0
0
0
0
0
0
0
0
0
0
0
0
0
0
0
0
0
0
0
0
0
0
0
0
0
0
0
0
0
0
0
0
0
0
0
0
0
0
0
0
0
0
0
0
0
0
0
0
0
0
0
0
0
0
0
0
0
0
0
0
0
0
0
0
0
0
0
0
0
0
0
0
0
0
0
0
0
0
0
0
0
0
0
0
0
0
0
0
0
0
0
0
0
0
0
0
0
0
0
0
0
0
0
0
0
0
0
0
0
0
0
0
0
0
0
0
0
0
0
0
0
0
0
0
0
0
0
0
0
0
0
0
0
0
0
0
0
0
0
0
0
0
0
0
0
0
0
0
0
0
0
0
0
0
0
0
0
0
0
0
0
0
0
0
0
0
0
0
0
0
0
0
0
0
0
0
0
0
0
0
0
0
0
0
0
0
0
0
0
0
0
0
0
0
0
0
0
0
0
0
0
0
0
0
0
0
0
0
0
0
0
0
0
0
0
0
0
0
0
0
0
0
0
0
0
0
0
0
0
0
0
0
0
0
0
0
0
0
0
0
0
0
0
0
0
0
0
0
0
0
0
0
0
0
0
0
0
0
0
0
0
0
0
0
0
0
0
0
0
0
0
0
0
0
0
0
0
0
0
0
0
0
0
0
0
0
0
0
0
0
0
0
0
0
0
0
0
0
0
0
0
0
0
0
0
0
0
0
0
0
0
0
0
0
0
0
0
0
0
0
0
0
0
0
0
0
0
0
0
0
0
0
0
0
0
0
0
0
0
0
0
0
0
0
0
0
0
0
0
0
0
0
0
0
0
0
0
0
0
0
0
0
0
0
0
0
0
0
0
0
0
0
0
0
0
0
0
0
0
0
0
0
0
0
0
0
0
0
0
0
0
0
0
0
0
0
0
0
0
0
0
0
0
0
0
0
0
0
0
0
0
0
0
0
0
0
0
0
0
0
0
0
0
0
0
0
0
0
0
0
0
0
0
0
0
0
0
0
0
0
0
0
0
0
0
0
0
0
0
0
0
0
0
0
0
0
0
0
0
0
0
0
0
0
0
0
0
0
0
0
0
0
0
0
0
0
0
0
0
0
0
0
0
0
0
0
0
0
0
0
0
0
0
0
0
0
0
0
0
0
0
0
0
0
0
0
0
0
0
0
0
0
0
0
0
0
0
0
0
0
0
0
0
0
0
0
0
0
0
0
0
0
0
0
0
0
0
0
0
0
0
0
0
0
0
0
0
0
0
0
0
0
0
0
0
0
0
0
0
0
0
0
0
0
0
0
0
0
0
0
0
0
0
0
0
0
0
0
0
0
0
0
0
0
0
0
0
0
0
0
0
0
0
0
0
0
0
0
0
0
0
0
0
0
0
0
0
0
0
0
0
0
0
0
0
0
0
0
0
0
0
0
0
0
0
0
0
0
0
0
0
0
0
0
0
0
0
0
0
0
0
0
0
0
0
0
0
0
0
0
0
0
0
0
0
0
0
0
0
0
0
0
0
0
0
0
0
0
0
0
0
0
0
0
0
0
0
0
0
0
0
0
0
0
0
0
0
0
0
0
0
0
0
0
0
0
0
0
0
0
0
0
0
0
0
0
0
0
0
0
0
0
0
0
0
0
0
0
0
0
0
0
0
0
0
0
0
0
0
0
0
0
0
0
0
0
0
0
0
0
0
0
0
0
0
0
0
0
0
0
0
0
0
0
0
0
0
0
0
0
0
0
0
0
0
0
0
0
0
0
0
0
0
0
0
0
0
0
0
0
0
0
0
0
0
0
0
0
0
0
0
0
0
0
0
0
0
0
0
0
0
0
0
0
0
0
0
0
0
0
0
0
0
0
0
0
0
0
0
0
0
0
0
0
0
0
0
0
0
0
0
0
0
0
0
0
0
0
0
0
0
0
0
0
0
0
0
0
0
0
0
0
0
0
0
0
0
0
0
0
0
0
0
0
0
0
0
0
0
0
0
0
0
0
0
0
0
0
0
0
0
0
0
0
0
0
0
0
0
0
0
0
0
0
