# Measurement time [s]: 99.351
# Dwell time [us]: 20
#
# detCounts monCounts f_SF1_Hz f_SF2_Hz
147585 2000000 91700 91700
82
175
185
180
201
175
163
171
164
157
168
172
178
173
179
155
178
171
177
182
178
177
158
187
161
180
162
165
175
172
175
193
152
155
160
168
205
179
156
164
184
150
165
146
172
176
188
173
163
185
160
170
181
168
177
198
168
167
167
178
147
176
172
155
184
166
176
139
160
181
198
172
158
142
168
143
157
158
189
166
162
155
170
162
154
151
149
168
170
168
172
162
149
158
169
166
169
178
157
162
135
153
158
168
158
152
152
158
154
139
149
165
158
171
127
149
157
176
154
158
160
142
145
162
171
155
148
156
136
179
151
159
149
167
150
172
163
157
155
153
169
165
139
133
149
149
153
158
148
164
146
126
161
183
149
137
164
151
171
140
133
153
143
143
166
119
154
142
133
157
141
145
152
150
143
139
129
174
150
173
167
141
146
178
154
144
136
138
126
120
139
142
141
144
145
134
142
150
153
144
165
128
147
126
125
149
161
156
130
147
106
150
129
160
135
146
145
136
141
148
141
157
136
138
134
146
122
141
130
154
150
103
140
133
152
131
144
153
154
137
141
130
133
137
159
138
157
161
142
149
145
144
148
149
151
131
133
144
140
136
124
128
126
132
138
134
155
144
177
131
154
151
149
148
153
146
152
118
149
135
167
145
149
148
148
150
150
166
136
161
146
156
160
134
140
139
137
143
145
163
148
127
143
150
128
144
155
147
145
132
164
131
131
150
154
164
133
141
156
156
154
150
146
144
168
153
165
150
159
154
134
151
156
132
157
162
137
141
140
155
144
172
147
139
143
166
144
176
166
162
164
161
141
142
148
156
155
180
165
134
170
147
167
154
152
169
164
147
154
155
158
144
154
161
147
159
156
153
173
151
157
156
158
143
155
151
168
175
189
158
157
162
181
196
166
158
198
170
161
135
167
149
181
173
151
155
161
172
163
174
171
180
165
163
170
155
149
195
178
169
161
181
165
186
158
178
183
174
180
164
169
178
158
171
177
155
193
181
185
158
160
197
163
172
206
189
190
155
150
173
186
173
192
177
172
190
166
165
161
179
186
162
188
153
169
168
184
188
197
175
163
176
161
176
171
184
168
171
156
174
186
178
189
187
173
208
165
203
175
172
169
196
195
178
161
184
168
170
164
169
176
176
146
184
169
155
160
143
170
171
177
176
165
145
159
168
150
156
167
156
157
144
176
161
166
190
171
171
185
135
173
172
141
181
177
158
174
162
168
168
188
144
148
177
170
149
155
161
160
160
190
157
176
157
162
169
177
153
156
167
149
147
162
145
162
149
177
165
159
173
159
162
148
161
177
167
148
156
152
156
173
165
172
164
153
159
151
137
146
191
147
156
149
157
148
141
177
153
159
139
163
155
174
148
136
159
153
165
152
142
146
135
157
167
134
177
128
159
154
145
134
135
168
129
154
171
133
131
158
149
162
127
151
131
139
139
134
126
156
153
156
123
126
127
153
135
146
147
118
152
172
126
156
136
148
161
149
140
140
128
160
130
143
165
130
128
142
138
156
144
142
123
156
145
154
127
143
134
143
122
153
126
155
145
140
141
148
140
156
129
149
143
140
144
136
130
161
130
135
154
148
129
146
131
141
165
137
135
139
133
135
116
159
143
154
144
132
139
141
157
138
150
143
147
124
131
157
158
131
127
144
163
153
152
135
119
150
144
147
155
151
148
138
143
135
146
134
146
125
153
145
144
129
137
159
152
123
170
145
137
149
163
145
140
147
157
146
140
131
138
159
168
135
151
142
138
161
142
152
157
183
152
168
144
155
155
142
140
173
150
138
148
153
167
143
155
138
165
137
149
152
143
163
120
133
133
165
152
142
149
141
160
136
174
142
151
157
145
152
140
175
148
148
152
152
157
148
167
165
175
167
147
150
156
141
165
147
141
150
129
170
167
166
160
190
156
161
169
147
162
132
156
167
156
169
170
152
150
149
158
144
181
173
152
161
174
168
188
154
185
179
171
142
176
179
163
180
157
152
173
166
173
161
179
160
172
169
170
153
191
149
165
146
178
148
169
152
178
172
171
183
163
173
183
162
163
140
167
186
154
162
157
174
168
173
176
168
158
186
167
189
169
157
181
199
186
153
151
154
163
165
163
167
183
168
189
164
161
176
167
192
167
165
129
17
0
0
0
0
0
0
0
0
0
0
0
0
0
0
0
0
0
0
0
0
0
0
0
0
0
0
0
0
0
0
0
0
0
0
0
0
0
0
0
0
0
0
0
0
0
0
0
0
0
0
0
0
0
0
0
0
0
0
0
0
0
0
0
0
0
0
0
0
0
0
0
0
0
0
0
0
0
0
0
0
0
0
0
0
0
0
0
0
0
0
0
0
0
0
0
0
0
0
0
0
0
0
0
0
0
0
0
0
0
0
0
0
0
0
0
0
0
0
0
0
0
0
0
0
0
0
0
0
0
0
0
0
0
0
0
0
0
0
0
0
0
0
0
0
0
0
0
0
0
0
0
0
0
0
0
0
0
0
0
0
0
0
0
0
0
0
0
0
0
0
0
0
0
0
0
0
0
0
0
0
0
0
0
0
0
0
0
0
0
0
0
0
0
0
0
0
0
0
0
0
0
0
0
0
0
0
0
0
0
0
0
0
0
0
0
0
0
0
0
0
0
0
0
0
0
0
0
0
0
0
0
0
0
0
0
0
0
0
0
0
0
0
0
0
0
0
0
0
0
0
0
0
0
0
0
0
0
0
0
0
0
0
0
0
0
0
0
0
0
0
0
0
0
0
0
0
0
0
0
0
0
0
0
0
0
0
0
0
0
0
0
0
0
0
0
0
0
0
0
0
0
0
0
0
0
0
0
0
0
0
0
0
0
0
0
0
0
0
0
0
0
0
0
0
0
0
0
0
0
0
0
0
0
0
0
0
0
0
0
0
0
0
0
0
0
0
0
0
0
0
0
0
0
0
0
0
0
0
0
0
0
0
0
0
0
0
0
0
0
0
0
0
0
0
0
0
0
0
0
0
0
0
0
0
0
0
0
0
0
0
0
0
0
0
0
0
0
0
0
0
0
0
0
0
0
0
0
0
0
0
0
0
0
0
0
0
0
0
0
0
0
0
0
0
0
0
0
0
0
0
0
0
0
0
0
0
0
0
0
0
0
0
0
0
0
0
0
0
0
0
0
0
0
0
0
0
0
0
0
0
0
0
0
0
0
0
0
0
0
0
0
0
0
0
0
0
0
0
0
0
0
0
0
0
0
0
0
0
0
0
0
0
0
0
0
0
0
0
0
0
0
0
0
0
0
0
0
0
0
0
0
0
0
0
0
0
0
0
0
0
0
0
0
0
0
0
0
0
0
0
0
0
0
0
0
0
0
0
0
0
0
0
0
0
0
0
0
0
0
0
0
0
0
0
0
0
0
0
0
0
0
0
0
0
0
0
0
0
0
0
0
0
0
0
0
0
0
0
0
0
0
0
0
0
0
0
0
0
0
0
0
0
0
0
0
0
0
0
0
0
0
0
0
0
0
0
0
0
0
0
0
0
0
0
0
0
0
0
0
0
0
0
0
0
0
0
0
0
0
0
0
0
0
0
0
0
0
0
0
0
0
0
0
0
0
0
0
0
0
0
0
0
0
0
0
0
0
0
0
0
0
0
0
0
0
0
0
0
0
0
0
0
0
0
0
0
0
0
0
0
0
0
0
0
0
0
0
0
0
0
0
0
0
0
0
0
0
0
0
0
0
0
0
0
0
0
0
0
0
0
0
0
0
0
0
0
0
0
0
0
0
0
0
0
0
0
0
0
0
0
0
0
0
0
0
0
0
0
0
0
0
0
0
0
0
0
0
0
0
0
0
0
0
0
0
0
0
0
0
0
0
0
0
0
0
0
0
0
0
0
0
0
0
0
0
0
0
0
0
0
0
0
0
0
0
0
0
0
0
0
0
0
0
0
0
0
0
0
0
0
0
0
0
0
0
0
0
0
0
0
0
0
0
0
0
0
0
0
0
0
0
0
0
0
0
0
0
0
0
0
0
0
0
0
0
0
0
0
0
0
0
0
0
0
0
0
0
0
0
0
0
0
0
0
0
0
0
0
0
0
0
0
0
0
0
0
0
0
0
0
0
0
0
0
0
0
0
0
0
0
0
0
0
0
0
0
0
0
0
0
0
0
0
0
0
0
0
0
0
0
0
0
0
0
0
0
0
0
0
0
0
0
0
0
0
0
0
0
0
0
0
0
0
0
0
0
0
0
0
0
0
0
0
0
0
0
0
0
0
0
0
0
0
0
0
0
0
0
0
0
0
0
0
0
0
0
0
0
0
0
0
0
0
0
0
0
0
0
0
0
0
0
0
0
0
0
0
0
0
0
0
0
0
0
0
0
0
0
0
0
0
0
0
0
0
0
0
0
0
0
0
0
0
0
0
0
0
0
0
0
0
0
0
0
0
0
0
0
0
0
0
0
0
0
0
0
0
0
0
0
0
0
0
0
0
0
0
0
0
0
0
0
0
0
0
0
0
0
0
0
0
0
0
0
0
