# Measurement time [s]: 99.351
# Dwell time [us]: 20
#
# detCounts monCounts f_SF1_Hz f_SF2_Hz
137787 2000000 91700 91700
134
201
211
205
199
193
201
196
199
202
211
213
212
211
200
190
171
209
221
222
216
237
182
204
232
197
230
205
219
180
217
224
239
199
205
233
196
221
209
202
194
225
188
184
234
201
200
200
203
205
209
235
221
212
207
195
195
196
204
169
189
211
198
195
182
191
218
208
200
208
194
195
207
205
188
192
198
190
188
209
199
195
180
220
202
196
184
188
205
193
196
176
214
208
175
205
192
210
182
196
178
209
190
209
212
176
177
194
177
195
204
190
202
167
160
210
204
188
185
201
199
172
194
192
177
221
193
163
185
186
169
200
184
176
185
185
177
192
179
170
200
172
197
177
193
171
182
159
175
165
158
188
192
173
170
148
155
159
171
207
191
178
171
163
175
162
158
168
177
151
185
157
142
165
161
182
165
161
155
182
146
182
163
186
157
157
172
158
175
158
182
178
173
177
196
153
176
155
180
153
169
175
166
168
170
171
187
141
166
135
172
153
155
157
182
177
156
148
165
169
175
181
174
148
165
175
168
143
183
167
178
167
155
134
157
153
182
155
181
158
174
172
158
161
176
187
185
178
169
163
162
184
203
171
163
186
181
173
168
169
188
189
161
173
213
179
170
162
182
174
178
170
171
193
204
183
193
188
170
156
185
168
206
191
178
174
206
172
198
198
190
180
186
161
179
167
197
174
189
193
177
189
197
211
174
214
173
183
182
194
187
208
174
207
214
188
206
174
224
206
209
192
212
230
222
176
209
205
194
187
199
190
190
217
224
196
214
193
201
176
207
211
211
196
182
221
203
206
213
187
208
205
203
206
179
203
224
188
204
210
209
211
188
215
212
212
197
213
206
240
173
226
189
199
201
234
249
219
231
214
240
188
232
198
201
215
211
191
191
189
231
215
233
226
201
201
207
202
208
217
214
204
212
211
206
214
236
206
190
183
192
198
207
203
194
215
213
197
215
217
213
235
224
216
215
197
202
194
207
214
224
206
191
183
189
192
204
196
224
200
209
197
191
222
191
195
201
182
197
198
212
208
215
189
199
209
174
193
188
185
192
219
199
186
204
182
190
182
183
189
199
176
182
183
193
179
200
169
200
174
183
175
181
190
190
193
187
200
186
166
186
190
188
179
184
194
193
174
185
191
185
197
184
184
187
183
181
169
166
186
188
174
155
179
182
166
163
189
178
175
182
169
178
176
155
148
188
194
139
161
144
167
170
165
202
162
147
153
176
168
166
178
146
178
187
154
156
180
172
169
172
165
172
168
186
199
180
172
165
167
157
162
175
165
189
169
155
162
165
166
150
169
166
164
171
148
151
172
146
175
165
172
140
167
171
154
162
172
157
189
134
171
167
159
161
159
174
168
185
154
151
142
163
169
168
181
172
217
156
178
180
176
175
170
167
149
149
173
164
175
169
174
183
178
178
186
173
171
193
170
195
165
156
167
187
145
169
154
190
179
198
183
162
157
167
167
174
186
151
162
183
182
179
191
182
180
187
184
181
194
178
193
193
197
192
169
185
191
191
189
177
194
190
182
179
195
186
208
201
209
191
200
190
201
194
206
199
213
215
218
184
201
183
196
200
181
164
199
177
175
187
203
215
183
206
218
191
184
204
191
195
193
218
227
201
192
232
199
228
202
194
214
227
220
193
192
202
229
212
204
205
229
203
185
214
144
5
0
0
0
0
0
0
0
0
0
0
0
0
0
0
0
0
0
0
0
0
0
0
0
0
0
0
0
0
0
0
0
0
0
0
0
0
0
0
0
0
0
0
0
0
0
0
0
0
0
0
0
0
0
0
0
0
0
0
0
0
0
0
0
0
0
0
0
0
0
0
0
0
0
0
0
0
0
0
0
0
0
0
0
0
0
0
0
0
0
0
0
0
0
0
0
0
0
0
0
0
0
0
0
0
0
0
0
0
0
0
0
0
0
0
0
0
0
0
0
0
0
0
0
0
0
0
0
0
0
0
0
0
0
0
0
0
0
0
0
0
0
0
0
0
0
0
0
0
0
0
0
0
0
0
0
0
0
0
0
0
0
0
0
0
0
0
0
0
0
0
0
0
0
0
0
0
0
0
0
0
0
0
0
0
0
0
0
0
0
0
0
0
0
0
0
0
0
0
0
0
0
0
0
0
0
0
0
0
0
0
0
0
0
0
0
0
0
0
0
0
0
0
0
0
0
0
0
0
0
0
0
0
0
0
0
0
0
0
0
0
0
0
0
0
0
0
0
0
0
0
0
0
0
0
0
0
0
0
0
0
0
0
0
0
0
0
0
0
0
0
0
0
0
0
0
0
0
0
0
0
0
0
0
0
0
0
0
0
0
0
0
0
0
0
0
0
0
0
0
0
0
0
0
0
0
0
0
0
0
0
0
0
0
0
0
0
0
0
0
0
0
0
0
0
0
0
0
0
0
0
0
0
0
0
0
0
0
0
0
0
0
0
0
0
0
0
0
0
0
0
0
0
0
0
0
0
0
0
0
0
0
0
0
0
0
0
0
0
0
0
0
0
0
0
0
0
0
0
0
0
0
0
0
0
0
0
0
0
0
0
0
0
0
0
0
0
0
0
0
0
0
0
0
0
0
0
0
0
0
0
0
0
0
0
0
0
0
0
0
0
0
0
0
0
0
0
0
0
0
0
0
0
0
0
0
0
0
0
0
0
0
0
0
0
0
0
0
0
0
0
0
0
0
0
0
0
0
0
0
0
0
0
0
0
0
0
0
0
0
0
0
0
0
0
0
0
0
0
0
0
0
0
0
0
0
0
0
0
0
0
0
0
0
0
0
0
0
0
0
0
0
0
0
0
0
0
0
0
0
0
0
0
0
0
0
0
0
0
0
0
0
0
0
0
0
0
0
0
0
0
0
0
0
0
0
0
0
0
0
0
0
0
0
0
0
0
0
0
0
0
0
0
0
0
0
0
0
0
0
0
0
0
0
0
0
0
0
0
0
0
0
0
0
0
0
0
0
0
0
0
0
0
0
0
0
0
0
0
0
0
0
0
0
0
0
0
0
0
0
0
0
0
0
0
0
0
0
0
0
0
0
0
0
0
0
0
0
0
0
0
0
0
0
0
0
0
0
0
0
0
0
0
0
0
0
0
0
0
0
0
0
0
0
0
0
0
0
0
0
0
0
0
0
0
0
0
0
0
0
0
0
0
0
0
0
0
0
0
0
0
0
0
0
0
0
0
0
0
0
0
0
0
0
0
0
0
0
0
0
0
0
0
0
0
0
0
0
0
0
0
0
0
0
0
0
0
0
0
0
0
0
0
0
0
0
0
0
0
0
0
0
0
0
0
0
0
0
0
0
0
0
0
0
0
0
0
0
0
0
0
0
0
0
0
0
0
0
0
0
0
0
0
0
0
0
0
0
0
0
0
0
0
0
0
0
0
0
0
0
0
0
0
0
0
0
0
0
0
0
0
0
0
0
0
0
0
0
0
0
0
0
0
0
0
0
0
0
0
0
0
0
0
0
0
0
0
0
0
0
0
0
0
0
0
0
0
0
0
0
0
0
0
0
0
0
0
0
0
0
0
0
0
0
0
0
0
0
0
0
0
0
0
0
0
0
0
0
0
0
0
0
0
0
0
0
0
0
0
0
0
0
0
0
0
0
0
0
0
0
0
0
0
0
0
0
0
0
0
0
0
0
0
0
0
0
0
0
0
0
0
0
0
0
0
0
0
0
0
0
0
0
0
0
0
0
0
0
0
0
0
0
0
0
0
0
0
0
0
0
0
0
0
0
0
0
0
0
0
0
0
0
0
0
0
0
0
0
0
0
0
0
0
0
0
0
0
0
0
0
0
0
0
0
0
0
0
0
0
0
0
0
0
0
0
0
0
0
0
0
0
0
0
0
0
0
0
0
0
0
0
0
0
0
0
0
0
0
0
0
0
0
0
0
0
0
0
0
0
0
0
0
0
0
0
0
0
0
0
0
0
0
0
0
0
0
0
0
0
0
0
0
0
0
0
0
0
0
0
0
0
0
0
0
0
0
0
0
0
0
0
0
0
0
0
0
0
0
0
0
0
0
0
0
0
0
0
0
0
0
0
0
0
0
0
0
0
0
0
0
0
0
0
0
0
0
0
0
0
0
0
0
0
0
0
0
0
0
0
0
0
0
0
0
0
0
0
0
0
0
0
0
0
0
0
0
0
0
0
0
0
0
0
0
0
0
0
0
0
0
0
0
0
0
0
0
0
0
0
0
0
0
0
0
0
0
0
0
0
0
0
0
0
0
0
0
0
0
0
0
0
0
0
0
0
0
0
0
0
0
0
0
0
0
0
0
0
0
0
0
0
0
0
0
0
0
0
0
0
0
0
0
0
0
0
0
0
0
0
0
0
0
0
0
0
0
0
0
0
0
0
0
0
0
0
0
0
0
0
0
0
0
0
0
0
0
0
0
0
0
0
0
0
0
0
0
0
0
0
0
0
0
0
0
0
0
0
0
0
0
0
0
0
0
0
0
0
0
0
0
0
0
0
0
0
0
0
0
0
0
0
0
0
0
