# Measurement time [s]: 99.351
# Dwell time [us]: 20
#
# detCounts monCounts f_SF1_Hz f_SF2_Hz
141089 2000000 91700 91700
71
114
114
116
117
116
106
105
119
110
123
119
121
112
103
104
117
123
117
122
118
108
121
119
117
114
107
126
112
112
120
112
114
109
108
112
118
108
130
109
128
119
120
121
105
120
111
118
113
132
117
114
121
134
122
106
108
125
108
105
110
104
109
105
106
122
129
114
107
115
127
129
141
103
121
125
120
142
112
128
101
122
103
116
96
112
110
119
114
106
100
96
105
113
105
114
122
122
111
113
114
106
98
105
99
100
89
122
122
118
105
99
113
107
95
113
86
101
90
105
106
123
95
119
104
115
107
87
102
100
101
112
119
96
99
105
120
83
91
107
115
101
105
85
99
114
115
120
106
120
92
108
102
92
100
93
94
117
116
94
101
95
104
92
106
108
93
106
109
105
92
106
106
94
89
101
83
96
95
106
113
104
93
78
114
92
88
117
123
86
95
89
96
94
105
97
97
103
102
87
97
99
97
109
121
88
104
104
99
102
118
92
102
102
98
98
101
94
90
110
83
89
88
84
88
91
107
95
78
91
89
100
94
100
96
89
109
87
100
111
101
104
92
82
104
114
90
96
105
91
86
98
89
96
91
113
102
98
94
100
92
84
82
91
98
77
106
95
97
80
68
105
105
89
78
89
112
100
97
111
101
103
101
76
104
90
84
85
89
94
99
96
92
93
96
76
91
100
88
94
96
109
88
109
93
75
83
89
92
98
86
87
105
85
89
104
86
110
97
78
94
96
88
114
118
106
81
96
100
96
88
118
79
100
82
96
90
90
89
94
100
88
90
113
97
93
100
81
93
117
91
101
87
104
114
96
104
89
90
100
97
93
120
96
96
102
103
118
100
84
106
106
97
95
123
104
97
86
88
108
115
84
109
98
98
110
111
121
87
91
90
82
106
92
109
89
112
96
95
100
109
116
106
108
108
97
108
86
103
105
100
87
98
110
94
95
109
119
112
105
111
92
117
102
123
111
99
94
117
95
91
101
107
98
95
106
118
114
110
77
115
93
103
113
103
121
100
120
96
100
115
107
121
105
100
101
82
105
110
125
96
103
100
97
104
108
103
101
104
117
111
114
115
122
113
112
109
122
114
101
123
117
125
117
118
99
107
85
122
115
118
95
103
123
91
129
91
109
117
111
127
101
103
106
109
116
110
119
125
105
107
136
125
109
115
121
101
105
107
126
131
91
119
103
130
117
136
108
122
128
110
119
124
134
120
140
121
125
129
116
111
124
113
113
127
109
117
132
139
125
115
103
132
115
129
132
106
98
133
131
116
117
121
115
114
110
114
120
126
125
138
106
115
106
119
109
115
126
99
105
127
125
120
135
131
135
134
123
135
120
111
140
126
136
130
127
119
99
129
119
122
117
120
127
111
124
130
123
129
133
120
129
116
106
135
123
113
113
138
119
109
122
122
116
130
128
124
131
108
128
107
128
107
124
120
150
113
118
124
128
133
126
116
130
105
133
116
113
119
125
104
104
105
103
118
114
121
121
110
127
134
127
119
105
118
136
136
107
137
115
116
117
109
131
110
108
123
119
116
114
109
118
122
117
118
105
100
133
126
113
121
120
116
114
126
125
112
109
121
102
114
122
129
113
114
129
123
121
123
105
113
115
88
127
130
100
103
133
112
96
113
109
120
109
105
100
96
129
116
129
107
121
117
126
96
105
108
116
99
122
106
114
104
96
108
91
118
98
116
111
103
118
90
109
106
109
105
93
116
121
131
119
128
109
125
121
117
111
118
140
113
111
113
118
134
97
106
112
112
105
100
86
97
94
129
143
85
107
105
116
132
118
98
100
99
105
91
101
98
104
103
118
103
107
127
100
100
104
103
100
117
115
103
100
111
111
102
96
108
111
97
120
91
103
112
108
106
109
95
93
103
105
107
98
111
96
90
100
102
94
102
126
98
91
87
92
98
95
96
108
94
94
93
93
132
102
78
100
107
93
109
104
110
104
92
98
92
107
124
106
105
105
88
101
118
103
96
98
100
96
82
95
93
107
96
87
84
96
87
98
111
87
100
100
98
89
107
105
97
85
94
87
100
103
99
84
109
83
108
99
87
82
89
117
110
92
108
103
88
96
88
108
96
99
92
98
98
111
90
97
86
80
84
95
88
100
97
105
101
86
82
102
88
105
87
106
108
103
94
88
103
110
94
91
94
103
75
85
89
83
91
109
100
86
83
101
107
100
93
94
98
78
80
82
102
107
88
77
87
86
89
95
79
92
109
92
105
105
87
101
96
95
84
93
104
80
111
91
107
92
84
92
83
74
98
90
88
109
104
106
97
107
88
93
111
85
126
78
101
101
93
102
100
103
92
88
107
119
122
107
96
86
110
93
88
92
114
110
89
84
95
99
97
98
106
104
108
109
92
95
97
94
98
89
113
104
102
113
88
105
115
104
96
98
91
107
111
102
107
100
100
97
113
101
95
109
94
140
102
94
85
97
104
121
104
115
107
106
103
102
102
109
93
110
113
97
94
99
93
97
106
111
110
114
100
96
93
120
116
107
107
112
111
111
126
125
115
111
99
103
102
100
107
104
98
89
107
87
112
121
109
108
97
87
112
101
112
93
111
106
142
121
113
114
107
110
90
116
97
119
99
107
116
120
97
100
129
103
107
125
121
117
117
111
112
125
126
115
107
117
114
124
111
106
101
130
114
109
124
110
125
111
113
128
105
114
118
114
97
96
116
116
128
106
100
135
132
139
140
114
107
116
130
123
121
121
112
103
117
108
113
122
127
120
99
130
120
105
120
122
115
106
117
125
123
103
134
117
108
133
110
118
101
126
122
128
110
139
141
110
111
112
116
111
106
132
92
108
121
132
127
114
106
115
118
114
120
123
123
129
114
104
117
120
98
124
118
103
127
123
118
102
114
117
135
116
131
127
117
104
125
129
135
119
121
122
121
133
119
128
133
115
117
134
119
119
114
103
131
103
125
113
124
99
100
94
96
129
109
106
120
107
112
114
129
109
33
0
0
0
0
0
0
0
0
0
0
0
0
0
0
0
0
0
0
0
0
0
0
0
0
0
0
0
0
0
0
0
0
0
0
0
0
0
0
0
0
0
0
0
0
0
0
0
0
0
0
0
0
0
0
0
0
0
0
0
0
0
0
0
0
0
0
0
0
0
0
0
0
0
0
0
0
0
0
0
0
0
0
0
0
0
0
0
0
0
0
0
0
0
0
0
0
0
0
0
0
0
0
0
0
0
0
0
0
0
0
0
0
0
0
0
0
0
0
0
0
0
0
0
0
0
0
0
0
0
0
0
0
0
0
0
0
0
0
0
0
0
0
0
0
0
0
0
0
0
0
0
0
0
0
0
0
0
0
0
0
0
0
0
0
0
0
0
0
0
0
0
0
0
0
0
0
0
0
0
0
0
0
0
0
0
0
0
0
0
0
0
0
0
0
0
0
0
0
0
0
0
0
0
0
0
0
0
0
0
0
0
0
0
0
0
0
0
0
0
0
0
0
0
0
0
0
0
0
0
0
0
0
0
0
0
0
0
0
0
0
0
0
0
0
0
0
0
0
0
0
0
0
0
0
0
0
0
0
0
0
0
0
0
0
0
0
0
0
0
0
0
0
0
0
0
0
0
0
0
0
0
0
0
0
0
0
0
0
0
0
0
0
0
0
0
0
0
0
0
0
0
0
0
0
0
0
0
0
0
0
0
0
0
0
0
0
0
0
0
0
0
0
0
0
0
0
0
0
0
0
0
0
0
0
0
0
0
0
0
0
0
0
0
0
0
0
0
0
0
0
0
0
0
0
0
0
0
0
0
0
0
0
0
0
0
0
0
0
0
0
0
0
0
0
0
0
0
0
0
0
0
0
0
0
0
0
0
0
0
0
0
0
0
0
0
0
0
0
0
0
0
0
0
0
0
0
0
0
0
0
0
0
0
0
0
0
0
0
0
0
0
0
0
0
0
0
0
0
0
0
0
0
0
0
0
0
0
0
0
0
0
0
0
0
0
0
0
0
0
0
0
0
0
0
0
0
0
0
0
0
0
0
0
0
0
0
0
0
0
0
0
0
0
0
0
0
0
0
0
0
0
0
0
0
0
0
0
0
0
0
0
0
0
0
0
0
0
0
0
0
0
0
0
0
0
0
0
0
0
0
0
0
0
0
0
0
0
0
0
0
0
0
0
0
0
0
0
0
0
0
0
0
0
0
0
0
0
0
0
0
0
0
0
0
0
0
0
0
0
0
0
0
0
0
0
0
0
0
0
0
0
0
0
0
0
0
0
0
0
0
0
0
0
0
0
0
0
0
0
0
0
0
0
0
0
0
0
0
0
0
0
0
0
0
0
0
0
0
0
0
0
0
0
0
0
0
0
0
0
0
0
0
0
0
0
0
0
0
0
0
0
0
0
0
0
0
0
0
0
0
0
0
0
0
0
0
0
0
0
0
0
0
0
0
0
0
0
0
0
0
0
0
0
0
0
0
0
0
0
0
0
0
0
0
0
0
0
0
0
0
0
0
0
0
0
0
0
0
0
0
0
0
0
