# Measurement time [s]: 99.349
# Dwell time [us]: 20
#
# detCounts monCounts f_SF1_Hz f_SF2_Hz
140449 2000000 91700 91700
76
136
142
128
117
128
115
131
130
141
127
96
108
103
117
121
119
134
133
116
123
115
108
133
118
139
117
116
138
130
118
109
101
130
135
111
119
130
102
104
126
135
121
117
121
124
118
119
111
129
98
114
137
138
103
139
114
99
117
117
111
122
116
131
120
137
122
102
120
114
114
110
111
116
107
111
106
132
107
108
126
127
131
118
123
119
129
105
126
114
118
122
112
102
114
123
122
111
98
124
113
111
113
137
118
124
127
107
125
120
104
100
114
103
108
96
107
117
103
99
109
116
104
88
112
108
96
94
103
112
103
100
84
109
100
99
130
102
92
110
117
100
118
93
98
107
107
111
119
129
88
116
116
117
111
119
86
120
99
113
117
102
92
100
119
125
84
113
99
100
116
104
120
86
110
113
114
88
140
139
91
97
104
92
106
97
88
106
101
102
133
110
116
84
100
102
98
97
88
94
101
96
85
93
113
80
113
95
99
107
103
109
112
103
111
104
96
111
104
108
104
81
92
102
93
93
101
87
97
105
97
94
107
96
108
101
91
111
108
114
101
103
75
121
105
104
92
88
82
93
101
97
100
82
88
109
105
107
107
95
99
123
93
91
73
114
110
95
108
111
101
96
93
107
83
107
98
97
88
76
87
110
106
86
105
101
97
108
113
114
99
83
97
96
92
79
101
106
107
95
80
94
94
88
107
85
87
96
90
117
99
102
115
95
113
112
93
87
115
99
109
116
92
110
107
101
102
107
114
90
79
99
85
109
81
109
103
111
93
111
101
94
90
111
114
109
105
102
96
105
101
92
96
92
124
85
110
101
114
92
107
100
106
90
100
103
119
122
111
124
89
113
92
97
100
121
111
107
111
91
98
111
95
85
128
96
110
110
114
133
113
118
113
99
105
89
111
109
123
113
108
90
105
116
107
92
108
95
107
106
112
104
107
123
107
118
100
115
116
106
121
113
118
106
114
100
124
95
106
130
100
95
94
110
106
98
110
132
113
122
96
131
107
126
126
94
121
131
118
111
110
109
106
124
123
104
106
116
133
106
102
126
130
98
121
114
113
103
106
109
111
89
111
107
130
112
104
107
111
122
102
111
112
125
118
130
121
102
136
105
112
121
133
119
121
126
138
117
123
98
113
138
118
133
116
105
108
107
119
132
122
141
100
122
120
114
131
104
106
114
143
125
114
123
123
119
130
135
119
103
129
104
109
113
120
115
115
109
118
124
124
129
116
112
117
129
130
117
128
111
107
114
111
111
113
118
130
111
133
116
119
99
112
103
121
130
123
129
130
133
118
135
125
106
123
120
126
130
121
137
132
114
133
122
138
113
113
125
127
125
144
110
113
138
125
126
130
146
114
144
126
116
103
114
123
134
125
115
123
152
116
91
118
110
113
123
122
121
136
126
139
125
119
149
129
141
131
124
129
117
106
104
120
124
119
132
110
126
131
127
117
128
97
110
123
137
135
97
132
118
128
110
117
133
119
132
116
131
126
126
128
126
126
106
116
121
109
109
126
130
129
126
121
108
125
113
115
113
125
107
118
127
112
129
115
118
118
129
114
141
100
113
124
117
120
136
107
117
123
115
143
124
128
133
109
120
110
120
108
130
106
133
113
100
112
114
108
128
111
123
106
132
119
110
100
144
106
112
125
123
104
115
84
96
110
126
114
105
128
122
121
99
90
111
101
107
108
109
98
115
130
106
115
116
118
137
107
83
121
123
118
106
127
102
115
122
112
106
106
101
89
110
114
102
109
105
103
91
103
103
113
131
95
106
98
121
124
113
104
110
103
105
122
105
107
126
108
113
113
103
97
101
90
103
109
93
107
94
103
102
107
104
99
110
103
100
100
97
112
103
101
107
99
113
100
92
79
122
128
107
110
110
109
88
98
108
105
114
107
92
110
104
93
96
79
79
98
100
105
91
95
102
102
100
114
105
110
99
105
102
97
95
119
103
86
88
108
121
92
95
97
94
101
97
109
88
103
98
108
93
105
96
97
112
93
106
98
88
97
91
96
97
100
102
102
93
94
103
104
101
90
92
91
87
106
93
98
88
96
100
98
106
105
100
101
73
101
91
95
99
99
92
108
109
89
82
94
91
95
100
103
102
106
87
86
90
99
108
91
92
86
85
113
92
103
99
108
93
92
96
98
97
107
103
103
114
97
104
106
108
96
86
122
71
105
120
111
108
80
101
85
98
102
102
104
104
102
97
92
126
100
107
107
99
93
105
94
75
95
92
90
110
92
113
90
111
102
106
105
109
95
102
109
79
87
108
108
106
90
91
106
125
114
106
107
114
125
109
90
104
106
107
105
105
106
102
103
125
112
88
101
113
122
94
98
125
106
106
100
109
114
112
98
102
92
105
111
117
112
102
117
135
115
100
132
107
113
121
106
107
100
111
111
109
99
96
115
99
106
118
101
114
104
110
124
92
112
107
106
103
116
107
114
114
120
113
106
121
110
121
106
119
117
92
112
121
126
109
118
107
104
109
103
102
122
119
117
99
116
115
120
98
129
108
109
125
114
111
111
106
117
118
133
133
105
128
117
130
113
110
116
136
129
139
124
118
110
123
119
131
131
116
118
124
109
109
115
112
124
110
122
100
130
130
117
110
122
125
129
128
131
124
108
127
138
126
117
118
98
132
118
139
114
115
112
108
134
118
105
122
139
122
134
117
124
114
97
130
113
119
109
138
137
125
138
129
122
134
122
133
133
125
121
111
146
129
129
121
131
116
119
145
130
120
117
125
108
154
120
120
103
113
139
114
111
133
125
109
134
141
111
115
135
117
131
119
130
133
127
119
152
117
136
121
118
128
117
122
121
121
137
133
107
115
138
102
111
128
117
125
121
134
122
103
121
134
34
0
0
0
0
0
0
0
0
1
0
0
0
0
0
0
0
0
0
0
0
0
0
0
0
0
0
0
0
0
0
0
0
0
0
0
0
0
0
0
0
0
0
0
0
0
0
0
0
0
0
0
0
0
0
0
0
0
0
0
0
0
0
0
0
0
0
0
0
0
0
0
0
0
0
0
0
0
0
0
0
0
0
0
0
0
0
0
0
0
0
0
0
0
0
0
0
0
0
0
0
0
0
0
0
0
0
0
0
0
0
0
0
0
0
0
0
0
0
0
0
0
0
0
0
0
0
0
0
0
0
0
0
0
0
0
0
0
0
0
0
0
0
0
0
0
0
0
0
0
0
0
0
0
0
0
0
0
0
0
0
0
0
0
0
0
0
0
0
0
0
0
0
0
0
0
0
0
0
0
0
0
0
0
0
0
0
0
0
0
0
0
0
0
0
0
0
0
0
0
0
0
0
0
0
0
0
0
0
0
0
0
0
0
0
0
0
0
0
0
0
0
0
0
0
0
0
0
0
0
0
0
0
0
0
0
0
0
0
0
0
0
0
0
0
0
0
0
0
0
0
0
0
0
0
0
0
0
0
0
0
0
0
0
0
0
0
0
0
0
0
0
0
0
0
0
0
0
0
0
0
0
0
0
0
0
0
0
0
0
0
0
0
0
0
0
0
0
0
0
0
0
0
0
0
0
0
0
0
0
0
0
0
0
0
0
0
0
0
0
0
0
0
0
0
0
0
0
0
0
0
0
0
0
0
0
0
0
0
0
0
0
0
0
0
0
0
0
0
0
0
0
0
0
0
0
0
0
0
0
0
0
0
0
0
0
0
0
0
0
0
0
0
0
0
0
0
0
0
0
0
0
0
0
0
0
0
0
0
0
0
0
0
0
0
0
0
0
0
0
0
0
0
0
0
0
0
0
0
0
0
0
0
0
0
0
0
0
0
0
0
0
0
0
0
0
0
0
0
0
0
0
0
0
0
0
0
0
0
0
0
0
0
0
0
0
0
0
0
0
0
0
0
0
0
0
0
0
0
0
0
0
0
0
0
0
0
0
0
0
0
0
0
0
0
0
0
0
0
0
0
0
0
0
0
0
0
0
0
0
0
0
0
0
0
0
0
0
0
0
0
0
0
0
0
0
0
0
0
0
0
0
0
0
0
0
0
0
0
0
0
0
0
0
0
0
0
0
0
0
0
0
0
0
0
0
0
0
0
0
0
0
0
0
0
0
0
0
0
0
0
0
0
0
0
0
0
0
0
0
0
0
0
0
0
0
0
0
0
0
0
0
0
0
0
0
0
0
0
0
0
0
0
0
0
0
0
0
0
0
0
0
0
0
0
0
0
0
0
0
0
0
0
0
0
0
0
0
0
0
0
0
0
0
0
0
0
0
0
0
0
0
0
0
0
0
0
0
0
0
0
0
0
0
0
0
0
0
0
0
0
0
0
0
0
0
0
0
0
0
0
0
0
0
0
0
0
0
0
0
0
0
0
0
0
0
0
0
0
0
0
0
0
0
0
0
0
0
0
0
0
0
0
0
0
0
0
0
0
0
0
0
0
0
0
0
0
0
0
0
0
0
0
0
0
0
0
0
0
0
0
0
0
0
0
0
0
0
0
0
0
0
0
0
0
0
0
0
0
0
0
0
0
0
