# Measurement time [s]: 109.387
# Dwell time [us]: 20
#
# detCounts monCounts f_SF1_Hz f_SF2_Hz
147530 2000000 91700 91700
49
94
97
90
90
101
99
108
103
114
103
99
101
98
96
96
107
105
91
102
106
94
79
120
104
93
84
104
107
84
110
94
106
96
93
82
111
99
96
113
101
96
82
94
103
102
122
88
91
79
87
99
101
107
93
94
112
100
114
109
101
106
103
84
86
91
99
91
87
86
90
100
94
103
97
85
117
118
98
96
93
106
93
80
81
91
81
89
82
92
91
96
96
106
102
94
93
83
94
114
93
84
109
110
86
87
96
95
87
90
86
71
81
79
96
76
125
82
82
99
88
95
90
73
97
93
100
81
91
92
88
82
91
98
88
81
91
86
91
110
98
91
80
98
88
99
86
85
81
74
84
78
92
76
83
98
87
87
86
87
103
78
81
74
70
105
68
91
84
76
82
88
102
95
100
70
70
102
89
81
92
87
72
88
87
84
90
89
93
92
77
106
76
105
81
104
83
84
84
88
88
101
73
87
86
88
88
73
74
74
95
92
88
90
78
97
74
91
70
89
93
90
96
71
101
69
83
76
94
76
84
82
89
74
79
84
96
89
81
87
73
75
92
82
70
89
85
101
67
79
86
90
73
84
95
73
85
69
85
75
75
79
99
69
91
86
69
78
84
101
90
77
74
74
64
97
94
61
73
94
94
89
79
84
87
86
85
70
91
97
83
87
82
82
93
80
72
78
66
74
91
93
93
106
90
79
83
83
72
81
90
78
82
87
84
76
82
88
91
70
94
80
91
91
82
95
96
84
81
85
89
87
69
83
59
76
84
87
78
92
81
80
87
80
79
93
73
89
75
81
94
96
74
84
79
94
85
79
81
78
65
79
81
68
74
67
81
70
68
72
85
77
83
81
79
77
86
74
68
103
78
86
83
81
75
75
80
70
71
89
74
83
78
83
61
80
70
68
102
74
87
74
77
87
88
83
79
79
88
73
93
91
72
82
85
81
76
95
99
89
78
85
91
93
75
78
85
82
88
88
70
90
80
102
73
70
81
76
90
86
78
85
91
95
95
87
86
82
83
74
84
91
90
100
94
100
92
85
98
98
98
93
83
83
76
78
81
89
97
102
87
78
90
85
98
90
85
99
81
90
84
79
77
84
76
86
83
98
101
91
99
77
94
108
84
86
96
91
82
88
86
85
104
89
99
103
83
85
92
110
97
84
115
85
81
92
99
106
94
74
97
100
88
89
96
101
85
98
88
75
110
96
90
95
85
89
98
74
73
80
96
83
95
88
95
87
87
104
93
93
89
88
98
80
92
91
88
87
88
87
92
86
96
96
91
74
96
85
99
86
80
92
97
84
93
86
101
112
111
94
110
104
81
98
82
102
89
101
87
92
95
104
80
83
93
112
94
102
117
95
105
100
95
109
99
96
105
94
82
94
103
87
114
94
95
97
99
114
97
102
102
107
113
90
108
81
98
83
112
85
107
102
97
95
101
93
95
90
110
84
101
122
122
98
90
96
110
85
89
101
98
98
105
99
100
91
96
103
88
96
83
94
115
92
101
109
100
101
97
106
105
110
108
87
100
94
103
106
89
92
115
101
93
104
114
107
135
100
122
86
102
104
85
98
82
92
98
94
106
86
107
108
94
114
99
88
92
97
103
103
97
103
69
107
94
96
98
100
99
95
103
97
118
99
107
94
107
92
89
112
119
105
84
99
93
106
91
109
97
111
114
104
96
110
93
107
91
98
125
96
116
93
101
110
96
87
92
87
116
85
101
91
86
95
85
96
91
100
110
102
88
99
113
95
91
116
82
110
107
94
109
103
104
99
102
94
102
94
99
108
104
104
106
85
112
75
103
96
100
104
92
83
90
103
107
76
100
112
98
121
90
108
90
108
103
121
109
93
109
103
105
88
90
105
101
105
115
115
94
94
98
118
104
78
99
84
100
95
117
104
81
107
100
90
98
123
113
98
100
100
88
108
109
95
91
83
83
123
99
120
102
102
99
99
93
95
101
114
83
103
89
87
84
92
87
103
83
92
89
92
91
97
92
94
107
79
92
99
93
99
91
105
88
100
108
94
88
72
95
85
122
84
103
79
90
96
104
92
103
87
94
89
96
88
99
94
113
81
90
96
92
91
96
79
88
99
95
97
92
102
110
82
84
105
104
85
77
90
81
85
89
105
83
82
80
112
100
108
96
87
97
98
96
78
84
81
96
77
98
100
105
86
85
85
76
78
91
88
92
91
96
107
84
90
86
69
83
97
81
94
90
89
85
95
94
101
71
88
95
94
95
86
94
93
78
94
80
106
106
84
76
82
88
87
93
73
100
87
81
94
85
88
99
83
86
78
90
87
100
83
74
77
85
81
100
90
92
88
92
93
83
77
99
81
98
82
69
99
67
92
94
80
93
83
77
76
73
89
70
61
82
95
99
95
84
95
83
83
89
71
81
82
100
106
59
84
88
73
89
97
78
76
92
77
93
81
80
82
90
88
79
97
72
74
79
77
71
112
80
84
79
82
83
73
87
91
96
89
80
83
105
82
81
85
69
77
86
78
83
91
82
86
79
96
83
89
68
84
93
94
101
76
82
102
86
71
95
104
99
74
78
83
92
82
82
77
69
69
82
77
83
88
67
75
95
85
100
87
77
67
76
88
82
81
99
86
76
78
86
103
71
63
85
97
77
76
94
78
88
80
70
78
84
67
77
73
83
95
79
73
79
91
82
83
77
107
73
68
76
75
83
92
66
75
73
87
85
101
84
79
81
78
75
92
94
78
80
88
68
75
79
82
82
85
84
76
94
82
62
79
85
96
83
57
99
84
96
92
84
71
81
98
93
81
74
79
86
85
94
82
76
71
99
88
62
92
83
94
75
86
76
77
86
82
95
73
86
85
92
109
110
88
102
86
87
93
77
109
81
81
77
81
91
79
74
97
87
88
85
84
97
101
93
90
90
84
92
84
78
99
87
90
88
88
90
84
95
99
84
90
69
88
72
85
98
95
82
87
91
80
87
98
88
84
95
95
78
95
91
96
96
77
83
93
84
81
81
99
98
101
105
104
86
85
87
115
88
90
92
111
91
98
108
100
94
93
89
82
82
85
92
99
84
84
102
98
109
84
101
89
110
82
100
93
79
83
88
82
109
106
90
99
88
91
81
88
92
107
77
95
105
114
99
86
94
95
78
91
104
94
101
101
114
104
102
101
98
81
93
82
116
91
89
97
108
103
93
102
86
110
100
95
97
89
118
107
107
94
104
116
101
78
92
94
83
102
92
102
89
92
92
91
96
113
119
101
93
98
90
102
107
116
97
111
87
112
101
87
101
113
90
106
107
118
105
101
91
112
109
101
94
102
94
102
89
111
108
111
85
89
92
101
79
84
103
90
106
106
85
111
97
99
112
104
84
117
117
93
79
95
109
103
87
107
106
115
99
111
99
100
92
108
100
104
94
97
82
96
100
98
86
90
116
96
91
107
102
101
93
106
105
102
93
98
91
115
109
112
102
91
102
103
100
73
93
92
96
105
89
108
98
95
93
105
87
99
86
96
109
114
97
99
98
82
122
98
111
113
98
88
111
81
105
116
88
98
104
100
101
109
83
98
99
91
101
110
87
104
85
114
109
116
86
106
99
99
88
119
98
91
105
88
113
84
100
111
102
111
102
92
102
109
99
94
103
110
90
94
83
102
94
99
90
36
0
0
0
0
0
0
0
1
0
0
0
0
0
0
0
0
0
0
0
0
0
0
0
0
0
0
0
0
0
0
0
0
0
0
0
0
0
0
0
0
0
0
0
0
0
0
0
0
0
0
0
0
0
0
0
0
0
0
0
0
0
0
0
0
0
0
0
0
0
0
0
0
0
0
0
0
0
0
0
0
0
0
0
0
0
0
0
0
0
0
0
0
0
0
0
0
0
0
0
0
0
0
0
0
0
0
0
0
0
0
0
0
0
0
0
0
0
0
0
0
0
0
0
0
0
0
0
0
0
0
0
0
0
0
0
0
0
0
0
0
0
0
0
0
0
0
0
0
0
0
0
0
0
0
0
0
0
0
0
0
0
0
0
0
0
0
0
0
0
0
0
0
0
0
0
0
0
0
0
0
0
0
0
0
0
0
0
0
0
0
0
0
0
0
0
0
0
0
0
0
0
0
0
0
0
0
0
0
0
0
0
0
0
0
0
0
0
0
0
0
0
0
0
0
0
0
0
0
0
0
0
0
0
0
0
0
0
0
0
0
0
0
0
0
0
0
0
0
0
0
0
0
0
0
0
0
0
0
0
0
0
0
0
0
0
0
0
0
0
0
0
0
0
0
0
0
0
0
0
0
0
0
0
0
0
0
0
0
0
0
0
0
0
0
0
0
0
0
0
0
0
0
0
0
0
0
0
0
0
0
0
0
0
0
0
0
0
0
0
0
0
0
0
0
0
0
0
0
0
0
0
0
0
0
0
0
0
0
0
0
0
0
0
0
0
0
0
0
0
0
0
0
0
0
0
0
0
0
0
0
0
0
0
0
0
0
0
0
0
0
0
0
0
0
0
0
0
0
0
0
0
0
0
0
0
0
