# Measurement time [s]: 99.351
# Dwell time [us]: 20
#
# detCounts monCounts f_SF1_Hz f_SF2_Hz
146206 2000000 91700 91700
120
259
277
281
288
261
266
275
266
256
264
271
266
267
269
244
276
276
292
274
259
302
258
265
248
261
269
289
256
264
291
284
254
288
249
229
258
258
283
255
291
261
293
255
247
281
255
270
279
292
266
269
235
272
251
280
282
258
291
261
265
276
274
222
254
275
263
267
267
270
250
255
247
262
283
272
261
254
249
276
254
251
265
272
240
237
276
237
231
275
274
230
244
224
258
232
238
243
237
253
253
286
246
244
260
236
241
276
244
266
235
260
235
250
258
240
221
255
250
228
231
234
242
244
214
234
243
231
227
241
247
238
246
238
244
264
217
226
245
244
221
219
223
203
232
203
201
220
246
243
196
250
222
225
213
259
222
229
234
229
236
220
209
223
210
215
223
230
232
207
216
225
239
235
220
223
218
234
215
222
205
214
209
216
209
215
225
216
228
249
232
208
225
233
200
229
219
196
205
220
209
215
239
234
210
213
200
240
216
228
228
219
213
222
232
202
234
212
232
227
248
232
220
210
247
243
217
260
208
205
248
222
253
225
240
235
265
225
240
214
219
257
227
243
218
222
248
232
252
241
252
221
229
247
250
257
248
220
229
253
252
258
234
242
231
247
232
246
250
208
246
275
274
246
258
237
251
255
252
215
266
246
248
244
249
269
291
247
251
277
291
282
266
257
243
241
243
251
247
270
262
272
249
275
259
270
229
271
272
281
278
269
291
257
267
293
231
241
285
297
268
264
286
252
261
270
261
263
275
281
300
303
292
260
265
278
257
271
276
277
278
267
293
255
256
282
267
257
263
257
276
250
269
258
262
296
280
261
263
281
247
267
270
299
236
257
256
249
249
272
244
270
249
276
283
261
270
257
220
258
247
251
236
241
262
262
255
253
292
248
262
245
258
258
234
264
251
221
231
237
255
269
249
244
282
233
230
233
257
255
269
249
216
253
239
239
223
213
253
236
227
199
255
223
237
231
245
240
247
262
208
241
249
237
209
248
231
231
231
227
242
241
229
207
236
232
247
233
234
203
223
213
214
229
249
221
231
237
254
226
227
236
222
231
210
235
228
230
231
228
233
216
208
217
218
255
228
196
208
248
239
226
208
207
202
243
210
197
241
196
227
209
235
244
209
224
216
212
177
199
221
222
222
242
222
227
216
230
225
253
200
228
248
241
228
237
227
205
198
217
224
246
224
205
220
235
199
218
243
195
253
234
230
237
233
218
252
257
242
243
267
250
234
244
231
243
238
219
238
225
240
225
265
213
233
245
241
257
234
239
238
225
245
239
289
248
248
248
230
240
273
253
245
231
252
257
235
246
254
242
231
252
241
258
242
251
221
280
277
262
275
258
267
257
242
252
263
223
251
54
0
0
0
0
0
0
0
0
0
0
0
0
0
0
0
0
0
0
0
0
0
0
0
0
0
0
0
0
0
0
0
0
0
0
0
0
0
0
0
0
0
0
0
0
0
0
0
0
0
0
0
0
0
0
0
0
0
0
0
0
0
0
0
0
0
0
0
0
0
0
0
0
0
0
0
0
0
0
0
0
0
0
0
0
0
0
0
0
0
0
0
0
0
0
0
0
0
0
0
0
0
0
0
0
0
0
0
0
0
0
0
0
0
0
0
0
0
0
0
0
0
0
0
0
0
0
0
0
0
0
0
0
0
0
0
0
0
0
0
0
0
0
0
0
0
0
0
0
0
0
0
0
0
0
0
0
0
0
0
0
0
0
0
0
0
0
0
0
0
0
0
0
0
0
0
0
0
0
0
0
0
0
0
0
0
0
0
0
0
0
0
0
0
0
0
0
0
0
0
0
0
0
0
0
0
0
0
0
0
0
0
0
0
0
0
0
0
0
0
0
0
0
0
0
0
0
0
0
0
0
0
0
0
0
0
0
0
0
0
0
0
0
0
0
0
0
0
0
0
0
0
0
0
0
0
0
0
0
0
0
0
0
0
0
0
0
0
0
0
0
0
0
0
0
0
0
0
0
0
0
0
0
0
0
0
0
0
0
0
0
0
0
0
0
0
0
0
0
0
0
0
0
0
0
0
0
0
0
0
0
0
0
0
0
0
0
0
0
0
0
0
0
0
0
0
0
0
0
0
0
0
0
0
0
0
0
0
0
0
0
0
0
0
0
0
0
0
0
0
0
0
0
0
0
0
0
0
0
0
0
0
0
0
0
0
0
0
0
0
0
0
0
0
0
0
0
0
0
0
0
0
0
0
0
0
0
0
0
0
0
0
0
0
0
0
0
0
0
0
0
0
0
0
0
0
0
0
0
0
0
0
0
0
0
0
0
0
0
0
0
0
0
0
0
0
0
0
0
0
0
0
0
0
0
0
0
0
0
0
0
0
0
0
0
0
0
0
0
0
0
0
0
0
0
0
0
0
0
0
0
0
0
0
0
0
0
0
0
0
0
0
0
0
0
0
0
0
0
0
0
0
0
0
0
0
0
0
0
0
0
0
0
0
0
0
0
0
0
0
0
0
0
0
0
0
0
0
0
0
0
0
0
0
0
0
0
0
0
0
0
0
0
0
0
0
0
0
0
0
0
0
0
0
0
0
0
0
0
0
0
0
0
0
0
0
0
0
0
0
0
0
0
0
0
0
0
0
0
0
0
0
0
0
0
0
0
0
0
0
0
0
0
0
0
0
0
0
0
0
0
0
0
0
0
0
0
0
0
0
0
0
0
0
0
0
0
0
0
0
0
0
0
0
0
0
0
0
0
0
0
0
0
0
0
0
0
0
0
0
0
0
0
0
0
0
0
0
0
0
0
0
0
0
0
0
0
0
0
0
0
0
0
0
0
0
0
0
0
0
0
0
0
0
0
0
0
0
0
0
0
0
0
0
0
0
0
0
0
0
0
0
0
0
0
0
0
0
0
0
0
0
0
0
0
0
0
0
0
0
0
0
0
0
0
0
0
0
0
0
0
0
0
0
0
0
0
0
0
0
0
0
0
0
0
0
0
0
0
0
0
0
0
0
0
0
0
0
0
0
0
0
0
0
0
0
0
0
0
0
0
0
0
0
0
0
0
0
0
0
0
0
0
0
0
0
0
0
0
0
0
0
0
0
0
0
0
0
0
0
0
0
0
0
0
0
0
0
0
0
0
0
0
0
0
0
0
0
0
0
0
0
0
0
0
0
0
0
0
0
0
0
0
0
0
0
0
0
0
0
0
0
0
0
0
0
0
0
0
0
0
0
0
0
0
0
0
0
0
0
0
0
0
0
0
0
0
0
0
0
0
0
0
0
0
0
0
0
0
0
0
0
0
0
0
0
0
0
0
0
0
0
0
0
0
0
0
0
0
0
0
0
0
0
0
0
0
0
0
0
0
0
0
0
0
0
0
0
0
0
0
0
0
0
0
0
0
0
0
0
0
0
0
0
0
0
0
0
0
0
0
0
0
0
0
0
0
0
0
0
0
0
0
0
0
0
0
0
0
0
0
0
0
0
0
0
0
0
0
0
0
0
0
0
0
0
0
0
0
0
0
0
0
0
0
0
0
0
0
0
0
0
0
0
0
0
0
0
0
0
0
0
0
0
0
0
0
0
0
0
0
0
0
0
0
0
0
0
0
0
0
0
0
0
0
0
0
0
0
0
0
0
0
0
0
0
0
0
0
0
0
0
0
0
0
0
0
0
0
0
0
0
0
0
0
0
0
0
0
0
0
0
0
0
0
0
0
0
0
0
0
0
0
0
0
0
0
0
0
0
0
0
0
0
0
0
0
0
0
0
0
0
0
0
0
0
0
0
0
0
0
0
0
0
0
0
0
0
0
0
0
0
0
0
0
0
0
0
0
0
0
0
0
0
0
0
0
0
0
0
0
0
0
0
0
0
0
0
0
0
0
0
0
0
0
0
0
0
0
0
0
0
0
0
0
0
0
0
0
0
0
0
0
0
0
0
0
0
0
0
0
0
0
0
0
0
0
0
0
0
0
0
0
0
0
0
0
0
0
0
0
0
0
0
0
0
0
0
0
0
0
0
0
0
0
0
0
0
0
0
0
0
0
0
0
0
0
0
0
0
0
0
0
0
0
0
0
0
0
0
0
0
0
0
0
0
0
0
0
0
0
0
0
0
0
0
0
0
0
0
0
0
0
0
0
0
0
0
0
0
0
0
0
0
0
0
0
0
0
0
0
0
0
0
0
0
0
0
0
0
0
0
0
0
0
0
0
0
0
0
0
0
0
0
0
0
0
0
0
0
0
0
0
0
0
0
0
0
0
0
0
0
0
0
0
0
0
0
0
0
0
0
0
0
0
0
0
0
0
0
0
0
0
0
0
0
0
0
0
0
0
0
0
0
0
0
0
0
0
0
0
0
0
0
0
0
0
0
0
0
0
0
0
0
0
0
0
0
0
0
0
0
0
0
0
0
0
0
0
0
0
0
0
0
0
0
0
0
0
0
0
0
0
0
0
0
0
0
0
0
0
0
0
0
0
0
0
0
0
0
0
0
0
0
0
0
0
0
0
0
0
0
0
0
0
0
0
0
0
0
0
