# Measurement time [s]: 99.349
# Dwell time [us]: 20
#
# detCounts monCounts f_SF1_Hz f_SF2_Hz
138200 2000000 91700 91700
73
149
136
154
136
135
134
134
144
143
144
143
143
142
163
163
142
137
157
154
145
165
133
160
157
144
142
136
135
153
134
161
165
160
150
140
137
144
156
147
142
157
148
131
162
149
133
117
129
137
150
149
137
124
152
148
143
163
135
147
127
150
143
159
162
146
143
153
154
141
139
135
143
134
128
139
138
148
135
133
142
150
141
168
139
142
130
144
150
150
149
129
150
136
130
140
162
148
117
134
125
123
131
130
139
141
135
158
128
132
136
146
144
129
156
136
117
127
156
112
128
146
139
108
131
157
146
136
131
127
137
130
152
125
134
141
108
134
130
129
130
143
139
127
130
116
112
130
128
123
136
139
105
121
115
124
127
133
120
116
121
130
152
136
122
118
133
121
125
111
113
128
132
126
118
127
117
140
101
125
135
145
129
133
132
120
126
131
134
134
107
124
121
127
115
124
127
109
141
112
139
126
129
118
118
118
123
125
145
112
147
117
127
112
132
131
138
113
110
122
121
110
115
129
115
106
134
126
127
105
116
127
108
99
124
128
112
109
138
119
99
125
119
117
145
136
119
123
128
117
115
129
122
114
139
110
122
113
120
120
125
117
121
121
120
122
120
124
130
114
121
129
129
132
127
114
107
131
107
120
100
129
107
123
121
131
138
124
125
132
139
128
132
126
130
115
148
129
122
123
118
131
130
117
128
137
128
128
134
130
133
102
133
116
122
122
106
154
117
127
136
129
118
149
118
123
122
118
126
111
124
126
126
129
125
126
126
134
104
133
133
145
156
123
136
144
121
125
116
128
121
134
140
127
131
135
120
134
144
100
136
147
143
115
148
115
146
128
150
124
148
165
153
120
129
138
147
114
137
128
144
150
133
136
134
120
147
133
169
146
137
129
130
139
136
132
149
154
131
145
139
157
153
148
132
151
138
129
140
122
128
136
119
129
140
125
148
159
147
146
134
151
151
144
143
156
141
149
125
156
154
138
137
160
124
141
137
144
135
127
145
139
130
158
130
148
127
142
145
170
149
148
140
158
158
145
144
143
156
144
151
149
153
118
141
145
161
146
157
155
146
168
147
163
147
173
135
153
155
161
172
145
158
153
148
146
150
145
156
136
157
155
138
135
147
171
141
170
141
162
141
159
144
143
143
158
165
139
154
141
176
150
143
169
125
151
144
142
181
136
152
175
150
157
162
137
138
161
171
182
169
130
157
153
142
141
156
129
124
149
180
145
160
155
157
154
153
146
159
142
154
157
140
119
135
154
141
169
149
140
150
134
126
144
147
138
151
129
156
152
147
116
143
148
141
162
138
142
143
140
152
127
139
139
168
157
161
152
162
134
147
122
139
135
139
150
136
146
128
156
140
164
147
144
140
125
138
152
158
144
134
152
142
134
136
158
126
162
122
130
144
147
144
136
148
130
123
141
141
124
135
130
135
150
132
141
117
149
144
132
124
154
126
137
130
138
114
131
112
123
141
120
142
151
114
113
133
145
138
147
117
122
141
119
115
120
134
107
152
132
110
141
119
116
149
107
146
129
117
137
117
127
110
138
117
128
150
139
137
121
112
114
117
134
150
123
126
121
123
117
110
116
121
130
120
129
124
150
132
121
134
113
118
132
122
131
119
115
128
111
136
126
115
109
135
144
120
123
125
109
119
108
113
123
140
121
105
100
113
121
129
107
120
127
115
115
93
107
110
117
132
117
127
114
121
116
130
120
132
117
110
112
126
125
133
134
126
115
123
128
127
140
125
113
132
115
120
122
112
125
115
122
114
93
115
118
117
137
128
113
127
134
131
132
138
126
105
122
114
125
101
123
138
130
120
115
129
121
134
100
123
136
126
120
130
122
129
116
129
115
130
131
115
120
122
141
110
115
129
111
116
138
128
143
141
117
144
145
124
141
122
117
145
121
117
132
133
119
145
138
136
132
128
134
124
117
133
111
147
132
150
114
152
125
124
130
129
126
121
148
133
136
134
129
140
135
132
130
123
128
128
134
140
143
152
144
126
124
141
134
146
144
135
128
139
154
138
130
128
131
147
149
134
151
142
136
142
125
148
120
130
132
130
131
154
130
130
165
133
119
132
164
167
159
128
150
126
152
151
150
134
122
149
145
149
155
141
134
139
130
129
154
138
132
152
178
126
134
162
150
160
126
147
141
148
151
156
152
144
156
149
151
150
145
148
139
147
142
147
144
166
148
147
158
170
154
157
149
139
173
158
167
156
176
142
148
141
161
152
149
145
162
145
157
140
177
138
133
158
147
137
157
141
137
156
162
148
138
152
148
157
143
166
152
160
148
153
140
162
150
110
13
0
0
0
0
0
0
0
0
0
0
0
0
0
0
0
0
0
0
0
0
0
0
0
0
0
0
0
0
0
0
0
0
0
0
0
0
0
0
0
0
0
0
0
0
0
0
0
0
0
0
0
0
0
0
0
0
0
0
0
0
0
0
0
0
0
0
0
0
0
0
0
0
0
0
0
0
0
0
0
0
0
0
0
0
0
0
0
0
0
0
0
0
0
0
0
0
0
0
0
0
0
0
0
0
0
0
0
0
0
0
0
0
0
0
0
0
0
0
0
0
0
0
0
0
0
0
0
0
0
0
0
0
0
0
0
0
0
0
0
0
0
0
0
0
0
0
0
0
0
0
0
0
0
0
0
0
0
0
0
0
0
0
0
0
0
0
0
0
0
0
0
0
0
0
0
0
0
0
0
0
0
0
0
0
0
0
0
0
0
0
0
0
0
0
0
0
0
0
0
0
0
0
0
0
0
0
0
0
0
0
0
0
0
0
0
0
0
0
0
0
0
0
0
0
0
0
0
0
0
0
0
0
0
0
0
0
0
0
0
0
0
0
0
0
0
0
0
0
0
0
0
0
0
0
0
0
0
0
0
0
0
0
0
0
0
0
0
0
0
0
0
0
0
0
0
0
0
0
0
0
0
0
0
0
0
0
0
0
0
0
0
0
0
0
0
0
0
0
0
0
0
0
0
0
0
0
0
0
0
0
0
0
0
0
0
0
0
0
0
0
0
0
0
0
0
0
0
0
0
0
0
0
0
0
0
0
0
0
0
0
0
0
0
0
0
0
0
0
0
0
0
0
0
0
0
0
0
0
0
0
0
0
0
0
0
0
0
0
0
0
0
0
0
0
0
0
0
0
0
0
0
0
0
0
0
0
0
0
0
0
0
0
0
0
0
0
0
0
0
0
0
0
0
0
0
0
0
0
0
0
0
0
0
0
0
0
0
0
0
0
0
0
0
0
0
0
0
0
0
0
0
0
0
0
0
0
0
0
0
0
0
0
0
0
0
0
0
0
0
0
0
0
0
0
0
0
0
0
0
0
0
0
0
0
0
0
0
0
0
0
0
0
0
0
0
0
0
0
0
0
0
0
0
0
0
0
0
0
0
0
0
0
0
0
0
0
0
0
0
0
0
0
0
0
0
0
0
0
0
0
0
0
0
0
0
0
0
0
0
0
0
0
0
0
0
0
0
0
0
0
0
0
0
0
0
0
0
0
0
0
0
0
0
0
0
0
0
0
0
0
0
0
0
0
0
0
0
0
0
0
0
0
0
0
0
0
0
0
0
0
0
0
0
0
0
0
0
0
0
0
0
0
0
0
0
0
0
0
0
0
0
0
0
0
0
0
0
0
0
0
0
0
0
0
0
0
0
0
0
0
0
0
0
0
0
0
0
0
0
0
0
0
0
0
0
0
0
0
0
0
0
0
0
0
0
0
0
0
0
0
0
0
0
0
0
0
0
0
0
0
0
0
0
0
0
0
0
0
0
0
0
0
0
0
0
0
0
0
0
0
0
0
0
0
0
0
0
0
0
0
0
0
0
0
0
0
0
0
0
0
0
0
0
0
0
0
0
0
0
0
0
0
0
0
0
0
0
0
0
0
0
0
0
0
0
0
0
0
0
0
0
0
0
0
0
0
0
0
0
0
0
0
0
0
0
0
0
0
0
0
0
0
0
0
0
0
0
0
0
0
0
0
0
0
0
0
0
0
0
0
0
0
0
0
0
0
0
0
0
0
0
0
0
0
0
0
0
0
0
0
0
0
0
0
0
0
0
0
0
0
0
0
0
0
0
0
0
0
0
0
0
0
0
0
0
0
0
0
0
0
0
0
0
0
0
0
0
0
0
0
0
0
0
0
0
0
0
0
0
0
0
0
0
0
0
0
0
0
0
0
0
0
0
0
0
0
0
0
0
0
0
0
0
0
0
0
0
0
0
0
0
0
0
0
0
0
0
0
0
0
0
0
0
0
0
0
0
0
0
0
0
0
0
0
0
0
0
0
0
0
0
0
0
0
0
0
0
0
0
0
0
0
0
0
0
0
0
0
0
0
0
0
0
0
0
0
0
0
0
0
0
0
0
0
0
0
0
0
0
0
0
0
0
0
0
0
0
0
0
0
0
0
0
0
0
0
0
0
0
0
0
0
0
0
0
0
0
0
0
0
0
0
0
0
0
0
0
0
0
0
0
0
0
0
0
0
0
0
