# Measurement time [s]: 99.350
# Dwell time [us]: 20
#
# detCounts monCounts f_SF1_Hz f_SF2_Hz
148572 2000000 91700 91700
139
230
269
233
263
259
268
235
241
255
234
262
240
262
246
259
225
228
243
241
261
267
251
235
271
255
286
236
268
268
245
267
231
269
255
250
279
250
255
267
284
240
234
234
232
270
260
221
255
253
245
263
256
229
252
275
258
232
247
276
253
260
239
244
242
249
230
264
238
240
254
234
237
233
259
220
218
241
230
235
256
252
282
246
214
230
207
241
225
222
224
214
222
216
233
218
253
232
213
226
228
211
243
221
240
217
243
228
252
211
238
248
214
267
213
208
217
240
204
221
239
215
214
240
230
215
226
215
218
230
225
226
253
220
215
199
204
227
225
220
237
214
211
217
209
213
184
215
196
222
221
206
219
193
226
209
207
218
214
188
214
190
193
216
229
206
204
209
210
218
203
207
204
194
202
199
204
212
175
207
204
191
200
185
216
206
226
184
213
201
239
210
210
205
199
197
193
227
217
243
178
209
196
211
219
195
207
223
200
197
195
215
223
203
185
181
195
214
219
203
210
216
208
178
203
212
197
214
195
193
193
220
211
237
215
236
202
235
224
207
215
211
215
196
218
232
230
212
226
182
216
221
220
213
216
229
217
223
206
201
227
238
204
223
227
200
243
238
228
219
200
209
211
252
217
208
265
230
218
245
245
204
230
219
248
216
259
227
236
249
234
225
239
234
232
241
222
252
264
221
235
247
237
230
223
244
259
240
212
261
239
212
248
237
207
235
247
226
265
275
243
265
252
231
244
254
285
247
265
253
235
292
224
227
251
255
251
278
237
262
268
255
256
255
236
236
255
241
214
230
249
278
235
245
263
276
258
273
256
275
278
249
264
249
255
243
248
259
236
270
230
233
257
266
268
280
224
260
256
241
249
227
269
257
280
270
251
262
254
265
233
227
265
237
242
261
270
243
237
246
263
274
236
265
242
258
259
263
239
250
222
233
255
235
239
251
213
232
237
247
246
236
238
235
247
217
239
206
260
233
233
258
209
251
226
249
251
245
229
227
228
239
224
229
222
213
223
226
224
224
240
208
230
231
220
198
209
241
240
228
233
212
230
240
210
272
207
209
207
219
221
201
211
241
192
231
238
191
217
202
197
215
205
221
220
216
195
213
201
207
229
221
215
222
197
208
201
202
217
185
220
206
196
203
214
216
209
203
224
187
190
198
204
214
204
226
188
206
191
213
210
198
186
195
217
192
198
204
201
195
213
221
203
205
214
217
236
199
197
206
179
192
223
203
218
227
229
216
204
237
218
226
222
204
212
187
184
230
202
189
214
193
210
221
201
239
206
222
203
211
235
226
219
199
237
231
216
229
216
189
227
190
227
215
253
227
223
206
226
211
226
221
221
205
218
196
176
227
225
213
251
219
234
236
244
243
244
203
215
240
255
258
236
235
238
243
231
256
232
226
243
227
242
238
237
237
235
243
213
253
243
250
248
232
231
223
247
280
258
245
246
256
247
235
293
262
236
254
263
182
20
0
0
0
0
0
0
0
0
0
0
0
0
0
0
0
0
0
0
0
0
0
0
0
0
0
0
0
0
0
0
0
0
0
0
0
0
0
0
0
0
0
0
0
0
0
0
0
0
0
0
0
0
0
0
0
0
0
0
0
0
0
0
0
0
0
0
0
0
0
0
0
0
0
0
0
0
0
0
0
0
0
0
0
0
0
0
0
0
0
0
0
0
0
0
0
0
0
0
0
0
0
0
0
0
0
0
0
0
0
0
0
0
0
0
0
0
0
0
0
0
0
0
0
0
0
0
0
0
0
0
0
0
0
0
0
0
0
0
0
0
0
0
0
0
0
0
0
0
0
0
0
0
0
0
0
0
0
0
0
0
0
0
0
0
0
0
0
0
0
0
0
0
0
0
0
0
0
0
0
0
0
0
0
0
0
0
0
0
0
0
0
0
0
0
0
0
0
0
0
0
0
0
0
0
0
0
0
0
0
0
0
0
0
0
0
0
0
0
0
0
0
0
0
0
0
0
0
0
0
0
0
0
0
0
0
0
0
0
0
0
0
0
0
0
0
0
0
0
0
0
0
0
0
0
0
0
0
0
0
0
0
0
0
0
0
0
0
0
0
0
0
0
0
0
0
0
0
0
0
0
0
0
0
0
0
0
0
0
0
0
0
0
0
0
0
0
0
0
0
0
0
0
0
0
0
0
0
0
0
0
0
0
0
0
0
0
0
0
0
0
0
0
0
0
0
0
0
0
0
0
0
0
0
0
0
0
0
0
0
0
0
0
0
0
0
0
0
0
0
0
0
0
0
0
0
0
0
0
0
0
0
0
0
0
0
0
0
0
0
0
0
0
0
0
0
0
0
0
0
0
0
0
0
0
0
0
0
0
0
0
0
0
0
0
0
0
0
0
0
0
0
0
0
0
0
0
0
0
0
0
0
0
0
0
0
0
0
0
0
0
0
0
0
0
0
0
0
0
0
0
0
0
0
0
0
0
0
0
0
0
0
0
0
0
0
0
0
0
0
0
0
0
0
0
0
0
0
0
0
0
0
0
0
0
0
0
0
0
0
0
0
0
0
0
0
0
0
0
0
0
0
0
0
0
0
0
0
0
0
0
0
0
0
0
0
0
0
0
0
0
0
0
0
0
0
0
0
0
0
0
0
0
0
0
0
0
0
0
0
0
0
0
0
0
0
0
0
0
0
0
0
0
0
0
0
0
0
0
0
0
0
0
0
0
0
0
0
0
0
0
0
0
0
0
0
0
0
0
0
0
0
0
0
0
0
0
0
0
0
0
0
0
0
0
0
0
0
0
0
0
0
0
0
0
0
0
0
0
0
0
0
0
0
0
0
0
0
0
0
0
0
0
0
0
0
0
0
0
0
0
0
0
0
0
0
0
0
0
0
0
0
0
0
0
0
0
0
0
0
0
0
0
0
0
0
0
0
0
0
0
0
0
0
0
0
0
0
0
0
0
0
0
0
0
0
0
0
0
0
0
0
0
0
0
0
0
0
0
0
0
0
0
0
0
0
0
0
0
0
0
0
0
0
0
0
0
0
0
0
0
0
0
0
0
0
0
0
0
0
0
0
0
0
0
0
0
0
0
0
0
0
0
0
0
0
0
0
0
0
0
0
0
0
0
0
0
0
0
0
0
0
0
0
0
0
0
0
0
0
0
0
0
0
0
0
0
0
0
0
0
0
0
0
0
0
0
0
0
0
0
0
0
0
0
0
0
0
0
0
0
0
0
0
0
0
0
0
0
0
0
0
0
0
0
0
0
0
0
0
0
0
0
0
0
0
0
0
0
0
0
0
0
0
0
0
0
0
0
0
0
0
0
0
0
0
0
0
0
0
0
0
0
0
0
0
0
0
0
0
0
0
0
0
0
0
0
0
0
0
0
0
0
0
0
0
0
0
0
0
0
0
0
0
0
0
0
0
0
0
0
0
0
0
0
0
0
0
0
0
0
0
0
0
0
0
0
0
0
0
0
0
0
0
0
0
0
0
0
0
0
0
0
0
0
0
0
0
0
0
0
0
0
0
0
0
0
0
0
0
0
0
0
0
0
0
0
0
0
0
0
0
0
0
0
0
0
0
0
0
0
0
0
0
0
0
0
0
0
0
0
0
0
0
0
0
0
0
0
0
0
0
0
0
0
0
0
0
0
0
0
0
0
0
0
0
0
0
0
0
0
0
0
0
0
0
0
0
0
0
0
0
0
0
0
0
0
0
0
0
0
0
0
0
0
0
0
0
0
0
0
0
0
0
0
0
0
0
0
0
0
0
0
0
0
0
0
0
0
0
0
0
0
0
0
0
0
0
0
0
0
0
0
0
0
0
0
0
0
0
0
0
0
0
0
0
0
0
0
0
0
0
0
0
0
0
0
0
0
0
0
0
0
0
0
0
0
0
0
0
0
0
0
0
0
0
0
0
0
0
0
0
0
0
0
0
0
0
0
0
0
0
0
0
0
0
0
0
0
0
0
0
0
0
0
0
0
0
0
0
0
0
0
0
0
0
0
0
0
0
0
0
0
0
0
0
0
0
0
0
0
0
0
0
0
0
0
0
0
0
0
0
0
0
0
0
0
0
0
0
0
0
0
0
0
0
0
0
0
0
0
0
0
0
0
0
0
0
0
0
0
0
0
0
0
0
0
0
0
0
0
0
0
0
0
0
0
0
0
0
0
0
0
0
0
0
0
0
0
0
0
0
0
0
0
0
0
0
0
0
0
0
0
0
0
0
0
0
0
0
0
0
0
0
0
0
0
0
0
0
0
0
0
0
0
0
0
0
0
0
0
0
0
0
0
0
0
0
0
0
0
0
0
0
0
0
0
0
0
0
0
0
0
0
0
0
0
0
0
0
0
0
0
0
0
0
0
0
0
0
0
0
0
0
0
0
0
0
0
0
0
0
0
0
0
0
0
0
0
0
0
0
0
0
0
0
0
0
0
0
0
0
0
0
0
0
0
0
0
0
0
0
0
0
0
0
0
0
0
0
0
0
0
0
0
0
0
0
0
0
0
0
0
0
0
0
0
0
0
0
