# Measurement time [s]: 120.423
# Dwell time [us]: 20
#
# detCounts monCounts f_SF1_Hz f_SF2_Hz
138140 2000000 91700 91700
100
172
155
208
187
186
170
175
170
181
186
196
206
197
194
175
168
186
190
196
175
193
190
175
188
172
160
151
190
156
180
171
181
179
175
212
185
191
177
171
215
179
185
158
209
178
174
194
176
195
188
179
169
190
182
176
178
191
198
193
182
184
179
176
184
176
171
179
156
195
182
199
170
178
182
181
185
193
176
181
159
183
191
195
178
190
166
150
160
167
170
173
181
181
161
166
173
176
175
171
167
162
153
157
163
156
148
185
166
164
161
152
150
160
173
173
168
176
168
159
145
181
153
160
163
157
176
168
152
141
138
161
164
164
162
147
159
165
153
177
156
142
154
159
155
181
144
136
147
162
161
171
174
156
148
156
154
177
158
149
159
146
154
155
144
165
127
153
153
145
144
146
135
160
118
171
159
135
155
155
136
160
141
138
132
134
149
158
147
145
156
118
146
150
142
144
158
155
141
137
159
155
160
161
166
151
143
148
147
135
139
148
151
163
147
169
172
161
150
142
138
157
143
152
134
136
145
144
157
149
134
173
140
136
135
153
145
142
130
144
155
161
143
140
161
145
149
147
163
163
140
172
152
132
162
171
159
149
158
171
153
149
168
134
166
153
162
145
188
154
153
147
147
141
173
138
144
153
175
134
116
159
169
140
150
165
166
151
154
143
167
132
156
160
175
139
156
170
146
145
156
139
162
170
175
144
150
165
177
161
169
166
172
149
186
184
150
141
151
151
180
188
166
159
165
164
184
152
173
194
195
158
169
159
178
164
157
172
178
179
170
184
185
171
156
155
193
155
162
173
157
164
178
173
183
179
175
183
186
171
157
171
198
158
144
169
194
176
176
183
178
163
187
176
166
194
167
179
186
169
199
176
186
168
195
193
197
200
201
188
173
182
185
180
198
183
191
188
215
199
148
162
170
167
188
195
196
178
195
176
209
189
194
192
197
160
195
198
183
175
172
182
200
186
185
184
166
187
168
181
180
160
198
196
187
180
172
197
163
180
194
170
201
195
196
202
163
180
192
197
182
155
178
165
178
173
169
189
183
195
193
182
181
170
199
171
176
177
181
184
196
182
185
183
193
165
160
160
181
195
174
188
175
177
156
194
177
159
185
170
194
166
181
158
174
196
192
172
160
163
168
181
181
176
164
176
185
162
186
160
165
188
174
150
167
191
168
161
172
164
173
183
160
183
178
144
170
152
156
170
180
161
181
161
177
167
126
155
155
171
171
162
155
145
161
153
144
161
152
172
165
164
150
136
170
169
164
144
154
148
156
155
173
175
146
176
172
156
140
158
159
166
166
166
155
146
147
165
167
176
159
140
152
158
161
148
141
146
159
144
151
148
155
161
142
166
144
145
169
136
143
144
134
144
147
134
157
175
155
134
165
147
140
139
155
125
144
132
152
147
149
169
126
150
137
145
147
131
142
159
152
172
146
144
135
133
118
158
147
144
170
139
144
168
135
156
138
166
139
141
144
148
146
144
151
151
144
140
152
154
158
139
155
174
140
145
131
156
126
167
144
127
147
148
150
147
141
128
167
137
161
169
154
180
144
140
132
154
163
155
131
154
164
147
150
149
163
173
139
144
169
170
154
193
164
176
171
158
161
154
169
147
143
166
179
163
148
162
148
152
153
167
142
150
155
177
165
164
147
165
155
177
175
158
156
168
157
139
175
162
168
150
189
158
157
178
158
171
182
177
162
164
172
173
191
152
177
158
194
187
187
184
175
183
172
193
174
159
179
160
186
175
190
178
173
168
191
169
166
166
196
172
172
160
182
175
180
169
178
163
203
169
177
168
177
168
154
177
186
180
156
198
187
174
178
204
190
172
185
196
160
178
192
172
198
172
184
186
182
187
186
163
211
194
184
172
194
203
185
178
221
188
208
129
7
0
0
0
0
0
0
0
0
0
0
0
0
0
0
0
0
0
0
0
0
0
0
0
0
0
0
0
0
0
0
0
0
0
0
0
0
0
0
0
0
0
0
0
0
0
0
0
0
0
0
0
0
0
0
0
0
0
0
0
0
0
0
0
0
0
0
0
0
0
0
0
0
0
0
0
0
0
0
0
0
0
0
0
0
0
0
0
0
0
0
0
0
0
0
0
0
0
0
0
0
0
0
0
0
0
0
0
0
0
0
0
0
0
0
0
0
0
0
0
0
0
0
0
0
0
0
0
0
0
0
0
0
0
0
0
0
0
0
0
0
0
0
0
0
0
0
0
0
0
0
0
0
0
0
0
0
0
0
0
0
0
0
0
0
0
0
0
0
0
0
0
0
0
0
0
0
0
0
0
0
0
0
0
0
0
0
0
0
0
0
0
0
0
0
0
0
0
0
0
0
0
0
0
0
0
0
0
0
0
0
0
0
0
0
0
0
0
0
0
0
0
0
0
0
0
0
0
0
0
0
0
0
0
0
0
0
0
0
0
0
0
0
0
0
0
0
0
0
0
0
0
0
0
0
0
0
0
0
0
0
0
0
0
0
0
0
0
0
0
0
0
0
0
0
0
0
0
0
0
0
0
0
0
0
0
0
0
0
0
0
0
0
0
0
0
0
0
0
0
0
0
0
0
0
0
0
0
0
0
0
0
0
0
0
0
0
0
0
0
0
0
0
0
0
0
0
0
0
0
0
0
0
0
0
0
0
0
0
0
0
0
0
0
0
0
0
0
0
0
0
0
0
0
0
0
0
0
0
0
0
0
0
0
0
0
0
0
0
0
0
0
0
0
0
0
0
0
0
0
0
0
0
0
0
0
0
0
0
0
0
0
0
0
0
0
0
0
0
0
0
0
0
0
0
0
0
0
0
0
0
0
0
0
0
0
0
0
0
0
0
0
0
0
0
0
0
0
0
0
0
0
0
0
0
0
0
0
0
0
0
0
0
0
0
0
0
0
0
0
0
0
0
0
0
0
0
0
0
0
0
0
0
0
0
0
0
0
0
0
0
0
0
0
0
0
0
0
0
0
0
0
0
0
0
0
0
0
0
0
0
0
0
0
0
0
0
0
0
0
0
0
0
0
0
0
0
0
0
0
0
0
0
0
0
0
0
0
0
0
0
0
0
0
0
0
0
0
0
0
0
0
0
0
0
0
0
0
0
0
0
0
0
0
0
0
0
0
0
0
0
0
0
0
0
0
0
0
0
0
0
0
0
0
0
0
0
0
0
0
0
0
0
0
0
0
0
0
0
0
0
0
0
0
0
0
0
0
0
0
0
0
0
0
0
0
0
0
0
0
0
0
0
0
0
0
0
0
0
0
0
0
0
0
0
0
0
0
0
0
0
0
0
0
0
0
0
0
0
0
0
0
0
0
0
0
0
0
0
0
0
0
0
0
0
0
0
0
0
0
0
0
0
0
0
0
0
0
0
0
0
0
0
0
0
0
0
0
0
0
0
0
0
0
0
0
0
0
0
0
0
0
0
0
0
0
0
0
0
0
0
0
0
0
0
0
0
0
0
0
0
0
0
0
0
0
0
0
0
0
0
0
0
0
0
0
0
0
0
0
0
0
0
0
0
0
0
0
0
0
0
0
0
0
0
0
0
0
0
0
0
0
0
0
0
0
0
0
0
0
0
0
0
0
0
0
0
0
0
0
0
0
0
0
0
0
0
0
0
0
0
0
0
0
0
0
0
0
0
0
0
0
0
0
0
0
0
0
0
0
0
0
0
0
0
0
0
0
0
0
0
0
0
0
0
0
0
0
0
0
0
0
0
0
0
0
0
0
0
0
0
0
0
0
0
0
0
0
0
0
0
0
0
0
0
0
0
0
0
0
0
0
0
0
0
0
0
0
0
0
0
0
0
0
0
0
0
0
0
0
0
0
0
0
0
0
0
0
0
0
0
0
0
0
0
0
0
0
0
0
0
0
0
0
0
0
0
0
0
0
0
0
0
0
0
0
0
0
0
0
0
0
0
0
0
0
0
0
0
0
0
0
0
0
0
0
0
0
0
0
0
0
0
0
0
0
0
0
0
0
0
0
0
0
0
0
0
0
0
0
0
0
0
0
0
0
0
0
0
0
0
0
0
0
0
0
0
0
0
0
0
0
0
0
0
0
0
0
0
0
0
0
0
0
0
0
0
0
0
0
0
0
0
0
0
0
0
0
0
0
0
0
0
0
0
0
0
0
0
0
0
0
0
0
0
0
0
0
0
0
0
0
0
0
0
0
0
0
0
0
0
0
0
0
0
0
0
0
0
0
0
0
0
0
0
0
0
0
0
0
0
0
0
0
0
0
0
0
0
0
0
0
0
0
0
0
0
0
0
0
0
0
0
0
0
0
0
0
0
0
0
0
0
0
0
0
0
0
0
0
0
0
0
0
0
0
0
0
0
0
0
0
0
0
0
0
0
0
0
0
0
0
0
0
0
0
0
0
0
0
0
0
0
0
0
0
0
0
0
0
0
0
0
0
0
0
0
0
0
0
0
0
0
0
0
0
0
0
0
0
0
0
0
0
0
0
0
0
0
0
0
0
0
0
0
0
0
0
0
0
0
0
0
0
0
0
