# Measurement time [s]: 109.386
# Dwell time [us]: 20
#
# detCounts monCounts f_SF1_Hz f_SF2_Hz
140241 2000000 91700 91700
50
128
95
103
92
102
101
90
100
113
87
96
100
104
121
97
96
99
100
105
107
96
93
100
104
112
103
103
96
96
99
93
83
95
104
83
96
103
106
89
83
88
94
104
99
95
90
106
124
89
89
92
92
89
101
97
95
91
71
82
91
103
104
101
86
108
88
112
112
96
86
103
112
97
77
105
88
80
100
101
91
97
85
83
91
98
102
92
108
84
84
85
91
101
83
99
88
83
86
97
91
84
87
97
112
79
96
101
87
86
85
82
96
93
104
82
100
93
91
84
104
100
97
95
93
77
97
84
96
79
85
78
93
91
103
83
107
104
92
95
91
81
83
89
86
103
84
92
81
91
95
64
109
80
85
99
97
87
85
77
86
92
92
103
88
81
89
78
85
84
77
82
80
81
71
87
100
84
79
77
87
74
92
80
96
93
87
69
98
86
80
86
67
82
89
102
91
77
99
73
105
69
100
79
90
85
91
80
87
74
70
72
80
73
79
88
89
93
77
88
72
74
94
90
79
95
67
105
84
77
84
77
90
71
83
80
80
81
92
86
69
88
71
94
82
77
74
73
84
76
78
82
73
95
84
84
82
77
81
80
67
70
80
112
80
78
81
83
84
100
79
83
96
96
98
89
72
80
70
83
71
87
72
90
84
85
100
81
82
77
80
89
93
78
88
93
78
78
77
66
90
86
83
85
76
72
61
82
77
81
86
86
81
95
83
89
78
89
87
83
89
73
86
76
86
64
69
87
95
65
96
93
72
81
87
97
95
77
80
89
69
84
97
92
84
79
81
79
80
80
84
84
75
72
90
94
79
82
82
62
92
90
79
68
67
86
80
64
85
78
87
79
79
83
84
77
83
88
75
81
83
81
85
88
81
93
78
84
77
81
86
73
87
74
83
76
81
77
65
73
92
75
98
78
91
90
81
85
84
75
78
92
80
92
80
76
72
70
73
96
76
63
81
77
85
94
90
103
93
106
85
101
100
84
74
84
79
73
77
78
95
109
83
80
84
75
72
88
98
79
83
90
84
87
83
97
80
70
90
99
123
93
79
97
79
80
82
96
70
103
103
77
94
89
96
75
94
89
81
82
88
81
99
126
95
95
88
97
100
95
74
82
96
91
85
80
87
98
92
86
101
102
90
97
74
88
92
91
92
102
102
79
100
94
98
90
100
83
115
91
114
105
82
89
84
89
91
105
83
98
90
98
79
95
97
100
96
106
96
106
112
102
114
106
96
93
106
105
88
96
93
102
89
101
88
97
106
110
93
95
103
85
109
101
91
102
97
84
85
94
94
105
93
105
94
87
100
111
89
84
97
97
85
86
110
96
91
85
91
95
81
99
103
108
102
87
106
100
109
94
96
94
101
101
117
103
106
106
104
112
103
96
95
116
92
93
104
94
91
103
114
91
106
93
114
107
96
97
110
107
111
80
104
85
109
93
98
81
114
103
105
114
102
112
97
104
91
100
90
97
97
97
117
93
92
97
92
101
96
98
81
110
96
85
88
105
105
106
101
102
109
95
101
128
102
84
101
92
87
96
93
99
129
102
90
103
112
98
90
102
90
112
96
111
89
123
91
111
107
88
93
103
101
100
102
104
86
106
105
103
110
96
93
110
108
76
112
86
101
109
123
95
105
129
97
112
107
117
101
99
110
108
91
119
118
103
113
107
82
94
108
111
110
89
103
120
109
111
107
92
110
99
107
99
103
93
107
104
91
79
76
91
104
112
108
100
92
112
92
99
122
107
95
95
107
98
93
103
109
87
115
99
88
103
81
92
103
111
112
101
85
80
99
99
92
97
89
97
97
87
85
81
100
87
104
87
92
97
98
103
111
103
77
104
90
97
110
111
99
95
102
89
93
95
102
90
83
93
96
108
84
97
110
92
86
88
79
100
91
101
92
97
94
114
87
89
87
97
122
111
104
84
97
97
99
91
94
89
96
93
82
94
95
94
90
102
83
101
108
99
104
71
82
104
89
71
100
85
88
79
95
96
82
88
107
97
78
91
84
92
84
93
89
94
66
91
87
97
80
76
83
95
88
99
87
93
94
75
85
106
92
100
94
90
86
76
85
87
83
75
79
87
83
87
88
84
92
75
86
76
98
86
92
91
105
97
97
95
62
93
94
87
95
77
83
96
92
82
86
90
85
89
82
80
83
83
85
102
89
93
102
76
88
78
95
103
99
102
82
77
77
82
81
69
85
74
81
91
97
87
62
72
79
107
83
88
71
75
81
79
88
90
92
88
90
85
84
75
95
87
87
79
77
84
82
86
79
82
96
74
59
88
94
97
94
96
92
86
85
82
68
83
85
89
80
70
79
70
79
68
80
73
94
77
94
76
80
86
93
97
81
92
78
81
77
74
90
69
67
79
72
86
66
86
100
82
84
77
75
84
70
80
87
70
82
70
67
81
87
85
83
82
66
79
82
93
74
69
76
73
83
69
81
79
76
85
78
82
68
99
103
90
90
74
89
92
71
80
71
91
85
74
79
98
71
83
83
75
74
82
79
73
92
77
73
74
81
76
95
79
90
78
101
95
89
88
91
83
81
94
94
92
80
72
78
88
70
79
87
75
75
75
77
87
83
87
74
72
72
64
76
84
79
74
69
85
74
97
77
81
78
98
80
68
78
78
52
93
87
82
84
82
77
70
92
80
81
100
86
87
79
71
85
110
87
105
90
92
84
74
99
75
98
83
76
83
95
75
92
79
97
88
84
76
87
86
85
96
76
96
99
87
79
88
104
81
94
81
88
86
80
74
80
76
73
94
82
85
87
102
85
88
88
102
92
95
102
86
86
90
89
93
84
84
91
105
86
93
98
77
78
111
89
81
92
99
100
74
82
77
89
112
85
83
93
85
100
92
105
93
93
86
90
101
93
89
86
85
93
86
86
102
87
95
81
95
85
83
87
101
82
82
101
86
93
102
85
104
91
96
107
97
104
91
102
87
85
89
85
97
96
104
97
105
88
103
90
117
91
86
91
101
89
98
103
86
100
94
91
96
107
94
101
98
83
87
110
90
99
89
81
93
101
105
93
108
85
101
104
90
81
90
92
97
104
115
83
94
112
107
111
86
98
108
99
100
91
88
92
98
95
95
102
97
89
98
94
87
100
110
103
95
99
110
116
100
85
104
82
93
100
106
89
104
80
95
89
77
109
104
112
86
119
110
104
87
123
99
107
91
116
95
101
99
99
97
98
93
94
87
117
109
96
115
100
88
93
92
109
99
90
80
90
96
102
95
102
102
113
85
78
95
87
105
84
95
105
100
118
82
111
110
103
108
91
77
99
102
111
98
102
102
107
90
105
97
86
84
107
109
109
103
92
106
112
83
97
95
108
101
114
90
94
121
119
107
109
108
85
101
109
115
89
99
114
111
98
106
92
104
100
108
94
98
105
119
111
103
91
93
112
105
121
127
108
88
110
99
96
96
96
108
97
104
108
93
108
94
83
85
91
102
103
96
97
85
107
104
76
11
0
0
0
0
0
0
0
0
0
0
0
0
0
0
0
0
0
0
0
0
0
0
0
0
0
0
0
0
0
0
0
0
0
0
0
0
0
0
0
0
0
0
0
0
0
0
0
0
0
0
0
0
0
0
0
0
0
0
0
0
0
0
0
0
0
0
0
0
0
0
0
0
0
0
0
0
0
0
0
0
0
0
0
0
0
0
0
0
0
0
0
0
0
0
0
0
0
0
0
0
0
0
0
0
0
0
0
0
0
0
0
0
0
0
0
0
0
0
0
0
0
0
0
0
0
0
0
0
0
0
0
0
0
0
0
0
0
0
0
0
0
0
0
0
0
0
0
0
0
0
0
0
0
0
0
0
0
0
0
0
0
0
0
0
0
0
0
0
0
0
0
0
0
0
0
0
0
0
0
0
0
0
0
0
0
0
0
0
0
0
0
0
0
0
0
0
0
0
0
0
0
0
0
0
0
0
0
0
0
0
0
0
0
0
0
0
0
0
0
0
0
0
0
0
0
0
0
0
0
0
0
0
0
0
0
0
0
0
0
0
0
0
0
0
0
0
0
0
0
0
0
0
0
0
0
0
0
0
0
0
0
0
0
0
0
0
0
0
0
0
0
0
0
0
0
0
0
0
0
0
0
0
0
0
0
0
0
0
0
0
0
0
0
0
0
0
0
0
0
0
0
0
0
0
0
0
0
0
0
0
0
0
0
0
0
0
0
0
0
0
0
0
0
0
0
0
0
0
0
0
0
0
0
0
0
0
0
0
0
0
0
0
0
0
0
0
0
0
0
0
0
0
0
0
0
0
0
0
0
0
0
0
0
0
0
0
0
0
0
0
0
0
0
0
0
0
0
0
0
0
0
0
0
0
0
0
0
0
0
0
0
0
0
0
0
0
0
0
0
0
0
0
0
0
0
0
0
0
0
0
0
0
0
0
0
0
0
0
0
0
0
0
0
0
0
0
0
0
0
0
0
0
0
0
0
0
0
0
0
0
0
0
0
0
0
0
0
0
0
0
0
0
0
0
0
0
0
0
0
0
