# Measurement time [s]: 99.351
# Dwell time [us]: 20
#
# detCounts monCounts f_SF1_Hz f_SF2_Hz
149937 2000000 91700 91700
141
231
228
242
256
254
254
238
220
213
238
208
244
254
247
241
207
219
221
274
269
253
263
236
272
232
230
279
246
245
243
257
260
222
213
234
249
236
236
239
257
232
264
267
225
253
228
265
222
248
237
232
202
250
261
244
256
255
263
240
248
227
258
253
217
248
256
247
249
225
237
240
243
238
222
235
224
232
242
219
257
233
230
232
235
240
248
243
240
222
213
220
211
219
212
242
220
245
220
231
224
220
226
223
256
226
208
209
228
235
214
258
240
231
208
214
227
204
205
207
220
219
201
254
222
217
215
218
197
243
246
211
216
201
207
212
190
224
179
210
218
202
202
224
212
215
202
232
204
206
229
206
207
219
206
198
235
198
193
212
197
213
223
213
203
213
233
191
203
200
203
190
212
189
201
214
199
178
210
216
179
222
195
186
205
201
207
195
193
199
197
204
216
191
187
190
165
203
207
201
184
213
199
206
174
214
200
193
219
209
203
195
215
198
230
225
171
208
199
203
215
195
195
194
175
212
198
208
184
217
207
185
234
204
203
220
213
209
217
214
205
210
216
200
214
220
223
221
212
199
238
208
223
210
222
241
210
201
205
198
210
216
209
230
191
189
222
222
232
198
242
220
212
224
200
222
208
201
210
222
217
250
216
232
220
230
231
220
204
235
216
222
236
212
222
233
218
264
217
225
216
251
215
207
255
229
228
225
235
222
242
227
227
227
250
226
235
245
225
222
228
214
230
227
230
237
227
240
233
252
258
248
254
234
230
242
242
219
225
262
226
261
248
241
225
250
211
244
265
247
230
250
259
247
240
248
236
255
224
249
262
231
258
238
244
246
267
256
249
238
243
248
251
270
271
255
220
237
235
254
266
247
247
242
243
240
251
260
234
244
272
262
279
229
216
244
259
214
246
268
242
233
222
241
255
245
270
246
215
219
213
239
252
259
223
243
219
246
251
226
229
210
224
239
218
236
254
219
244
239
203
229
217
209
221
207
225
225
215
228
256
220
251
241
215
222
200
228
205
232
223
234
235
233
229
206
247
213
236
194
200
202
219
189
203
222
222
204
221
186
210
224
229
173
203
207
203
216
211
180
215
195
221
185
172
189
216
193
187
214
220
201
204
210
201
217
198
199
203
207
201
198
185
213
212
194
225
168
231
211
225
203
194
189
191
220
174
234
171
220
217
213
202
198
178
198
195
198
200
238
188
164
199
191
184
196
219
202
187
185
199
216
195
190
216
182
202
206
164
184
195
214
212
220
183
187
214
206
205
194
195
210
216
191
193
194
203
200
210
192
215
206
193
226
193
208
211
207
204
194
185
191
225
205
194
230
228
212
221
235
224
231
209
219
215
211
202
235
199
225
242
211
186
219
223
214
211
236
215
195
193
222
212
229
240
192
241
216
220
203
207
218
242
240
213
195
234
233
217
237
236
247
234
240
226
218
216
247
222
201
267
243
216
217
227
228
233
231
230
251
239
214
241
219
238
216
236
243
258
242
243
224
207
273
244
257
261
247
223
213
273
232
232
262
230
228
51
0
0
0
0
0
0
0
0
0
0
0
0
0
0
0
0
0
0
0
0
0
0
0
0
0
0
0
0
0
0
0
0
0
0
0
0
0
0
0
0
0
0
0
0
0
0
0
0
0
0
0
0
0
0
0
0
0
0
0
0
0
0
0
0
0
0
0
0
0
0
0
0
0
0
0
0
0
0
0
0
0
0
0
0
0
0
0
0
0
0
0
0
0
0
0
0
0
0
0
0
0
0
0
0
0
0
0
0
0
0
0
0
0
0
0
0
0
0
0
0
0
0
0
0
0
0
0
0
0
0
0
0
0
0
0
0
0
0
0
0
0
0
0
0
0
0
0
0
0
0
0
0
0
0
0
0
0
0
0
0
0
0
0
0
0
0
0
0
0
0
0
0
0
0
0
0
0
0
0
0
0
0
0
0
0
0
0
0
0
0
0
0
0
0
0
0
0
0
0
0
0
0
0
0
0
0
0
0
0
0
0
0
0
0
0
0
0
0
0
0
0
0
0
0
0
0
0
0
0
0
0
0
0
0
0
0
0
0
0
0
0
0
0
0
0
0
0
0
0
0
0
0
0
0
0
0
0
0
0
0
0
0
0
0
0
0
0
0
0
0
0
0
0
0
0
0
0
0
0
0
0
0
0
0
0
0
0
0
0
0
0
0
0
0
0
0
0
0
0
0
0
0
0
0
0
0
0
0
0
0
0
0
0
0
0
0
0
0
0
0
0
0
0
0
0
0
0
0
0
0
0
0
0
0
0
0
0
0
0
0
0
0
0
0
0
0
0
0
0
0
0
0
0
0
0
0
0
0
0
0
0
0
0
0
0
0
0
0
0
0
0
0
0
0
0
0
0
0
0
0
0
0
0
0
0
0
0
0
0
0
0
0
0
0
0
0
0
0
0
0
0
0
0
0
0
0
0
0
0
0
0
0
0
0
0
0
0
0
0
0
0
0
0
0
0
0
0
0
0
0
0
0
0
0
0
0
0
0
0
0
0
0
0
0
0
0
0
0
0
0
0
0
0
0
0
0
0
0
0
0
0
0
0
0
0
0
0
0
0
0
0
0
0
0
0
0
0
0
0
0
0
0
0
0
0
0
0
0
0
0
0
0
0
0
0
0
0
0
0
0
0
0
0
0
0
0
0
0
0
0
0
0
0
0
0
0
0
0
0
0
0
0
0
0
0
0
0
0
0
0
0
0
0
0
0
0
0
0
0
0
0
0
0
0
0
0
0
0
0
0
0
0
0
0
0
0
0
0
0
0
0
0
0
0
0
0
0
0
0
0
0
0
0
0
0
0
0
0
0
0
0
0
0
0
0
0
0
0
0
0
0
0
0
0
0
0
0
0
0
0
0
0
0
0
0
0
0
0
0
0
0
0
0
0
0
0
0
0
0
0
0
0
0
0
0
0
0
0
0
0
0
0
0
0
0
0
0
0
0
0
0
0
0
0
0
0
0
0
0
0
0
0
0
0
0
0
0
0
0
0
0
0
0
0
0
0
0
0
0
0
0
0
0
0
0
0
0
0
0
0
0
0
0
0
0
0
0
0
0
0
0
0
0
0
0
0
0
0
0
0
0
0
0
0
0
0
0
0
0
0
0
0
0
0
0
0
0
0
0
0
0
0
0
0
0
0
0
0
0
0
0
0
0
0
0
0
0
0
0
0
0
0
0
0
0
0
0
0
0
0
0
0
0
0
0
0
0
0
0
0
0
0
0
0
0
0
0
0
0
0
0
0
0
0
0
0
0
0
0
0
0
0
0
0
0
0
0
0
0
0
0
0
0
0
0
0
0
0
0
0
0
0
0
0
0
0
0
0
0
0
0
0
0
0
0
0
0
0
0
0
0
0
0
0
0
0
0
0
0
0
0
0
0
0
0
0
0
0
0
0
0
0
0
0
0
0
0
0
0
0
0
0
0
0
0
0
0
0
0
0
0
0
0
0
0
0
0
0
0
0
0
0
0
0
0
0
0
0
0
0
0
0
0
0
0
0
0
0
0
0
0
0
0
0
0
0
0
0
0
0
0
0
0
0
0
0
0
0
0
0
0
0
0
0
0
0
0
0
0
0
0
0
0
0
0
0
0
0
0
0
0
0
0
0
0
0
0
0
0
0
0
0
0
0
0
0
0
0
0
0
0
0
0
0
0
0
0
0
0
0
0
0
0
0
0
0
0
0
0
0
0
0
0
0
0
0
0
0
0
0
0
0
0
0
0
0
0
0
0
0
0
0
0
0
0
0
0
0
0
0
0
0
0
0
0
0
0
0
0
0
0
0
0
0
0
0
0
0
0
0
0
0
0
0
0
0
0
0
0
0
0
0
0
0
0
0
0
0
0
0
0
0
0
0
0
0
0
0
0
0
0
0
0
0
0
0
0
0
0
0
0
0
0
0
0
0
0
0
0
0
0
0
0
0
0
0
0
0
0
0
0
0
0
0
0
0
0
0
0
0
0
0
0
0
0
0
0
0
0
0
0
0
0
0
0
0
0
0
0
0
0
0
0
0
0
0
0
0
0
0
0
0
0
0
0
0
0
0
0
0
0
0
0
0
0
0
0
0
0
0
0
0
0
0
0
0
0
0
0
0
0
0
0
0
0
0
0
0
0
0
0
0
0
0
0
0
0
0
0
0
0
0
0
0
0
0
0
0
0
0
0
0
0
0
0
0
0
0
0
0
0
0
0
0
0
0
0
0
0
0
0
0
0
0
0
0
0
0
0
0
0
0
0
0
0
0
0
0
0
0
0
0
0
0
0
0
0
0
0
0
0
0
0
0
0
0
0
0
0
0
0
0
0
0
0
0
0
0
0
0
0
0
0
0
0
0
0
0
0
0
0
0
0
0
0
0
0
0
0
0
0
0
0
0
0
0
0
0
0
0
0
0
0
0
0
0
0
0
0
0
0
0
0
0
0
0
0
0
0
0
0
0
0
0
0
0
0
0
0
0
0
0
0
0
0
0
0
0
0
0
0
0
0
