# Measurement time [s]: 259.916
# Dwell time [us]: 20
#
# detCounts monCounts f_SF1_Hz f_SF2_Hz
149586 2000000 91700 91700
63
123
116
114
85
92
110
104
112
107
121
94
91
100
98
129
100
104
97
115
88
115
103
105
108
103
106
95
102
92
109
116
98
68
106
113
95
127
95
102
95
102
108
109
116
109
105
113
94
97
96
105
133
99
96
112
80
107
124
102
111
103
95
107
114
110
94
88
88
109
97
91
106
103
94
89
82
124
104
85
106
113
101
102
105
89
94
102
94
103
107
97
108
102
98
113
104
102
120
113
96
110
92
97
89
96
85
104
117
103
116
96
90
93
106
83
113
106
92
95
101
89
107
92
93
94
84
98
106
84
107
86
93
84
92
96
102
80
90
106
99
90
99
81
104
85
103
83
91
99
97
102
92
90
90
81
100
113
105
89
97
74
84
82
83
88
84
108
90
87
96
89
92
97
94
97
94
84
104
97
92
87
89
88
108
108
91
90
88
80
85
83
90
90
91
68
95
95
95
83
86
101
101
84
108
89
110
87
94
69
83
105
84
89
87
99
83
81
118
109
97
82
90
87
82
86
83
89
102
91
80
96
95
82
85
75
106
100
100
99
77
75
86
92
89
88
90
85
82
76
77
76
87
89
79
91
84
78
77
88
95
60
89
83
81
95
80
89
108
83
86
96
88
95
85
87
100
108
81
75
99
97
95
77
86
89
87
91
89
94
95
81
68
108
80
101
82
82
99
76
87
92
106
83
95
92
103
80
94
78
77
81
86
76
90
84
73
88
94
84
84
90
92
82
80
84
80
90
83
91
78
83
76
96
103
91
76
99
96
86
91
76
96
86
88
79
72
93
80
96
99
79
72
100
89
98
79
81
91
89
86
81
90
92
94
104
91
86
85
95
89
87
81
68
77
83
72
96
89
83
86
80
94
83
95
104
96
85
102
83
90
85
106
93
104
71
82
97
89
83
82
97
83
95
111
89
66
96
95
93
84
86
111
89
92
106
103
85
91
85
101
92
86
93
92
84
86
81
90
91
86
84
103
100
90
88
85
97
87
101
105
89
93
92
75
94
87
86
84
89
94
85
89
89
84
104
93
97
84
91
95
98
68
94
100
97
81
121
104
79
102
96
94
89
99
87
104
103
88
102
94
100
88
92
87
106
86
86
79
101
100
109
89
93
111
90
89
109
114
95
94
90
97
95
102
85
96
104
95
87
103
93
95
101
104
101
106
102
94
120
80
88
112
124
89
100
109
108
106
91
91
100
100
115
93
103
114
107
116
95
96
102
121
102
120
95
132
98
107
96
113
116
110
98
114
99
92
98
100
92
92
102
101
119
108
89
128
102
108
97
103
83
112
99
97
91
100
114
96
104
96
89
90
106
109
103
103
118
112
104
126
98
100
90
92
104
129
93
99
100
100
104
108
96
112
102
94
119
113
112
107
107
93
114
97
93
120
127
104
106
93
100
93
96
114
98
105
101
97
119
121
102
94
108
108
93
111
115
111
107
94
96
100
98
113
111
113
93
115
103
130
99
123
127
110
88
110
110
125
103
94
109
109
105
126
101
100
113
111
108
113
103
121
99
123
109
115
115
101
103
119
116
112
107
108
94
110
111
104
100
115
104
93
101
101
126
94
130
111
94
113
116
119
128
119
103
140
129
102
93
110
105
110
105
115
101
90
103
122
114
113
121
96
108
112
104
122
116
104
119
113
111
97
92
97
124
101
116
133
119
103
106
107
103
110
105
86
101
90
114
92
104
119
104
98
115
103
106
109
103
91
106
93
110
101
103
110
94
106
117
109
89
105
113
98
115
116
107
94
108
91
105
94
112
102
101
95
114
98
117
99
92
111
132
96
88
121
102
107
106
104
84
96
103
98
93
105
104
106
84
103
101
86
122
104
106
111
97
101
112
102
92
98
103
128
111
107
95
102
96
109
113
108
94
116
98
111
95
98
88
80
99
122
92
123
111
108
99
105
95
99
110
92
91
101
96
106
114
104
90
102
105
105
89
97
83
98
109
82
95
103
82
100
88
104
100
89
110
108
96
97
95
106
123
85
101
88
99
98
91
101
87
89
104
98
96
78
123
107
83
86
105
79
86
98
98
108
105
117
95
91
85
106
102
112
98
100
93
120
104
89
73
96
102
103
131
79
94
112
90
87
93
93
89
87
93
90
99
93
94
82
100
87
86
102
108
84
87
103
92
101
115
88
78
96
99
92
76
84
91
91
100
77
98
88
80
110
95
99
88
85
73
106
103
87
95
87
93
93
79
97
85
97
96
95
88
96
102
84
97
84
88
104
93
68
80
99
71
86
87
100
97
110
96
88
90
83
96
79
106
93
78
85
90
87
96
82
91
104
75
86
75
82
91
85
92
91
99
89
92
72
94
88
84
76
87
90
75
83
83
90
90
80
81
72
90
104
83
78
84
104
112
86
62
84
89
100
97
94
76
71
90
88
72
86
88
104
93
84
92
83
89
96
104
78
80
77
82
94
80
82
76
90
94
72
90
107
105
90
90
93
100
96
67
93
102
78
90
72
79
104
97
74
78
88
77
92
98
77
96
70
80
81
67
93
89
87
88
95
81
87
82
87
91
73
75
68
81
98
97
116
98
97
74
88
84
95
88
99
88
93
90
88
88
103
100
97
87
85
77
80
74
80
84
95
83
94
83
78
96
81
88
90
91
89
79
95
88
71
91
98
95
86
86
96
86
84
81
89
94
84
97
85
93
94
94
74
74
115
101
88
95
101
95
80
83
83
81
92
84
99
81
109
100
77
94
69
101
103
113
93
69
117
89
102
88
101
98
85
88
92
83
94
89
98
91
85
112
99
90
87
94
86
91
100
106
82
97
93
91
83
90
92
109
95
84
91
94
89
96
87
111
87
94
86
90
117
102
99
84
95
85
115
81
110
108
99
102
91
95
79
99
104
103
89
101
102
93
85
91
99
84
77
115
97
92
82
92
126
88
98
88
93
102
97
90
96
104
78
111
109
104
101
86
110
116
102
96
100
99
95
92
91
90
97
84
104
104
97
112
87
99
116
122
95
96
96
97
93
104
100
102
76
116
89
101
102
99
100
96
121
108
100
87
90
98
110
98
114
102
92
106
106
114
107
117
112
106
94
94
109
104
106
104
125
90
98
105
110
104
95
102
99
103
90
106
92
99
120
119
89
115
112
100
110
93
105
116
111
101
113
115
114
107
94
111
96
98
101
91
120
110
94
116
111
112
129
104
103
133
106
99
107
115
108
99
115
115
117
121
113
106
98
90
119
114
113
104
84
93
108
118
117
92
94
110
101
106
129
109
101
94
111
99
125
120
109
102
98
91
97
107
93
86
96
97
107
120
120
98
120
95
96
109
118
97
127
100
107
94
91
101
112
96
100
97
107
111
124
104
114
114
108
112
95
126
113
120
103
104
111
105
102
101
109
96
110
112
92
107
91
110
90
89
113
101
90
101
112
111
121
102
99
110
120
106
108
107
97
104
125
99
90
107
110
96
107
119
105
102
88
105
107
101
109
123
108
103
101
8
0
0
0
0
0
0
0
0
0
0
0
0
0
0
0
0
0
0
0
0
0
0
0
0
0
0
0
0
0
0
0
0
0
0
0
0
0
0
0
0
0
0
0
0
0
0
0
0
0
0
0
0
0
0
0
0
0
0
0
0
0
0
0
0
0
0
0
0
0
0
0
0
0
0
0
0
0
0
0
0
0
0
0
0
0
0
0
0
0
0
0
0
0
0
0
0
0
0
0
0
0
0
0
0
0
0
0
0
0
0
0
0
0
0
0
0
0
0
0
0
0
0
0
0
0
0
0
0
0
0
0
0
0
0
0
0
0
0
0
0
0
0
0
0
0
0
0
0
0
0
0
0
0
0
0
0
0
0
0
0
0
0
0
0
0
0
0
0
0
0
0
0
0
0
0
0
0
0
0
0
0
0
0
0
0
0
0
0
0
0
0
0
0
0
0
0
0
0
0
0
0
0
0
0
0
0
0
0
0
0
0
0
0
0
0
0
0
0
0
0
0
0
0
0
0
0
0
0
0
0
0
0
0
0
0
0
0
0
0
0
0
0
0
0
0
0
0
0
0
0
0
0
0
0
0
0
0
0
0
0
0
0
0
0
0
0
0
0
0
0
0
0
0
0
0
0
0
0
0
0
0
0
0
0
0
0
0
0
0
0
0
0
0
0
0
0
0
0
0
0
0
0
0
0
0
0
0
0
0
0
0
0
0
0
0
0
0
0
0
0
0
0
0
0
0
0
0
0
0
0
0
0
0
0
0
0
0
0
0
0
0
0
0
0
0
0
0
0
0
0
0
0
0
0
0
0
0
0
0
0
0
0
0
0
0
0
0
0
0
0
0
0
0
0
0
0
0
0
0
0
0
0
0
0
0
0
0
0
0
0
0
0
0
0
0
0
0
0
0
0
0
0
0
0
0
0
0
0
0
0
0
0
0
0
0
0
0
0
0
0
0
0
0
0
0
0
0
0
0
0
0
0
0
0
0
0
0
0
0
0
0
0
0
0
0
0
0
0
0
0
0
0
0
0
0
0
0
0
0
0
