# Measurement time [s]: 109.387
# Dwell time [us]: 20
#
# detCounts monCounts f_SF1_Hz f_SF2_Hz
138833 2000000 91700 91700
56
91
90
98
98
107
95
96
86
91
97
100
97
111
82
93
101
89
99
68
90
96
82
109
96
85
92
94
93
108
81
84
83
96
102
94
98
107
96
84
98
76
88
102
82
98
97
91
82
85
92
93
98
82
84
97
98
95
97
102
94
83
86
75
108
82
90
99
97
108
98
83
91
89
108
99
96
72
91
82
103
80
81
100
84
88
68
74
81
89
96
75
86
73
81
84
102
90
77
88
80
87
96
90
96
93
87
111
87
83
95
79
94
95
98
79
95
89
92
100
103
90
76
83
91
90
82
81
80
78
82
83
86
71
79
89
87
67
98
79
81
86
85
75
75
77
87
95
70
90
97
88
81
75
68
91
97
81
70
80
93
98
81
77
85
81
72
81
92
69
83
65
88
75
83
89
82
84
85
88
92
89
79
78
79
83
84
76
71
68
77
89
74
77
80
74
80
80
82
91
75
91
85
91
93
102
92
78
85
69
74
84
92
85
86
88
91
85
84
74
100
92
90
86
79
85
86
81
97
85
90
69
71
68
96
81
89
73
81
71
100
80
85
79
99
71
81
98
66
85
66
83
78
97
79
85
72
56
65
68
81
74
77
85
77
93
86
93
86
82
73
81
66
81
77
87
86
88
68
75
71
67
89
76
78
72
84
76
75
63
80
58
81
71
87
67
76
67
67
97
59
71
69
75
87
81
82
81
81
55
69
76
74
96
77
77
75
82
68
72
90
65
71
71
84
87
69
85
72
73
69
86
81
79
80
92
83
76
79
75
69
59
79
82
71
76
79
75
87
91
76
74
70
81
84
80
87
60
61
82
92
70
79
72
63
76
89
66
73
74
83
92
86
88
89
77
78
66
73
72
77
72
86
81
74
70
86
85
82
97
80
89
76
91
65
84
75
85
90
75
74
97
90
80
76
72
88
73
71
69
90
78
72
74
69
92
63
76
81
80
93
86
77
87
70
82
77
87
97
82
76
91
79
97
75
85
77
88
72
80
91
80
85
68
73
79
95
73
89
69
87
78
70
91
67
80
81
93
83
72
70
72
83
63
77
83
82
70
78
73
82
89
71
66
92
83
82
96
93
84
86
76
83
77
67
85
92
92
75
87
69
82
89
76
96
74
86
81
74
67
86
90
78
96
80
91
77
87
75
98
84
80
78
87
89
87
91
93
86
81
85
86
95
70
89
100
79
93
86
80
89
82
96
90
91
85
80
84
77
71
84
108
86
74
84
89
95
96
98
69
103
82
84
87
80
86
90
72
84
99
94
90
91
67
97
98
76
84
84
102
87
106
101
78
86
89
79
92
82
90
93
94
84
92
80
83
96
82
86
100
98
102
105
88
89
89
90
92
71
82
91
81
93
84
95
87
98
86
78
87
91
110
90
92
95
118
76
87
89
84
101
76
89
98
95
84
86
103
83
103
91
102
106
92
87
102
113
100
97
89
103
88
95
109
95
96
89
93
96
104
86
85
99
98
88
116
81
97
80
90
96
96
80
101
90
73
98
87
94
109
75
94
85
85
99
96
94
96
108
105
104
79
99
94
98
105
96
93
105
105
93
92
80
112
100
91
94
109
112
108
91
95
86
98
82
101
89
97
94
90
86
87
90
86
116
95
82
89
85
95
124
106
97
94
86
98
103
102
91
102
99
119
76
111
111
101
89
103
82
81
88
72
93
101
85
108
97
78
104
95
79
92
90
108
92
113
92
96
94
86
94
95
96
111
78
95
104
81
100
105
94
91
78
95
79
84
92
88
89
106
95
92
85
97
109
89
101
109
92
92
117
92
92
82
109
63
87
93
114
97
81
90
77
92
96
85
87
97
90
98
96
79
98
74
109
88
71
84
78
81
76
105
88
91
93
86
73
94
80
90
104
107
74
107
82
85
92
106
90
84
96
97
113
112
100
90
107
92
89
87
94
86
85
83
120
84
105
89
84
90
88
86
85
101
89
91
86
99
79
93
88
98
85
86
84
78
112
100
75
89
89
102
102
108
79
78
99
67
82
85
78
86
93
94
102
83
93
100
77
96
84
92
94
78
116
87
82
68
75
83
87
94
80
68
84
73
95
86
84
87
91
81
84
82
82
83
105
97
103
68
96
90
93
94
75
100
101
79
91
86
86
78
94
78
94
83
87
86
97
85
72
114
90
87
86
86
82
84
83
83
58
74
63
79
86
82
84
94
64
82
71
92
81
81
80
68
98
82
80
66
74
75
73
87
84
95
76
72
86
81
58
76
79
86
82
60
80
77
73
82
100
81
77
80
85
84
87
91
86
101
86
81
98
88
72
79
70
84
79
87
82
81
53
72
72
70
67
74
67
84
68
97
63
79
77
60
76
71
84
81
83
82
74
78
81
81
80
74
86
72
74
80
91
80
60
76
95
57
73
81
74
80
85
67
87
56
74
72
65
87
83
98
72
69
66
90
69
88
65
91
78
64
85
77
80
86
74
73
84
76
76
81
86
104
73
82
83
80
83
85
78
69
72
70
82
77
70
58
76
76
63
73
81
79
69
72
73
52
55
78
100
79
75
78
72
79
67
74
85
77
85
67
77
78
62
75
75
79
70
78
72
77
89
56
80
90
72
72
82
70
65
76
72
83
85
89
77
81
64
77
81
84
94
62
77
84
72
85
67
85
72
81
76
78
87
81
79
71
84
70
83
77
91
70
66
84
67
70
73
70
75
80
73
71
80
67
82
75
63
69
86
70
85
70
71
92
80
83
77
81
76
69
89
79
88
75
73
82
97
89
73
93
89
84
72
76
81
62
64
72
82
74
80
71
63
76
85
71
82
81
72
81
75
86
83
76
79
69
96
84
88
80
81
89
74
92
66
86
77
71
83
77
72
74
74
76
82
83
85
95
75
72
74
86
96
69
67
85
79
80
94
94
96
74
75
87
107
69
92
96
87
86
88
90
98
72
80
76
91
96
77
72
73
84
105
71
91
80
92
100
88
62
83
91
88
85
92
88
88
84
82
73
93
68
79
93
83
67
73
89
86
85
80
95
94
87
86
90
80
78
101
74
68
83
74
77
90
92
94
77
92
86
83
91
88
85
80
77
105
78
91
83
75
92
86
97
82
82
98
92
97
113
85
82
99
103
96
75
89
91
90
84
103
106
85
91
90
112
105
109
77
83
93
93
95
102
96
89
86
69
101
95
108
115
90
115
100
92
103
99
92
82
89
91
95
85
89
102
91
94
84
86
82
88
83
96
86
111
87
67
102
105
89
85
99
99
109
84
107
91
110
87
88
98
77
98
100
95
86
85
85
103
96
89
86
85
81
94
104
97
96
103
83
84
108
91
106
87
105
82
99
86
87
77
91
91
86
103
91
117
100
95
100
94
83
96
97
99
115
107
87
110
111
103
108
87
95
98
89
96
102
88
107
96
89
90
105
101
100
92
94
94
87
89
105
87
91
94
118
90
92
80
106
93
108
102
80
103
122
99
84
84
89
98
78
100
96
101
80
94
100
96
89
78
97
87
93
114
88
98
89
109
93
86
93
93
122
105
104
94
90
100
99
88
90
105
70
103
97
96
95
88
96
102
96
89
96
88
102
75
92
120
108
110
94
116
106
95
86
96
102
107
104
113
93
76
97
101
85
93
101
93
87
105
84
103
85
93
68
96
85
101
73
35
0
0
0
0
0
0
0
0
0
0
0
0
0
0
0
0
0
0
0
0
0
0
0
0
0
0
0
0
0
0
0
0
0
0
0
0
0
0
0
0
0
0
0
0
0
0
0
0
0
0
0
0
0
0
0
0
0
0
0
0
0
0
0
0
0
0
0
0
0
0
0
0
0
0
0
0
0
0
0
0
0
0
0
0
0
0
0
0
0
0
0
0
0
0
0
0
0
0
0
0
0
0
0
0
0
0
0
0
0
0
0
0
0
0
0
0
0
0
0
0
0
0
0
0
0
0
0
0
0
0
0
0
0
0
0
0
0
0
0
0
0
0
0
0
0
0
0
0
0
0
0
0
0
0
0
0
0
0
0
0
0
0
0
0
0
0
0
0
0
0
0
0
0
0
0
0
0
0
0
0
0
0
0
0
0
0
0
0
0
0
0
0
0
0
0
0
0
0
0
0
0
0
0
0
0
0
0
0
0
0
0
0
0
0
0
0
0
0
0
0
0
0
0
0
0
0
0
0
0
0
0
0
0
0
0
0
0
0
0
0
0
0
0
0
0
0
0
0
0
0
0
0
0
0
0
0
0
0
0
0
0
0
0
0
0
0
0
0
0
0
0
0
0
0
0
0
0
0
0
0
0
0
0
0
0
0
0
0
0
0
0
0
0
0
0
0
0
0
0
0
0
0
0
0
0
0
0
0
0
0
0
0
0
0
0
0
0
0
0
0
0
0
0
0
0
0
0
0
0
0
0
0
0
0
0
0
0
0
0
0
0
0
0
0
0
0
0
0
0
0
0
0
0
0
0
0
0
0
0
0
0
0
0
0
0
0
0
0
0
0
0
0
0
0
0
0
0
0
0
0
0
0
0
0
0
0
