# Measurement time [s]: 99.348
# Dwell time [us]: 20
#
# detCounts monCounts f_SF1_Hz f_SF2_Hz
138390 2000000 91700 91700
66
111
124
106
124
134
122
128
113
112
111
117
106
113
116
121
94
123
98
109
92
100
109
111
113
106
103
126
115
104
104
107
108
117
109
109
98
111
108
125
116
120
123
86
105
113
100
99
115
93
95
113
113
106
125
90
96
95
132
119
102
97
107
114
95
95
101
96
99
99
101
114
110
123
125
122
94
117
109
90
108
99
111
120
108
92
94
94
102
99
94
121
106
117
102
87
115
96
96
101
108
96
108
101
104
113
114
101
81
101
93
98
108
115
111
97
98
105
93
113
108
113
95
113
82
112
117
104
80
98
116
111
90
99
94
91
110
96
100
102
87
108
113
80
108
108
88
96
85
101
94
95
85
98
91
100
89
90
92
99
94
97
109
109
109
97
84
99
121
99
101
93
96
110
97
80
115
115
94
96
111
102
103
89
96
89
106
95
97
84
87
109
101
88
107
80
98
91
91
90
62
96
77
77
101
98
91
91
105
80
100
91
90
97
93
100
96
80
92
105
106
86
92
83
105
99
76
98
95
84
88
77
87
105
100
78
79
96
91
100
67
89
97
101
82
88
102
112
88
85
90
91
92
85
86
93
111
72
94
98
103
89
99
84
91
95
93
96
100
85
95
86
74
96
80
90
87
97
99
92
85
89
93
93
84
97
96
88
90
91
84
81
82
94
91
80
79
65
76
85
77
79
66
83
99
76
78
94
95
93
86
104
89
96
84
90
89
102
86
97
83
56
101
73
92
89
96
83
84
90
80
81
92
83
73
95
104
88
91
107
111
76
97
83
87
113
101
97
92
74
98
85
94
87
86
100
103
79
93
98
86
95
103
114
102
97
95
92
92
86
76
90
99
85
92
101
87
95
94
90
85
93
91
101
91
90
109
98
108
83
91
109
91
83
99
98
100
97
99
88
90
107
87
95
92
102
115
98
87
88
92
72
102
88
93
81
100
88
108
88
98
114
89
90
102
99
94
98
97
114
93
100
93
118
103
86
102
120
107
89
89
100
96
112
102
105
103
112
90
111
93
100
117
99
108
96
113
103
114
108
100
102
84
112
84
119
104
87
98
112
100
104
96
103
115
118
101
86
98
107
113
119
92
110
117
99
105
99
105
99
95
107
104
112
95
104
111
111
104
112
120
112
122
101
112
100
106
93
130
114
106
101
102
94
105
104
111
95
110
110
113
108
108
119
96
105
101
116
89
125
103
102
126
127
109
114
100
107
106
107
115
101
93
98
92
100
115
104
110
105
115
119
113
116
118
116
97
102
117
109
113
112
120
127
130
123
96
108
109
124
106
106
112
96
108
125
111
114
123
104
106
132
96
116
110
105
118
107
116
110
104
101
115
112
110
102
103
110
119
108
105
112
113
109
104
91
108
123
126
137
113
97
108
112
122
112
104
111
124
115
106
119
114
120
117
106
118
113
121
127
108
110
109
109
102
100
121
111
93
91
106
123
98
104
113
122
97
97
125
113
128
111
109
99
120
110
113
124
110
102
110
106
120
92
108
109
91
109
100
101
125
128
108
118
92
124
98
104
96
111
108
111
123
124
116
123
113
123
122
115
113
109
108
104
108
110
100
118
111
115
129
114
113
121
101
115
115
136
115
111
119
113
117
104
99
139
97
109
116
125
105
112
100
103
122
86
117
110
113
109
125
113
111
112
114
101
101
109
104
108
110
117
116
110
101
111
117
120
110
106
115
97
93
94
112
102
106
102
116
100
127
78
123
104
115
122
110
86
82
108
95
116
106
120
93
97
83
97
110
101
83
112
89
100
112
117
102
94
94
112
89
116
102
111
105
97
126
109
106
98
89
97
79
115
101
107
101
96
102
114
125
90
111
100
96
106
97
92
107
108
87
93
73
103
115
101
97
87
102
87
104
107
94
112
93
107
114
110
112
87
100
86
88
91
84
91
95
113
83
106
82
96
83
93
90
95
91
93
99
105
96
106
92
87
76
79
95
87
94
89
98
112
97
88
71
96
106
89
100
91
87
82
95
112
108
97
104
95
90
97
96
92
91
79
86
99
78
98
100
88
80
100
81
99
107
88
95
84
83
79
97
89
94
100
105
108
110
84
96
80
86
85
101
88
90
94
93
71
82
82
66
76
70
82
86
87
108
73
90
89
97
95
68
95
94
71
84
83
91
98
83
77
101
95
88
81
84
76
99
84
96
94
93
89
86
104
67
100
102
104
98
83
88
102
99
95
92
89
87
105
91
94
85
96
101
105
95
82
96
98
80
88
87
82
88
85
97
94
110
79
86
101
83
91
89
85
94
71
79
93
96
86
80
116
90
95
91
97
82
85
83
94
89
90
99
98
101
98
91
93
101
79
99
99
80
99
105
98
62
89
96
112
89
93
97
98
90
103
89
81
93
99
70
83
109
107
93
96
86
100
109
92
76
103
84
103
89
102
96
97
89
96
80
82
78
99
109
97
106
97
84
94
103
83
98
100
91
120
85
102
120
83
94
95
103
78
110
93
97
101
86
77
99
96
98
97
81
101
97
98
93
103
103
107
101
86
88
87
101
90
93
100
85
114
106
96
105
89
96
102
88
110
103
104
92
108
96
113
90
96
112
125
97
111
97
91
107
101
77
106
101
110
119
104
107
111
108
90
105
97
98
95
107
87
94
102
87
99
101
102
116
97
109
100
80
87
104
88
113
108
105
94
84
100
86
106
112
99
93
110
111
116
103
110
105
96
97
111
101
108
103
101
91
111
120
85
116
92
101
112
106
89
103
114
98
99
111
98
117
108
100
102
114
98
121
94
115
101
111
122
114
106
104
113
110
102
109
99
109
119
127
108
93
112
107
93
130
99
110
117
103
110
121
105
110
109
117
107
101
112
118
126
117
113
103
98
91
109
110
100
103
126
122
99
120
104
104
101
106
105
134
101
101
102
126
117
125
113
95
109
114
126
130
113
107
111
111
115
117
111
121
102
109
121
119
102
100
106
126
121
133
108
110
108
105
115
111
122
106
101
125
97
134
121
120
118
105
114
126
116
112
110
101
104
118
118
103
96
111
113
112
109
106
107
112
99
98
113
99
103
116
103
104
127
103
125
112
99
117
124
110
107
109
108
100
112
116
108
109
105
36
0
0
0
0
0
0
0
0
0
0
0
0
0
0
0
0
0
0
0
0
0
0
0
0
0
0
0
0
0
0
0
0
0
0
0
0
0
0
0
0
0
0
0
0
0
0
0
0
0
0
0
0
0
0
0
0
0
0
0
0
0
0
0
0
0
0
0
0
0
0
0
0
0
0
0
0
0
0
0
0
0
0
0
0
0
0
0
0
0
0
0
0
0
0
0
0
0
0
0
0
0
0
0
0
0
0
0
0
0
0
0
0
0
0
0
0
0
0
0
0
0
0
0
0
0
0
0
0
0
0
0
0
0
0
0
0
0
0
0
0
0
0
0
0
0
0
0
0
0
0
0
0
0
0
0
0
0
0
0
0
0
0
0
0
0
0
0
0
0
0
0
0
0
0
0
0
0
0
0
0
0
0
0
0
0
0
0
0
0
0
0
0
0
0
0
0
0
0
0
0
0
0
0
0
0
0
0
0
0
0
0
0
0
0
0
0
0
0
0
0
0
0
0
0
0
0
0
0
0
0
0
0
0
0
0
0
0
0
0
0
0
0
0
0
0
0
0
0
0
0
0
0
0
0
0
0
0
0
0
0
0
0
0
0
0
0
0
0
0
0
0
0
0
0
0
0
0
0
0
0
0
0
0
0
0
0
0
0
0
0
0
0
0
0
0
0
0
0
0
0
0
0
0
0
0
0
0
0
0
0
0
0
0
0
0
0
0
0
0
0
0
0
0
0
0
0
0
0
0
0
0
0
0
0
0
0
0
0
0
0
0
0
0
0
0
0
0
0
0
0
0
0
0
0
0
0
0
0
0
0
0
0
0
0
0
0
0
0
0
0
0
0
0
0
0
0
0
0
0
0
0
0
0
0
0
0
0
0
0
0
0
0
0
0
0
0
0
0
0
0
0
0
0
0
0
0
0
0
0
0
0
0
0
0
0
0
0
0
0
0
0
0
0
0
0
0
0
0
0
0
0
0
0
0
0
0
0
0
0
0
0
0
0
0
0
0
0
0
0
0
0
0
0
0
0
0
0
0
0
0
0
0
0
0
0
0
0
0
0
0
0
0
0
0
0
0
0
0
0
0
0
0
0
0
0
0
0
0
0
0
0
0
0
0
0
0
0
0
0
0
0
0
0
0
0
0
0
0
0
0
0
0
0
0
0
0
0
0
0
0
0
0
0
0
0
0
0
0
0
0
0
0
0
0
0
0
0
0
0
0
0
0
0
0
0
0
0
0
0
0
0
0
0
0
0
0
0
0
0
0
0
0
0
0
0
0
0
0
0
0
0
0
0
0
0
0
0
0
0
0
0
0
0
0
0
0
0
0
0
0
0
0
0
0
0
0
0
0
0
0
0
0
0
0
0
0
0
0
0
0
0
0
0
0
0
0
0
0
0
0
0
0
0
0
0
0
0
0
0
