# Measurement time [s]: 99.352
# Dwell time [us]: 20
#
# detCounts monCounts f_SF1_Hz f_SF2_Hz
142528 2000000 91700 91700
97
160
155
171
155
167
146
185
162
161
142
131
167
160
184
157
155
149
149
155
148
164
182
156
150
169
160
161
179
180
160
188
170
157
147
158
161
177
155
150
165
149
162
161
153
164
177
168
169
176
170
158
163
150
156
158
177
164
167
175
138
145
167
151
133
153
149
153
171
163
156
164
140
166
158
170
149
155
165
162
142
128
152
144
155
143
145
150
153
154
150
155
139
168
146
158
153
147
172
151
136
148
132
122
125
137
139
139
143
145
133
139
136
138
146
157
147
141
140
149
144
135
151
150
145
139
145
156
135
156
137
157
150
146
137
144
147
150
146
134
109
148
149
117
128
143
147
147
128
138
157
139
145
149
127
119
124
157
158
142
142
139
126
133
121
136
119
121
146
129
131
141
117
148
134
124
149
126
115
137
137
153
138
138
157
136
129
142
123
126
127
127
117
126
125
137
149
140
130
129
150
129
134
127
122
142
138
136
114
120
120
121
138
138
136
124
109
117
107
130
128
122
132
128
124
136
121
137
127
124
111
98
130
135
143
134
126
114
129
145
147
145
135
128
133
137
133
137
139
137
122
137
114
144
118
122
121
129
162
133
142
124
130
121
145
144
123
122
132
146
138
151
141
130
150
141
133
131
123
127
128
140
138
117
132
142
149
134
124
158
117
140
121
146
132
132
126
120
145
141
147
137
120
148
138
124
150
140
128
119
130
140
124
129
134
126
148
124
140
142
116
124
136
141
150
147
137
129
125
153
142
125
135
132
137
146
147
132
162
158
138
162
159
133
150
142
138
129
133
124
138
143
160
128
132
148
140
151
165
139
143
157
127
171
165
163
151
147
156
152
127
142
146
136
142
155
142
150
145
137
136
148
164
155
150
155
146
142
174
158
154
150
187
164
138
140
168
146
149
132
156
167
152
140
160
139
172
113
167
143
166
151
174
159
174
141
149
148
176
146
149
156
151
162
155
147
176
147
148
130
166
147
163
150
170
160
142
181
150
157
155
155
159
172
169
142
169
147
149
141
168
150
157
151
163
177
147
167
170
162
156
170
170
154
162
179
159
155
147
172
155
168
162
161
167
148
160
157
146
155
186
171
154
164
147
152
150
152
156
155
151
180
152
163
162
167
166
164
172
175
167
161
143
146
164
138
146
161
149
176
169
139
171
159
160
177
156
168
171
164
179
138
176
158
177
158
164
163
176
163
173
166
157
121
166
134
153
148
143
166
157
143
174
154
151
145
149
145
137
145
148
153
176
155
161
158
170
167
177
182
162
150
167
138
179
147
133
160
151
151
137
160
144
147
142
133
153
131
142
143
149
139
143
153
162
152
144
153
144
161
144
154
158
155
138
151
144
132
155
134
146
156
144
142
156
138
156
146
128
153
144
125
133
150
132
132
155
125
163
153
148
153
138
133
156
134
140
131
155
135
147
138
139
129
144
147
157
120
133
136
130
106
130
160
149
150
147
123
141
141
135
118
146
134
124
144
132
134
128
112
140
118
122
153
145
113
135
124
117
122
142
139
119
112
136
119
133
128
121
132
140
148
135
113
140
120
125
127
114
152
131
130
124
149
128
127
143
138
124
153
153
142
147
138
133
127
141
134
115
144
142
105
137
135
146
107
138
103
134
125
124
135
122
130
123
128
126
124
120
107
110
134
143
130
139
134
128
142
122
121
136
141
137
137
128
136
134
137
122
142
135
123
134
128
136
136
122
154
147
122
126
143
133
121
146
130
120
146
126
145
110
142
139
140
130
154
140
116
142
135
143
127
139
120
128
136
123
147
133
154
116
130
160
133
134
123
128
140
124
151
157
137
142
149
149
125
136
142
138
149
123
149
145
134
146
124
128
134
143
134
162
138
149
133
150
171
136
157
122
151
134
148
137
157
153
137
151
125
153
146
118
148
140
151
135
147
147
153
133
132
156
154
132
147
138
144
156
142
144
155
125
146
144
144
183
139
147
143
143
131
139
162
153
157
159
159
178
154
174
151
134
136
137
175
153
154
151
152
133
155
149
153
158
156
158
153
153
169
156
160
139
181
154
153
152
172
166
162
161
183
172
159
155
159
146
158
151
158
166
161
129
134
172
147
151
163
159
166
142
158
162
150
142
125
163
168
176
164
155
162
136
140
173
165
134
140
162
171
165
168
162
166
181
161
165
163
146
154
143
163
168
144
141
181
161
172
166
141
167
151
155
159
167
162
146
151
149
139
169
167
126
9
0
0
0
0
0
0
0
0
0
0
0
0
0
0
0
0
0
0
0
0
0
0
0
0
0
0
0
0
0
0
0
0
0
0
0
0
0
0
0
0
0
0
0
0
0
0
0
0
0
0
0
0
0
0
0
0
0
0
0
0
0
0
0
0
0
0
0
0
0
0
0
0
0
0
0
0
0
0
0
0
0
0
0
0
0
0
0
0
0
0
0
0
0
0
0
0
0
0
0
0
0
0
0
0
0
0
0
0
0
0
0
0
0
0
0
0
0
0
0
0
0
0
0
0
0
0
0
0
0
0
0
0
0
0
0
0
0
0
0
0
0
0
0
0
0
0
0
0
0
0
0
0
0
0
0
0
0
0
0
0
0
0
0
0
0
0
0
0
0
0
0
0
0
0
0
0
0
0
0
0
0
0
0
0
0
0
0
0
0
0
0
0
0
0
0
0
0
0
0
0
0
0
0
0
0
0
0
0
0
0
0
0
0
0
0
0
0
0
0
0
0
0
0
0
0
0
0
0
0
0
0
0
0
0
0
0
0
0
0
0
0
0
0
0
0
0
0
0
0
0
0
0
0
0
0
0
0
0
0
0
0
0
0
0
0
0
0
0
0
0
0
0
0
0
0
0
0
0
0
0
0
0
0
0
0
0
0
0
0
0
0
0
0
0
0
0
0
0
0
0
0
0
0
0
0
0
0
0
0
0
0
0
0
0
0
0
0
0
0
0
0
0
0
0
0
0
0
0
0
0
0
0
0
0
0
0
0
0
0
0
0
0
0
0
0
0
0
0
0
0
0
0
0
0
0
0
0
0
0
0
0
0
0
0
0
0
0
0
0
0
0
0
0
0
0
0
0
0
0
0
0
0
0
0
0
0
0
0
0
0
0
0
0
0
0
0
0
0
0
0
0
0
0
0
0
0
0
0
0
0
0
0
0
0
0
0
0
0
0
0
0
0
0
0
0
0
0
0
0
0
0
0
0
0
0
0
0
0
0
0
0
0
0
0
0
0
0
0
0
0
0
0
0
0
0
0
0
0
0
0
0
0
0
0
0
0
0
0
0
0
0
0
0
0
0
0
0
0
0
0
0
0
0
0
0
0
0
0
0
0
0
0
0
0
0
0
0
0
0
0
0
0
0
0
0
0
0
0
0
0
0
0
0
0
0
0
0
0
0
0
0
0
0
0
0
0
0
0
0
0
0
0
0
0
0
0
0
0
0
0
0
0
0
0
0
0
0
0
0
0
0
0
0
0
0
0
0
0
0
0
0
0
0
0
0
0
0
0
0
0
0
0
0
0
0
0
0
0
0
0
0
0
0
0
0
0
0
0
0
0
0
0
0
0
0
0
0
0
0
0
0
0
0
0
0
0
0
0
0
0
0
0
0
0
0
0
0
0
0
0
0
0
0
0
0
0
0
0
0
0
0
0
0
0
0
0
0
0
0
0
0
0
0
0
0
0
0
0
0
0
0
0
0
0
0
0
0
0
0
0
0
0
0
0
0
0
0
0
0
0
0
0
0
0
0
0
0
0
0
0
0
0
0
0
0
0
0
0
0
0
0
0
0
0
0
0
0
0
0
0
0
0
0
0
0
0
0
0
0
0
0
0
0
0
0
0
0
0
0
0
0
0
0
0
0
0
0
0
0
0
0
0
0
0
0
0
0
0
0
0
0
0
0
0
0
0
0
0
0
0
0
0
0
0
0
0
0
0
0
0
0
0
0
0
0
0
0
0
0
0
0
0
0
0
0
0
0
0
0
0
0
0
0
0
0
0
0
0
0
0
0
0
0
0
0
0
0
0
0
0
0
0
0
0
0
0
0
0
0
0
0
0
0
0
0
0
0
0
0
0
0
0
0
0
0
0
0
0
0
0
0
0
0
0
0
0
0
0
0
0
0
0
0
0
0
0
0
0
0
0
0
0
0
0
0
0
0
0
0
0
0
0
0
0
0
0
0
0
0
0
0
0
0
0
0
0
0
0
0
0
0
0
0
0
0
0
0
0
0
0
0
0
0
0
0
0
0
0
0
0
0
0
0
0
0
0
0
0
0
0
0
0
0
0
0
0
0
0
0
0
0
0
0
0
0
0
0
0
0
0
0
0
0
0
0
0
0
0
0
0
0
0
0
0
0
0
0
0
0
0
0
0
0
0
0
0
0
0
0
0
0
0
0
0
0
0
0
0
0
0
0
0
0
0
0
0
0
0
0
0
0
0
0
0
0
0
0
0
0
0
0
0
0
0
0
0
0
0
0
0
0
0
0
0
0
0
0
0
0
0
0
0
0
0
0
0
0
0
