# Measurement time [s]: 99.349
# Dwell time [us]: 20
#
# detCounts monCounts f_SF1_Hz f_SF2_Hz
147208 2000000 91700 91700
62
136
140
120
138
113
137
145
110
129
143
129
123
138
134
125
120
116
140
121
136
137
140
135
125
127
115
124
120
106
126
137
102
113
121
129
103
131
123
131
130
111
112
122
140
145
137
120
126
120
109
120
130
148
120
132
115
132
90
108
115
133
113
127
118
106
120
124
112
124
148
131
137
115
114
116
105
117
141
108
122
124
116
122
142
134
119
99
119
127
106
119
106
108
115
139
120
115
121
132
108
119
129
130
116
108
112
124
114
94
106
98
123
128
147
113
97
110
101
103
118
107
133
109
107
130
115
119
116
124
106
97
98
126
107
116
113
100
133
113
120
100
101
120
123
128
121
121
105
119
102
115
101
139
117
121
117
109
101
107
136
128
126
111
116
104
100
98
118
121
112
86
105
111
111
99
124
97
124
107
98
108
120
104
110
108
117
94
102
104
110
106
105
124
107
99
106
111
95
93
100
130
97
108
99
102
125
113
98
114
102
103
113
94
114
109
97
111
108
104
123
107
84
86
116
101
85
111
113
102
101
101
89
109
105
108
118
99
91
116
101
101
99
106
99
100
111
108
110
97
105
97
101
100
118
107
116
101
108
115
102
113
109
109
84
121
103
111
100
115
94
97
99
103
111
98
131
105
111
112
110
98
116
104
106
106
116
94
108
88
96
103
106
120
103
99
96
105
114
103
100
99
103
92
113
115
105
101
103
103
113
110
110
123
98
96
107
105
102
100
97
106
100
102
111
97
105
124
94
98
100
113
125
99
105
119
112
116
127
135
111
104
88
112
99
97
123
115
132
117
106
116
117
114
109
94
116
113
106
106
114
106
103
125
137
113
93
120
108
102
97
117
100
132
125
117
117
102
106
100
108
125
91
134
105
123
108
108
99
117
130
120
113
110
102
101
100
102
127
128
116
113
110
114
125
123
124
117
117
102
100
102
117
115
118
101
129
122
89
110
124
100
110
118
136
121
138
93
114
114
111
121
126
113
99
105
105
95
106
122
110
114
118
122
140
117
114
113
111
136
115
120
117
118
103
124
123
115
121
113
124
132
123
131
122
103
124
118
101
128
118
120
143
137
93
113
112
112
128
118
115
105
119
121
117
121
101
149
128
115
137
134
104
114
125
140
115
122
143
119
112
130
109
123
132
118
133
137
143
136
132
123
119
141
129
110
133
123
107
127
134
118
109
111
139
135
123
116
110
149
134
144
128
115
139
128
125
126
134
146
127
119
125
142
128
132
117
139
106
121
101
137
118
125
126
124
130
140
118
141
137
161
113
109
131
122
129
131
122
124
152
151
116
127
117
133
115
111
139
133
127
143
125
124
116
118
111
118
124
123
130
118
131
130
120
125
120
134
118
109
116
144
151
120
130
124
148
134
136
135
135
120
144
115
149
118
126
132
145
130
116
142
130
127
123
133
123
119
132
115
145
107
127
99
130
123
139
125
130
124
119
117
121
139
135
135
127
129
122
129
138
139
121
130
124
108
119
123
129
137
120
123
126
137
115
140
142
129
131
130
127
137
136
112
132
117
135
136
139
124
133
124
136
138
104
116
125
118
117
106
109
129
116
128
127
120
118
114
105
103
108
116
121
120
107
146
111
113
99
124
129
128
137
115
122
116
108
126
131
106
119
115
123
129
116
110
124
106
119
126
120
115
115
106
119
105
100
116
129
112
111
100
125
123
109
104
124
128
107
116
115
109
127
117
130
122
125
108
111
104
101
134
110
120
123
117
116
134
125
132
120
108
122
118
93
107
125
120
105
116
120
114
121
100
121
108
117
127
110
104
111
109
112
115
105
115
98
107
99
111
103
104
109
127
95
117
122
103
123
108
100
94
127
114
101
115
117
114
97
107
113
103
109
97
102
105
111
107
127
86
102
111
106
116
115
98
112
109
111
113
113
113
112
94
101
111
103
107
120
103
109
116
108
104
96
124
91
107
113
96
108
110
102
113
103
103
96
114
111
110
94
92
105
122
99
107
117
112
117
106
113
107
96
89
107
94
101
81
111
103
107
100
105
105
116
109
98
104
102
102
89
104
104
106
113
96
112
104
84
110
106
99
99
112
104
94
115
114
111
121
100
103
104
102
100
106
106
79
97
107
104
102
92
92
98
94
99
90
80
107
84
82
112
102
99
111
109
91
117
133
123
94
107
103
112
118
122
100
94
95
121
102
96
94
83
101
110
106
122
109
95
100
105
105
105
106
92
107
102
106
102
117
114
112
96
88
120
95
120
98
114
111
85
130
107
115
105
94
89
94
105
112
109
120
129
90
115
92
102
118
92
108
111
118
106
100
119
131
117
111
100
122
105
102
100
105
112
100
124
111
107
110
119
119
142
115
107
107
107
132
111
106
128
104
112
114
121
101
128
104
107
117
122
110
115
128
111
111
139
103
126
128
112
117
112
119
116
120
134
113
115
111
102
112
118
126
110
109
118
129
122
110
114
130
120
122
111
104
126
118
122
98
117
144
117
119
116
131
125
108
134
123
113
107
119
114
108
129
118
113
110
136
130
115
129
117
130
124
132
112
128
125
126
120
116
112
139
125
131
114
134
108
127
110
132
106
118
136
137
122
133
146
103
153
140
129
123
133
140
131
125
111
134
115
118
136
129
128
123
123
144
113
137
109
140
131
124
119
132
131
120
141
125
125
147
140
128
125
123
124
126
136
117
126
141
147
127
117
114
137
134
152
127
122
108
137
133
137
134
126
127
113
128
136
120
133
126
125
138
126
145
135
109
135
138
150
130
155
136
128
127
110
111
128
128
137
127
127
112
144
125
118
148
135
111
128
123
116
129
125
128
110
156
130
147
116
117
117
111
115
132
144
129
115
122
134
125
135
114
117
133
122
134
118
132
120
43
0
0
0
0
0
0
0
0
0
0
0
0
0
0
0
0
0
0
0
0
0
0
0
0
0
0
0
0
0
0
0
0
0
0
0
0
0
0
0
0
0
0
0
0
0
0
0
0
0
0
0
0
0
0
0
0
0
0
0
0
0
0
0
0
0
0
0
0
0
0
0
0
0
0
0
0
0
0
0
0
0
0
0
0
0
0
0
0
0
0
0
0
0
0
0
0
0
0
0
0
0
0
0
0
0
0
0
0
0
0
0
0
0
0
0
0
0
0
0
0
0
0
0
0
0
0
0
0
0
0
0
0
0
0
0
0
0
0
0
0
0
0
0
0
0
0
0
0
0
0
0
0
0
0
0
0
0
0
0
0
0
0
0
0
0
0
0
0
0
0
0
0
0
0
0
0
0
0
0
0
0
0
0
0
0
0
0
0
0
0
0
0
0
0
0
0
0
0
0
0
0
0
0
0
0
0
0
0
0
0
0
0
0
0
0
0
0
0
0
0
0
0
0
0
0
0
0
0
0
0
0
0
0
0
0
0
0
0
0
0
0
0
0
0
0
0
0
0
0
0
0
0
0
0
0
0
0
0
0
0
0
0
0
0
0
0
0
0
0
0
0
0
0
0
0
0
0
0
0
0
0
0
0
0
0
0
0
0
0
0
0
0
0
0
0
0
0
0
0
0
0
0
0
0
0
0
0
0
0
0
0
0
0
0
0
0
0
0
0
0
0
0
0
0
0
0
0
0
0
0
0
0
0
0
0
0
0
0
0
0
0
0
0
0
0
0
0
0
0
0
0
0
0
0
0
0
0
0
0
0
0
0
0
0
0
0
0
0
0
0
0
0
0
0
0
0
0
0
0
0
0
0
0
0
0
0
0
0
0
0
0
0
0
0
0
0
0
0
0
0
0
0
0
0
0
0
0
0
0
0
0
0
0
0
0
0
0
0
0
0
0
0
0
0
0
0
0
0
0
0
0
0
0
0
0
0
0
0
0
0
0
0
0
0
0
0
0
0
0
0
0
0
0
0
0
0
0
0
0
0
0
0
0
0
0
0
0
0
0
0
0
0
0
0
0
0
0
0
0
0
0
0
0
0
0
0
0
0
0
0
0
0
0
0
0
0
0
0
0
0
0
0
0
0
0
0
0
0
0
0
0
0
0
0
0
0
0
0
0
0
0
0
0
0
0
0
0
0
0
0
0
0
0
0
0
0
0
0
0
0
0
0
0
0
0
0
0
0
0
0
0
0
0
0
0
0
0
0
0
0
0
0
0
0
0
0
0
0
0
0
0
0
0
0
0
0
0
0
0
0
0
0
0
0
0
0
0
0
0
0
0
0
0
0
0
0
0
0
0
0
0
0
0
0
0
0
0
0
0
0
0
0
0
0
0
0
0
0
0
0
0
0
0
0
0
0
0
0
0
0
0
0
0
0
0
0
0
0
0
0
0
0
0
0
0
0
0
0
0
0
0
0
0
0
0
0
0
0
0
0
0
0
0
0
0
0
0
0
0
0
0
0
0
0
0
0
0
0
0
0
0
0
0
0
0
0
0
0
0
0
0
0
0
0
0
0
0
0
0
0
0
0
0
0
0
0
0
0
0
0
0
0
0
0
0
0
0
0
0
0
0
0
0
0
0
0
0
0
0
0
0
0
0
