# Measurement time [s]: 99.351
# Dwell time [us]: 20
#
# detCounts monCounts f_SF1_Hz f_SF2_Hz
148679 2000000 91700 91700
109
192
218
222
205
180
214
191
191
193
194
205
190
191
157
208
203
199
189
185
193
180
191
201
197
217
178
174
217
213
183
207
211
198
206
193
199
208
196
185
168
194
193
181
180
210
193
223
198
208
193
196
201
204
176
199
197
193
170
191
208
203
196
215
197
183
186
170
190
195
169
221
186
205
203
196
206
187
179
161
157
194
203
193
190
181
174
164
191
193
154
186
179
172
175
179
167
202
180
191
174
185
175
196
172
189
198
168
188
178
187
186
164
196
194
193
173
184
173
174
169
174
172
177
188
180
177
179
190
170
150
165
171
171
175
151
193
168
170
197
183
178
177
156
165
177
163
169
170
173
171
191
178
156
167
154
160
162
174
159
181
155
189
137
150
174
184
165
191
161
165
174
182
152
148
168
154
154
148
162
172
149
176
153
159
150
189
154
149
162
156
165
150
146
152
143
150
167
182
157
159
170
179
151
166
167
156
147
137
153
156
161
170
155
170
164
151
159
155
151
142
156
166
161
180
201
157
178
136
155
143
151
146
154
164
146
173
160
166
162
130
159
169
159
193
154
153
153
154
171
157
176
130
179
182
179
172
157
159
169
161
171
158
175
154
181
156
175
168
138
168
174
192
164
151
166
172
170
154
158
183
165
158
177
155
195
166
152
190
178
170
173
161
179
156
200
182
178
181
164
175
173
173
160
170
191
165
161
161
176
161
185
182
175
188
152
165
172
185
193
187
182
183
189
183
154
181
199
200
189
188
177
177
160
167
200
170
188
184
175
166
178
183
173
161
191
187
161
182
197
193
176
188
182
195
178
206
194
189
178
206
198
197
195
191
186
176
190
195
223
198
187
180
199
205
196
187
193
212
200
192
176
207
184
194
164
194
187
223
188
177
196
176
195
219
205
223
209
182
213
214
188
168
189
219
234
210
196
192
203
194
203
193
182
187
192
212
220
166
200
195
193
165
191
188
221
192
190
187
201
202
222
194
186
185
186
183
206
201
192
187
196
190
182
204
197
200
182
172
216
200
195
177
213
199
195
197
185
177
165
193
191
198
200
186
208
206
219
194
188
194
199
200
209
175
211
168
198
180
193
188
195
190
205
182
206
208
181
185
190
153
198
171
167
177
184
170
225
187
175
196
207
190
173
184
167
190
214
175
200
201
169
201
189
173
189
181
159
182
193
170
183
191
176
176
186
157
176
177
175
156
171
178
160
179
169
184
162
177
169
170
172
196
172
152
182
159
181
164
166
165
191
175
167
182
172
162
163
173
183
149
180
172
169
161
161
167
171
203
150
145
167
174
141
164
153
172
173
138
163
159
175
180
173
186
170
149
165
171
162
178
172
191
170
170
142
157
154
128
165
163
170
177
185
160
158
167
164
163
171
164
153
158
169
154
167
177
184
157
146
154
159
153
167
165
165
157
157
150
185
159
147
153
170
155
147
162
142
177
150
171
167
175
143
148
160
185
130
153
130
157
183
157
151
171
144
156
157
179
154
174
166
178
161
175
154
166
143
191
174
151
171
162
168
121
147
171
132
164
179
170
155
162
173
160
156
159
180
170
169
169
187
168
179
161
147
163
145
196
167
164
163
142
177
166
160
164
181
193
142
170
178
160
162
183
180
170
186
171
144
172
159
183
174
176
163
156
179
194
176
166
174
175
176
187
179
184
180
186
187
187
199
178
170
181
197
185
207
171
185
179
171
174
199
190
184
176
215
171
177
186
202
197
199
184
188
181
192
171
207
199
208
191
184
202
198
179
178
204
192
176
172
201
173
191
191
185
194
185
201
191
183
202
162
192
178
180
204
173
192
186
225
201
206
187
167
205
171
221
206
216
225
195
174
200
208
164
198
188
185
199
185
199
189
205
203
194
187
195
189
181
219
191
168
12
0
0
0
0
0
0
0
0
0
0
0
0
0
0
0
0
0
0
0
0
0
0
0
0
0
0
0
0
0
0
0
0
0
0
0
0
0
0
0
0
0
0
0
0
0
0
0
0
0
0
0
0
0
0
0
0
0
0
0
0
0
0
0
0
0
0
0
0
0
0
0
0
0
0
0
0
0
0
0
0
0
0
0
0
0
0
0
0
0
0
0
0
0
0
0
0
0
0
0
0
0
0
0
0
0
0
0
0
0
0
0
0
0
0
0
0
0
0
0
0
0
0
0
0
0
0
0
0
0
0
0
0
0
0
0
0
0
0
0
0
0
0
0
0
0
0
0
0
0
0
0
0
0
0
0
0
0
0
0
0
0
0
0
0
0
0
0
0
0
0
0
0
0
0
0
0
0
0
0
0
0
0
0
0
0
0
0
0
0
0
0
0
0
0
0
0
0
0
0
0
0
0
0
0
0
0
0
0
0
0
0
0
0
0
0
0
0
0
0
0
0
0
0
0
0
0
0
0
0
0
0
0
0
0
0
0
0
0
0
0
0
0
0
0
0
0
0
0
0
0
0
0
0
0
0
0
0
0
0
0
0
0
0
0
0
0
0
0
0
0
0
0
0
0
0
0
0
0
0
0
0
0
0
0
0
0
0
0
0
0
0
0
0
0
0
0
0
0
0
0
0
0
0
0
0
0
0
0
0
0
0
0
0
0
0
0
0
0
0
0
0
0
0
0
0
0
0
0
0
0
0
0
0
0
0
0
0
0
0
0
0
0
0
0
0
0
0
0
0
0
0
0
0
0
0
0
0
0
0
0
0
0
0
0
0
0
0
0
0
0
0
0
0
0
0
0
0
0
0
0
0
0
0
0
0
0
0
0
0
0
0
0
0
0
0
0
0
0
0
0
0
0
0
0
0
0
0
0
0
0
0
0
0
0
0
0
0
0
0
0
0
0
0
0
0
0
0
0
0
0
0
0
0
0
0
0
0
0
0
0
0
0
0
0
0
0
0
0
0
0
0
0
0
0
0
0
0
0
0
0
0
0
0
0
0
0
0
0
0
0
0
0
0
0
0
0
0
0
0
0
0
0
0
0
0
0
0
0
0
0
0
0
0
0
0
0
0
0
0
0
0
0
0
0
0
0
0
0
0
0
0
0
0
0
0
0
0
0
0
0
0
0
0
0
0
0
0
0
0
0
0
0
0
0
0
0
0
0
0
0
0
0
0
0
0
0
0
0
0
0
0
0
0
0
0
0
0
0
0
0
0
0
0
0
0
0
0
0
0
0
0
0
0
0
0
0
0
0
0
0
0
0
0
0
0
0
0
0
0
0
0
0
0
0
0
0
0
0
0
0
0
0
0
0
0
0
0
0
0
0
0
0
0
0
0
0
0
0
0
0
0
0
0
0
0
0
0
0
0
0
0
0
0
0
0
0
0
0
0
0
0
0
0
0
0
0
0
0
0
0
0
0
0
0
0
0
0
0
0
0
0
0
0
0
0
0
0
0
0
0
0
0
0
0
0
0
0
0
0
0
0
0
0
0
0
0
0
0
0
0
0
0
0
0
0
0
0
0
0
0
0
0
0
0
0
0
0
0
0
0
0
0
0
0
0
0
0
0
0
0
0
0
0
0
0
0
0
0
0
0
0
0
0
0
0
0
0
0
0
0
0
0
0
0
0
0
0
0
0
0
0
0
0
0
0
0
0
0
0
0
0
0
0
0
0
0
0
0
0
0
0
0
0
0
0
0
0
0
0
0
0
0
0
0
0
0
0
0
0
0
0
0
0
0
0
0
0
0
0
0
0
0
0
0
0
0
0
0
0
0
0
0
0
0
0
0
0
0
0
0
0
0
0
0
0
0
0
0
0
0
0
0
0
0
0
0
0
0
0
0
0
0
0
0
0
0
0
0
0
0
0
0
0
0
0
0
0
0
0
0
0
0
0
0
0
0
0
0
0
0
0
0
0
0
0
0
0
0
0
0
0
0
0
0
0
0
0
0
0
0
0
0
0
0
0
0
0
0
0
0
0
0
0
0
0
0
0
0
0
0
0
0
0
0
0
0
0
0
0
0
0
0
0
0
0
0
0
0
0
0
0
0
0
0
0
0
0
0
0
0
0
0
0
0
0
0
0
0
0
0
0
0
0
0
0
0
0
0
0
0
0
0
0
0
0
0
0
0
0
0
0
0
0
0
0
0
0
0
0
0
0
0
0
0
0
0
0
0
0
0
0
0
0
0
0
0
0
0
0
0
0
0
0
0
0
0
0
0
0
0
0
0
0
0
0
0
0
0
0
0
0
0
0
0
0
0
0
0
0
0
0
0
0
0
0
0
0
0
0
0
0
0
0
0
0
0
0
0
0
0
0
0
0
0
0
0
0
0
0
0
0
0
0
0
0
0
0
0
0
0
0
0
0
0
0
0
0
0
0
0
0
0
0
0
0
0
0
0
0
0
0
0
0
0
0
0
0
0
0
0
0
0
0
0
0
0
0
0
0
0
0
0
0
0
0
0
0
0
0
0
0
0
0
0
0
0
0
0
0
0
0
0
0
0
0
0
0
0
0
0
0
0
0
0
0
0
0
0
0
0
0
0
0
0
0
0
0
0
0
0
0
0
0
0
0
