# Measurement time [s]: 109.386
# Dwell time [us]: 20
#
# detCounts monCounts f_SF1_Hz f_SF2_Hz
147606 2000000 91700 91700
93
166
156
160
174
172
174
166
186
158
142
155
158
164
158
148
164
148
173
164
150
153
166
167
143
182
146
139
171
167
158
160
145
154
173
159
166
159
165
150
138
159
156
146
141
159
151
134
164
142
168
166
152
183
152
156
157
156
139
155
177
162
171
160
162
150
153
159
155
143
141
154
140
169
155
159
144
151
163
150
159
152
145
139
142
155
119
166
159
138
149
139
154
149
176
139
161
141
153
119
160
158
148
153
156
178
139
138
156
172
158
146
158
142
159
121
129
119
136
143
135
135
158
145
152
166
132
140
131
144
137
147
148
134
122
153
153
127
142
133
144
116
131
126
143
150
136
146
132
121
143
147
135
123
152
141
132
152
142
128
135
146
144
136
115
128
151
139
135
148
139
135
111
128
129
140
140
131
128
138
143
138
145
133
145
139
136
146
118
128
150
122
140
129
133
137
114
136
141
117
124
143
127
121
128
140
123
110
126
127
125
124
130
124
126
132
128
133
123
105
123
150
120
137
128
139
121
134
111
120
119
133
148
147
123
137
125
122
106
131
149
147
133
133
119
109
129
156
125
141
135
131
111
111
122
124
133
117
113
116
130
147
141
140
136
119
126
123
121
126
141
140
126
142
123
113
109
136
142
134
132
140
119
115
149
135
125
140
123
124
129
144
118
118
143
133
115
128
157
122
146
141
158
131
161
131
138
115
128
133
135
138
112
114
142
148
169
128
131
135
144
125
134
121
139
150
133
127
147
149
139
152
158
158
122
139
127
111
153
135
135
143
142
153
125
148
130
138
137
125
138
149
125
127
144
144
139
157
148
156
126
138
127
135
146
140
123
122
136
153
120
155
138
126
131
140
148
132
139
143
125
151
168
152
132
144
132
151
165
158
149
138
158
148
161
166
129
168
163
135
155
128
117
136
168
142
132
143
152
166
137
146
149
155
154
158
166
152
159
164
158
142
162
173
150
148
157
149
185
178
135
165
168
132
128
155
152
146
163
144
171
154
145
158
149
141
154
145
145
132
149
159
161
152
162
164
182
134
160
147
159
156
157
176
143
173
161
152
164
211
145
170
179
144
149
162
166
168
166
173
171
144
166
175
152
163
140
150
197
153
182
169
171
169
162
174
168
162
166
153
152
151
172
180
159
168
175
174
149
158
177
170
142
167
148
152
129
138
171
148
171
172
160
151
168
150
161
168
165
190
170
154
166
171
173
141
163
167
161
177
155
186
167
173
155
160
184
159
160
171
153
169
159
168
171
136
156
154
158
165
156
151
159
164
150
139
166
174
148
136
165
136
159
158
159
142
169
155
178
154
150
147
131
151
142
148
144
126
149
144
165
160
160
139
181
140
159
150
153
158
142
163
185
140
157
156
154
138
163
148
156
129
132
167
126
135
150
145
129
155
146
155
138
143
150
148
137
164
147
152
166
144
142
139
133
137
134
137
136
132
127
127
130
123
124
159
129
141
151
140
148
130
133
137
142
121
165
151
144
141
141
137
140
128
132
133
132
130
138
126
149
124
131
133
138
139
161
130
115
135
121
129
145
110
139
134
123
151
144
110
142
129
135
126
138
129
124
150
139
123
129
141
117
145
140
139
133
147
134
124
129
115
120
131
118
134
123
139
126
125
132
128
138
149
148
112
130
142
134
125
126
142
156
154
129
133
120
127
124
135
109
139
115
134
135
113
121
119
118
110
129
131
139
128
127
145
119
135
130
141
120
129
115
131
122
132
120
134
123
133
118
132
136
132
142
138
132
142
134
118
117
139
136
121
132
118
155
119
104
145
129
121
105
114
141
137
132
108
109
147
137
123
135
138
154
115
133
132
132
124
130
145
143
120
132
144
136
133
111
148
104
129
116
132
121
124
138
142
157
138
114
125
109
132
123
159
131
153
140
118
148
130
140
136
128
135
141
138
132
138
134
127
140
140
141
158
135
128
123
140
155
156
140
176
152
132
160
137
118
133
149
141
136
122
144
136
150
152
166
163
154
142
149
153
143
130
138
133
161
147
137
160
152
123
160
141
157
157
140
159
133
149
173
153
156
147
145
163
129
141
132
168
141
164
130
166
154
162
148
138
130
152
147
141
150
145
153
161
143
166
172
181
155
152
153
143
153
165
165
136
157
156
179
150
158
160
134
148
141
153
161
154
153
193
155
151
167
148
153
153
164
187
154
169
168
149
159
178
158
174
160
137
163
169
147
184
161
169
135
140
161
174
130
149
180
160
167
143
159
143
178
152
158
155
182
134
163
165
143
163
155
163
152
168
184
153
170
156
168
169
188
175
177
168
176
166
159
165
156
154
112
10
0
0
0
0
0
0
0
0
0
0
0
0
0
0
0
0
0
0
0
0
0
0
0
0
0
0
0
0
0
0
0
0
0
0
0
0
0
0
0
0
0
0
0
0
0
0
0
0
0
0
0
0
0
0
0
0
0
0
0
0
0
0
0
0
0
0
0
0
0
0
0
0
0
0
0
0
0
0
0
0
0
0
0
0
0
0
0
0
0
0
0
0
0
0
0
0
0
0
0
0
0
0
0
0
0
0
0
0
0
0
0
0
0
0
0
0
0
0
0
0
0
0
0
0
0
0
0
0
0
0
0
0
0
0
0
0
0
0
0
0
0
0
0
0
0
0
0
0
0
0
0
0
0
0
0
0
0
0
0
0
0
0
0
0
0
0
0
0
0
0
0
0
0
0
0
0
0
0
0
0
0
0
0
0
0
0
0
0
0
0
0
0
0
0
0
0
0
0
0
0
0
0
0
0
0
0
0
0
0
0
0
0
0
0
0
0
0
0
0
0
0
0
0
0
0
0
0
0
0
0
0
0
0
0
0
0
0
0
0
0
0
0
0
0
0
0
0
0
0
0
0
0
0
0
0
0
0
0
0
0
0
0
0
0
0
0
0
0
0
0
0
0
0
0
0
0
0
0
0
0
0
0
0
0
0
0
0
0
0
0
0
0
0
0
0
0
0
0
0
0
0
0
0
0
0
0
0
0
0
0
0
0
0
0
0
0
0
0
0
0
0
0
0
0
0
0
0
0
0
0
0
0
0
0
0
0
0
0
0
0
0
0
0
0
0
0
0
0
0
0
0
0
0
0
0
0
0
0
0
0
0
0
0
0
0
0
0
0
0
0
0
0
0
0
0
0
0
0
0
0
0
0
0
0
0
0
0
0
0
0
0
0
0
0
0
0
0
0
0
0
0
0
0
0
0
0
0
0
0
0
0
0
0
0
0
0
0
0
0
0
0
0
0
0
0
0
0
0
0
0
0
0
0
0
0
0
0
0
0
0
0
0
0
0
0
0
0
0
0
0
0
0
0
0
0
0
0
0
0
0
0
0
0
0
0
0
0
0
0
0
0
0
0
0
0
0
0
0
0
0
0
0
0
0
0
0
0
0
0
0
0
0
0
0
0
0
0
0
0
0
0
0
0
0
0
0
0
0
0
0
0
0
0
0
0
0
0
0
0
0
0
0
0
0
0
0
0
0
0
0
0
0
0
0
0
0
0
0
0
0
0
0
0
0
0
0
0
0
0
0
0
0
0
0
0
0
0
0
0
0
0
0
0
0
0
0
0
0
0
0
0
0
0
0
0
0
0
0
0
0
0
0
0
0
0
0
0
0
0
0
0
0
0
0
0
0
0
0
0
0
0
0
0
0
0
0
0
0
0
0
0
0
0
0
0
0
0
0
0
0
0
0
0
0
0
0
0
0
0
0
0
0
0
0
0
0
0
0
0
0
0
0
0
0
0
0
0
0
0
0
0
0
0
0
0
0
0
0
0
0
0
0
0
0
0
0
0
0
0
0
0
0
0
0
0
0
0
0
0
0
0
0
0
0
0
0
0
0
0
0
0
0
0
0
0
0
0
0
0
0
0
0
0
0
0
0
0
0
0
0
0
0
0
0
0
0
0
0
0
0
0
0
0
0
0
0
0
0
0
0
0
0
0
0
0
0
0
0
0
0
0
0
0
0
0
0
0
0
0
0
0
0
0
0
0
0
0
0
0
0
0
0
0
0
0
0
0
0
0
0
0
0
0
0
0
0
0
0
0
0
0
0
0
0
0
0
0
0
0
0
0
0
0
0
0
0
0
0
0
0
0
0
0
0
0
0
0
0
0
0
0
0
0
0
0
0
0
0
0
0
0
0
0
0
0
0
0
0
0
0
0
0
0
0
0
0
0
0
0
0
0
0
0
0
0
0
0
0
0
0
0
0
0
0
0
0
0
0
0
0
0
0
0
0
0
0
0
0
0
0
0
0
0
0
0
0
0
0
0
0
0
0
0
0
0
0
0
0
0
0
0
0
0
0
0
0
0
0
0
0
0
0
0
0
0
0
0
0
0
0
0
0
0
0
0
0
0
0
0
0
0
0
0
0
0
0
0
0
0
0
0
0
0
0
0
0
0
0
0
0
0
0
0
0
0
0
0
0
0
0
0
0
0
0
0
0
0
0
0
0
0
0
0
0
0
0
0
0
0
0
0
0
0
0
0
0
0
0
