# Measurement time [s]: 99.348
# Dwell time [us]: 20
#
# detCounts monCounts f_SF1_Hz f_SF2_Hz
138202 2000000 91700 91700
90
172
175
167
196
172
179
165
166
161
174
163
160
167
164
183
159
171
162
164
182
201
152
181
170
151
158
162
172
157
167
148
180
153
168
165
175
180
165
179
144
175
174
168
182
181
175
174
139
154
175
184
136
145
173
161
141
175
166
172
169
144
146
191
161
165
173
172
164
172
178
152
173
167
190
169
150
148
170
150
164
166
182
136
154
172
163
175
155
161
160
139
154
146
163
155
170
145
139
162
142
167
179
173
162
156
135
147
148
143
144
148
156
163
147
168
138
155
141
149
153
153
161
141
147
165
147
166
137
138
165
141
152
125
149
139
138
154
133
141
129
141
143
148
153
154
129
146
148
131
130
150
150
145
149
153
114
141
147
138
136
147
114
133
143
152
130
141
133
143
149
138
131
157
137
135
121
162
144
138
130
147
149
120
132
143
117
134
138
142
150
132
130
125
128
154
134
147
119
141
137
143
141
133
145
147
130
147
141
154
148
126
144
151
122
134
140
119
133
138
161
120
131
137
145
138
134
128
142
123
145
141
132
138
141
147
131
139
112
114
146
132
143
129
135
134
132
137
132
132
145
144
187
141
149
149
123
152
119
152
130
142
130
117
115
151
145
130
144
102
143
151
129
157
127
127
143
139
128
158
148
147
138
148
137
155
141
138
135
141
135
135
145
141
162
141
119
128
143
167
161
138
150
134
171
144
135
143
164
145
143
152
157
156
136
135
155
147
166
155
161
134
145
156
146
133
152
147
167
150
150
184
152
158
144
151
150
153
155
167
151
167
151
154
146
147
160
139
151
152
152
165
158
153
144
142
156
152
173
160
152
143
159
153
185
161
164
151
176
177
187
148
141
165
161
178
159
158
143
167
175
160
150
176
185
162
161
146
150
166
181
161
148
172
182
174
182
167
169
176
181
178
168
161
168
152
166
184
170
154
156
179
180
161
161
148
154
160
142
182
174
191
190
173
179
171
159
179
137
179
189
155
161
175
150
170
181
179
162
158
178
196
172
176
169
179
156
173
185
154
190
174
187
166
165
142
153
155
164
186
176
172
155
166
167
132
181
170
156
189
154
176
137
180
164
178
179
155
159
186
160
196
178
156
162
157
156
168
176
173
171
170
182
157
160
163
162
171
155
172
163
163
155
153
158
183
161
177
145
188
142
173
176
150
182
173
162
166
171
174
165
159
163
182
174
147
192
161
165
196
153
139
146
140
157
161
134
176
159
154
159
173
156
167
170
176
160
152
171
174
152
155
178
135
166
164
135
166
162
144
159
133
156
156
151
166
145
150
150
153
146
152
134
143
151
151
141
157
164
134
143
144
141
173
151
122
167
166
161
164
167
158
147
147
140
135
136
158
140
167
137
144
129
160
144
143
167
143
140
144
125
152
126
128
148
136
122
151
127
147
143
170
143
135
147
156
128
149
151
137
127
135
136
152
137
144
150
146
137
117
122
125
139
127
144
122
133
149
128
110
141
129
161
145
146
161
144
123
129
136
153
138
144
108
146
147
140
131
136
136
122
133
120
147
125
145
138
127
133
134
133
150
137
123
137
154
123
157
134
136
145
165
140
129
137
121
134
150
131
121
131
137
144
142
126
142
137
129
116
133
139
139
144
130
138
159
140
139
148
126
162
131
130
137
146
139
155
161
132
145
147
149
168
148
134
133
109
138
146
156
140
154
134
142
125
141
166
156
147
137
139
156
143
149
138
130
153
147
160
140
135
151
128
153
157
152
132
152
152
149
133
174
147
116
180
142
141
147
171
148
156
134
167
153
170
135
147
145
138
171
153
152
183
150
167
164
156
178
150
142
133
162
173
149
183
160
178
166
160
172
164
157
162
154
149
168
144
173
166
140
140
155
156
150
147
174
149
165
162
173
153
152
176
168
190
155
155
151
160
175
192
184
184
152
158
176
161
162
181
162
190
164
165
183
152
181
170
164
171
166
196
196
178
165
145
165
166
182
161
170
146
164
176
164
191
202
171
166
176
172
193
172
200
172
159
165
170
144
178
160
162
164
178
183
162
153
173
177
196
156
153
59
0
0
0
0
0
0
0
0
0
0
0
0
0
0
0
0
0
0
0
0
0
0
0
0
0
0
0
0
0
0
0
0
0
0
0
0
0
0
0
0
0
0
0
0
0
0
0
0
0
0
0
0
0
0
0
0
0
0
0
0
0
0
0
0
0
0
0
0
0
0
0
0
0
0
0
0
0
0
0
0
0
0
0
0
0
0
0
0
0
0
0
0
0
0
0
0
0
0
0
0
0
0
0
0
0
0
0
0
0
0
0
0
0
0
0
0
0
0
0
0
0
0
0
0
0
0
0
0
0
0
0
0
0
0
0
0
0
0
0
0
0
0
0
0
0
0
0
0
0
0
0
0
0
0
0
0
0
0
0
0
0
0
0
0
0
0
0
0
0
0
0
0
0
0
0
0
0
0
0
0
0
0
0
0
0
0
0
0
0
0
0
0
0
0
0
0
0
0
0
0
0
0
0
0
0
0
0
0
0
0
0
0
0
0
0
0
0
0
0
0
0
0
0
0
0
0
0
0
0
0
0
0
0
0
0
0
0
0
0
0
0
0
0
0
0
0
0
0
0
0
0
0
0
0
0
0
0
0
0
0
0
0
0
0
0
0
0
0
0
0
0
0
0
0
0
0
0
0
0
0
0
0
0
0
0
0
0
0
0
0
0
0
0
0
0
0
0
0
0
0
0
0
0
0
0
0
0
0
0
0
0
0
0
0
0
0
0
0
0
0
0
0
0
0
0
0
0
0
0
0
0
0
0
0
0
0
0
0
0
0
0
0
0
0
0
0
0
0
0
0
0
0
0
0
0
0
0
0
0
0
0
0
0
0
0
0
0
0
0
0
0
0
0
0
0
0
0
0
0
0
0
0
0
0
0
0
0
0
0
0
0
0
0
0
0
0
0
0
0
0
0
0
0
0
0
0
0
0
0
0
0
0
0
0
0
0
0
0
0
0
0
0
0
0
0
0
0
0
0
0
0
0
0
0
0
0
0
0
0
0
0
0
0
0
0
0
0
0
0
0
0
0
0
0
0
0
0
0
0
0
0
0
0
0
0
0
0
0
0
0
0
0
0
0
0
0
0
0
0
0
0
0
0
0
0
0
0
0
0
0
0
0
0
0
0
0
0
0
0
0
0
0
0
0
0
0
0
0
0
0
0
0
0
0
0
0
0
0
0
0
0
0
0
0
0
0
0
0
0
0
0
0
0
0
0
0
0
0
0
0
0
0
0
0
0
0
0
0
0
0
0
0
0
0
0
0
0
0
0
0
0
0
0
0
0
0
0
0
0
0
0
0
0
0
0
0
0
0
0
0
0
0
0
0
0
0
0
0
0
0
0
0
0
0
0
0
0
0
0
0
0
0
0
0
0
0
0
0
0
0
0
0
0
0
0
0
0
0
0
0
0
0
0
0
0
0
0
0
0
0
0
0
0
0
0
0
0
0
0
0
0
0
0
0
0
0
0
0
0
0
0
0
0
0
0
0
0
0
0
0
0
0
0
0
0
0
0
0
0
0
0
0
0
0
0
0
0
0
0
0
0
0
0
0
0
0
0
0
0
0
0
0
0
0
0
0
0
0
0
0
0
0
0
0
0
0
0
0
0
0
0
0
0
0
0
0
0
0
0
0
0
0
0
0
0
0
0
0
0
0
0
0
0
0
0
0
0
0
0
0
0
0
0
0
0
0
0
0
0
0
0
0
0
0
0
0
0
0
0
0
0
0
0
0
0
0
0
0
0
0
0
0
0
0
0
0
0
0
0
0
0
0
0
0
0
0
0
0
0
0
0
0
0
0
0
0
0
0
0
0
0
0
0
0
0
0
0
0
0
0
0
0
0
0
0
0
0
0
0
0
0
0
0
0
0
0
0
0
0
0
0
0
0
0
0
0
0
0
0
0
0
0
0
0
0
0
0
0
0
0
0
0
0
0
0
0
0
0
0
0
0
0
0
0
0
0
0
0
0
0
0
0
0
0
0
0
0
0
0
0
0
0
0
0
0
0
0
0
0
0
0
0
0
0
0
0
0
0
0
0
0
0
0
0
0
0
0
0
0
0
0
0
0
0
0
0
0
0
0
0
0
0
0
0
0
0
0
0
0
0
0
0
0
0
0
0
0
0
0
0
0
0
0
0
0
0
0
0
0
0
0
0
0
0
0
0
0
0
0
0
0
0
0
0
0
0
0
0
0
0
0
0
0
0
0
0
0
0
0
0
0
0
0
0
0
0
0
0
0
0
0
0
0
0
0
0
0
0
0
0
0
0
0
0
0
0
0
0
0
0
0
0
0
0
0
0
0
0
0
0
0
0
0
0
0
0
0
0
0
0
0
0
0
0
0
0
0
0
0
0
0
0
0
0
0
0
0
0
0
0
0
0
0
0
0
0
0
0
0
0
0
0
0
0
0
0
0
0
0
0
0
0
0
0
0
0
0
0
0
0
0
0
0
0
0
0
0
0
0
0
0
0
0
0
0
0
0
0
