# Measurement time [s]: 109.384
# Dwell time [us]: 20
#
# detCounts monCounts f_SF1_Hz f_SF2_Hz
138113 2000000 91700 91700
87
204
139
164
162
131
144
175
159
173
156
156
157
146
162
171
159
155
157
166
154
169
153
154
174
134
161
148
140
141
142
160
145
155
162
153
162
176
141
155
157
151
134
163
164
140
163
148
180
140
158
160
155
175
150
155
174
164
147
129
154
150
151
183
142
136
112
131
157
134
147
155
177
141
138
144
153
146
134
152
161
143
142
147
138
154
129
162
143
140
142
158
133
140
150
131
169
137
160
132
151
140
128
157
131
150
140
133
127
132
149
136
141
137
123
138
135
146
135
149
149
143
147
162
129
149
139
148
109
115
162
130
135
160
140
132
124
148
151
112
129
134
158
130
139
133
120
111
140
135
118
128
137
111
135
126
130
118
141
137
119
139
135
132
100
122
122
125
137
117
147
120
146
131
148
153
138
153
124
131
151
134
120
145
138
133
132
125
118
129
121
130
125
134
133
117
133
136
121
114
123
130
128
109
139
127
125
102
128
127
118
135
111
128
116
112
145
138
152
141
134
110
135
127
127
126
124
119
130
136
126
112
118
122
135
123
138
127
116
109
130
127
132
107
146
114
124
123
128
143
117
130
113
126
124
121
125
123
123
128
131
142
118
147
118
119
132
116
151
147
142
134
128
141
127
126
114
97
142
115
144
130
107
120
116
111
129
135
136
123
132
106
132
124
133
134
131
125
114
109
123
131
131
137
119
140
132
138
141
125
113
135
131
144
134
149
139
132
137
141
105
138
135
132
121
132
160
151
132
108
134
120
126
115
124
124
127
139
150
124
122
176
134
149
137
132
147
130
140
136
155
136
152
138
142
137
123
143
131
160
144
148
133
133
131
141
140
134
153
124
138
136
149
161
157
152
141
157
154
149
154
148
150
162
126
164
145
145
155
149
149
155
147
139
153
161
171
140
148
173
152
177
153
145
143
132
169
144
146
165
159
169
153
130
163
149
156
129
148
149
157
146
175
153
146
156
146
135
145
175
153
162
125
148
172
158
154
176
133
141
154
158
151
151
162
139
151
145
146
141
166
154
169
147
152
163
154
157
150
165
142
157
149
154
128
144
133
156
161
161
174
168
148
159
165
161
147
133
154
169
177
153
186
158
140
166
164
151
129
165
174
164
168
156
139
159
149
161
152
162
164
156
142
151
165
169
142
167
180
145
182
180
162
135
143
144
137
144
158
156
154
173
155
149
158
139
168
184
156
165
156
142
169
143
159
151
151
150
157
138
138
156
145
140
134
180
178
146
143
142
136
157
152
161
121
167
141
126
149
150
162
142
133
147
154
144
151
158
143
155
159
161
149
138
166
134
138
139
154
161
126
145
153
159
126
133
139
144
123
121
154
144
177
138
130
152
138
139
157
127
148
112
152
141
139
136
132
141
142
151
130
142
140
143
156
141
129
168
142
115
141
111
149
142
129
128
146
124
131
141
146
147
142
133
123
136
145
141
143
133
111
123
114
116
133
144
132
127
141
137
137
152
136
136
139
128
140
139
129
124
142
108
135
141
119
138
136
133
127
154
125
143
133
123
148
134
110
134
142
120
132
120
135
119
129
140
116
112
130
123
94
118
110
146
115
129
112
103
138
130
133
136
125
119
132
136
129
127
127
118
113
140
137
125
145
124
133
128
104
121
147
136
116
142
130
121
140
118
115
117
118
120
121
144
131
132
136
124
127
146
132
121
118
106
118
131
139
129
130
125
133
115
117
114
130
114
122
133
124
123
136
130
119
128
120
124
136
128
104
105
146
122
131
128
139
147
113
124
107
123
127
133
127
145
124
128
130
139
130
113
142
130
143
120
133
128
124
116
125
132
118
127
134
127
134
137
139
133
132
119
138
113
118
135
133
153
157
139
124
149
138
143
150
126
137
155
131
163
140
123
149
129
136
130
144
144
136
136
127
134
160
152
140
145
145
136
109
131
127
138
149
138
132
151
145
145
148
139
167
151
142
129
155
140
137
132
151
147
154
146
147
157
148
145
150
146
146
145
171
142
142
136
139
143
167
119
156
155
134
154
161
130
147
140
147
153
163
160
152
161
155
152
145
132
131
134
151
152
135
167
164
139
154
151
174
174
120
155
144
127
166
164
163
157
138
140
144
159
160
161
145
169
153
144
160
154
163
134
150
142
161
155
163
146
154
178
137
146
150
174
164
154
169
154
167
166
163
147
147
172
152
147
154
156
168
134
164
150
154
142
140
153
158
173
147
144
172
169
134
162
131
6
0
0
0
0
0
0
0
0
0
0
0
0
0
0
0
0
0
0
0
0
0
0
0
0
0
0
0
0
0
0
0
0
0
0
0
0
0
0
0
0
0
0
0
0
0
0
0
0
0
0
0
0
0
0
0
0
0
0
0
0
0
0
0
0
0
0
0
0
0
0
0
0
0
0
0
0
0
0
0
0
0
0
0
0
0
0
0
0
0
0
0
0
0
0
0
0
0
0
0
0
0
0
0
0
0
0
0
0
0
0
0
0
0
0
0
0
0
0
0
0
0
0
0
0
0
0
0
0
0
0
0
0
0
0
0
0
0
0
0
0
0
0
0
0
0
0
0
0
0
0
0
0
0
0
0
0
0
0
0
0
0
0
0
0
0
0
0
0
0
0
0
0
0
0
0
0
0
0
0
0
0
0
0
0
0
0
0
0
0
0
0
0
0
0
0
0
0
0
0
0
0
0
0
0
0
0
0
0
0
0
0
0
0
0
0
0
0
0
0
0
0
0
0
0
0
0
0
0
0
0
0
0
0
0
0
0
0
0
0
0
0
0
0
0
0
0
0
0
0
0
0
0
0
0
0
0
0
0
0
0
0
0
0
0
0
0
0
0
0
0
0
0
0
0
0
0
0
0
0
0
0
0
0
0
0
0
0
0
0
0
0
0
0
0
0
0
0
0
0
0
0
0
0
0
0
0
0
0
0
0
0
0
0
0
0
0
0
0
0
0
0
0
0
0
0
0
0
0
0
0
0
0
0
0
0
0
0
0
0
0
0
0
0
0
0
0
0
0
0
0
0
0
0
0
0
0
0
0
0
0
0
0
0
0
0
0
0
0
0
0
0
0
0
0
0
0
0
0
0
0
0
0
0
0
0
0
0
0
0
0
0
0
0
0
0
0
0
0
0
0
0
0
0
0
0
0
0
0
0
0
0
0
0
0
0
0
0
0
0
0
0
0
0
0
0
0
0
0
0
0
0
0
0
0
0
0
0
0
0
0
0
0
0
0
0
0
0
0
0
0
0
0
0
0
0
0
0
0
0
0
0
0
0
0
0
0
0
0
0
0
0
0
0
0
0
0
0
0
0
0
0
0
0
0
0
0
0
0
0
0
0
0
0
0
0
0
0
0
0
0
0
0
0
0
0
0
0
0
0
0
0
0
0
0
0
0
0
0
0
0
0
0
0
0
0
0
0
0
0
0
0
0
0
0
0
0
0
0
0
0
0
0
0
0
0
0
0
0
0
0
0
0
0
0
0
0
0
0
0
0
0
0
0
0
0
0
0
0
0
0
0
0
0
0
0
0
0
0
0
0
0
0
0
0
0
0
0
0
0
0
0
0
0
0
0
0
0
0
0
0
0
0
0
0
0
0
0
0
0
0
0
0
0
0
0
0
0
0
0
0
0
0
0
0
0
0
0
0
0
0
0
0
0
0
0
0
0
0
0
0
0
0
0
0
0
0
0
0
0
0
0
0
0
0
0
0
0
0
0
0
0
0
0
0
0
0
0
0
0
0
0
0
0
0
0
0
0
0
0
0
0
0
0
0
0
0
0
0
0
0
0
0
0
0
0
0
0
0
0
0
0
0
0
0
0
0
0
0
0
0
0
0
0
0
0
0
0
0
0
0
0
0
0
0
0
0
0
0
0
0
0
0
0
0
0
0
0
0
0
0
0
0
0
0
0
0
0
0
0
0
0
0
0
0
0
0
0
0
0
0
0
0
0
0
0
0
0
0
0
0
0
0
0
0
0
0
0
0
0
0
0
0
0
0
0
0
0
0
0
0
0
0
0
0
0
0
0
0
0
0
0
0
0
0
0
0
0
0
0
0
0
0
0
0
0
0
0
0
0
0
0
0
0
0
0
0
0
0
0
0
0
0
0
0
0
0
0
0
0
0
0
0
0
0
0
0
0
0
0
0
0
0
0
0
0
0
0
0
0
0
0
0
0
0
0
0
0
0
0
0
0
0
0
0
0
0
0
0
0
0
0
0
0
0
0
0
0
0
0
0
0
0
0
0
0
0
0
0
0
0
0
0
0
0
0
0
0
0
0
0
0
0
0
0
0
0
0
0
0
0
0
0
0
0
0
0
0
0
0
0
0
0
0
0
0
0
0
0
0
0
0
0
0
0
0
0
0
0
0
0
0
0
0
0
0
0
0
0
0
0
0
0
0
0
0
0
0
0
0
0
0
0
0
0
0
0
0
0
0
0
0
0
0
0
0
0
0
0
0
0
0
0
0
0
0
0
0
0
0
0
0
0
0
0
0
0
0
0
0
0
0
0
0
0
0
0
0
0
