# Measurement time [s]: 99.351
# Dwell time [us]: 20
#
# detCounts monCounts f_SF1_Hz f_SF2_Hz
137665 2000000 91700 91700
110
232
229
264
229
235
224
237
267
260
236
221
267
251
246
248
236
260
248
218
234
237
233
228
259
220
244
254
255
260
219
241
265
271
228
233
240
247
252
226
235
227
246
248
243
253
243
243
224
291
268
254
238
245
232
237
258
230
229
240
229
276
236
227
245
256
236
257
255
232
235
244
265
250
202
231
226
235
222
216
255
243
226
235
220
233
230
236
245
219
231
225
218
230
203
221
192
217
249
234
219
222
221
221
198
202
229
223
224
204
186
205
224
235
191
208
221
239
224
210
239
200
225
219
220
215
214
203
217
202
209
191
183
223
216
195
216
232
233
201
218
210
215
202
201
201
199
199
209
223
193
181
201
220
209
192
200
212
203
215
213
206
215
203
216
207
193
207
190
228
211
220
213
207
208
221
193
201
225
198
199
211
200
186
203
192
223
213
184
214
196
219
207
193
183
189
190
207
179
174
217
181
203
177
209
189
180
203
187
202
188
181
174
247
168
182
201
202
203
179
176
194
168
207
209
194
192
201
233
193
206
189
178
181
217
221
201
189
212
190
241
225
211
206
227
190
207
217
183
219
231
197
185
208
208
229
233
233
223
216
231
226
228
232
218
218
249
215
219
210
230
222
213
235
240
228
203
206
215
199
219
233
192
230
215
187
215
249
237
220
243
218
224
262
220
227
218
242
244
226
244
246
237
249
217
220
247
250
216
220
257
244
238
253
229
264
243
235
239
255
241
236
243
246
253
241
220
233
244
249
252
251
214
263
253
223
254
249
210
241
225
235
264
254
263
224
260
273
226
228
235
225
234
239
220
230
239
264
224
237
248
226
244
228
259
230
248
227
254
268
234
264
251
229
255
250
270
237
248
246
230
233
233
236
245
231
237
231
265
247
253
250
229
233
213
243
250
253
233
234
242
241
243
246
245
236
234
222
241
224
218
238
239
223
210
234
191
220
218
212
226
230
196
227
200
236
221
222
202
204
224
244
197
230
208
229
218
194
238
213
205
232
202
219
194
227
217
199
232
236
207
217
214
196
188
207
217
218
205
181
217
201
200
197
199
211
200
200
210
179
186
220
186
185
195
236
203
182
214
195
193
216
178
214
209
200
195
203
192
207
182
215
185
194
191
216
189
209
208
194
196
186
211
187
170
202
216
196
195
207
215
207
213
198
197
209
179
188
162
182
187
178
202
206
217
212
204
219
181
215
182
181
204
178
205
192
195
193
186
188
221
219
211
208
217
199
202
217
208
217
212
194
196
183
204
204
211
198
198
219
236
200
204
209
194
193
228
223
217
223
199
223
188
207
222
229
238
190
213
220
213
214
227
248
207
253
197
218
224
205
231
230
215
221
221
218
218
224
260
204
230
239
232
225
226
250
232
210
264
205
245
248
217
222
255
239
254
245
242
255
244
293
254
224
222
88
0
0
0
0
0
0
0
0
0
0
0
0
0
0
0
0
0
0
0
0
0
0
0
0
0
0
0
0
0
0
0
0
0
0
0
0
0
0
0
0
0
0
0
0
0
0
0
0
0
0
0
0
0
0
0
0
0
0
0
0
0
0
0
0
0
0
0
0
0
0
0
0
0
0
0
0
0
0
0
0
0
0
0
0
0
0
0
0
0
0
0
0
0
0
0
0
0
0
0
0
0
0
0
0
0
0
0
0
0
0
0
0
0
0
0
0
0
0
0
0
0
0
0
0
0
0
0
0
0
0
0
0
0
0
0
0
0
0
0
0
0
0
0
0
0
0
0
0
0
0
0
0
0
0
0
0
0
0
0
0
0
0
0
0
0
0
0
0
0
0
0
0
0
0
0
0
0
0
0
0
0
0
0
0
0
0
0
0
0
0
0
0
0
0
0
0
0
0
0
0
0
0
0
0
0
0
0
0
0
0
0
0
0
0
0
0
0
0
0
0
0
0
0
0
0
0
0
0
0
0
0
0
0
0
0
0
0
0
0
0
0
0
0
0
0
0
0
0
0
0
0
0
0
0
0
0
0
0
0
0
0
0
0
0
0
0
0
0
0
0
0
0
0
0
0
0
0
0
0
0
0
0
0
0
0
0
0
0
0
0
0
0
0
0
0
0
0
0
0
0
0
0
0
0
0
0
0
0
0
0
0
0
0
0
0
0
0
0
0
0
0
0
0
0
0
0
0
0
0
0
0
0
0
0
0
0
0
0
0
0
0
0
0
0
0
0
0
0
0
0
0
0
0
0
0
0
0
0
0
0
0
0
0
0
0
0
0
0
0
0
0
0
0
0
0
0
0
0
0
0
0
0
0
0
0
0
0
0
0
0
0
0
0
0
0
0
0
0
0
0
0
0
0
0
0
0
0
0
0
0
0
0
0
0
0
0
0
0
0
0
0
0
0
0
0
0
0
0
0
0
0
0
0
0
0
0
0
0
0
0
0
0
0
0
0
0
0
0
0
0
0
0
0
0
0
0
0
0
0
0
0
0
0
0
0
0
0
0
0
0
0
0
0
0
0
0
0
0
0
0
0
0
0
0
0
0
0
0
0
0
0
0
0
0
0
0
0
0
0
0
0
0
0
0
0
0
0
0
0
0
0
0
0
0
0
0
0
0
0
0
0
0
0
0
0
0
0
0
0
0
0
0
0
0
0
0
0
0
0
0
0
0
0
0
0
0
0
0
0
0
0
0
0
0
0
0
0
0
0
0
0
0
0
0
0
0
0
0
0
0
0
0
0
0
0
0
0
0
0
0
0
0
0
0
0
0
0
0
0
0
0
0
0
0
0
0
0
0
0
0
0
0
0
0
0
0
0
0
0
0
0
0
0
0
0
0
0
0
0
0
0
0
0
0
0
0
0
0
0
0
0
0
0
0
0
0
0
0
0
0
0
0
0
0
0
0
0
0
0
0
0
0
0
0
0
0
0
0
0
0
0
0
0
0
0
0
0
0
0
0
0
0
0
0
0
0
0
0
0
0
0
0
0
0
0
0
0
0
0
0
0
0
0
0
0
0
0
0
0
0
0
0
0
0
0
0
0
0
0
0
0
0
0
0
0
0
0
0
0
0
0
0
0
0
0
0
0
0
0
0
0
0
0
0
0
0
0
0
0
0
0
0
0
0
0
0
0
0
0
0
0
0
0
0
0
0
0
0
0
0
0
0
0
0
0
0
0
0
0
0
0
0
0
0
0
0
0
0
0
0
0
0
0
0
0
0
0
0
0
0
0
0
0
0
0
0
0
0
0
0
0
0
0
0
0
0
0
0
0
0
0
0
0
0
0
0
0
0
0
0
0
0
0
0
0
0
0
0
0
0
0
0
0
0
0
0
0
0
0
0
0
0
0
0
0
0
0
0
0
0
0
0
0
0
0
0
0
0
0
0
0
0
0
0
0
0
0
0
0
0
0
0
0
0
0
0
0
0
0
0
0
0
0
0
0
0
0
0
0
0
0
0
0
0
0
0
0
0
0
0
0
0
0
0
0
0
0
0
0
0
0
0
0
0
0
0
0
0
0
0
0
0
0
0
0
0
0
0
0
0
0
0
0
0
0
0
0
0
0
0
0
0
0
0
0
0
0
0
0
0
0
0
0
0
0
0
0
0
0
0
0
0
0
0
0
0
0
0
0
0
0
0
0
0
0
0
0
0
0
0
0
0
0
0
0
0
0
0
0
0
0
0
0
0
0
0
0
0
0
0
0
0
0
0
0
0
0
0
0
0
0
0
0
0
0
0
0
0
0
0
0
0
0
0
0
0
0
0
0
0
0
0
0
0
0
0
0
0
0
0
0
0
0
0
0
0
0
0
0
0
0
0
0
0
0
0
0
0
0
0
0
0
0
0
0
0
0
0
0
0
0
0
0
0
0
0
0
0
0
0
0
0
0
0
0
0
0
0
0
0
0
0
0
0
0
0
0
0
0
0
0
0
0
0
0
0
0
0
0
0
0
0
0
0
0
0
0
0
0
0
0
0
0
0
0
0
0
0
0
0
0
0
0
0
0
0
0
0
0
0
0
0
0
0
0
0
0
0
0
0
0
0
0
0
0
0
0
0
0
0
0
0
0
0
0
0
0
0
0
0
0
0
0
0
0
0
0
0
0
0
0
0
0
0
0
0
0
0
0
0
0
0
0
0
0
0
0
0
0
0
0
0
0
0
0
0
0
0
0
0
0
0
0
0
0
0
0
0
0
0
0
0
0
0
0
0
0
0
0
0
0
0
0
0
0
0
0
0
0
0
0
0
0
0
0
0
0
0
0
0
0
0
0
0
0
0
0
0
0
0
0
0
0
0
0
0
0
0
0
0
0
0
0
0
0
0
0
0
0
0
0
0
0
0
0
0
0
0
0
0
0
0
0
0
0
0
0
0
0
0
0
0
0
0
0
0
0
0
0
0
0
0
0
0
0
0
0
0
0
0
0
0
0
0
0
0
0
0
0
0
0
0
0
0
0
0
0
0
0
0
0
0
0
0
0
0
0
0
0
0
0
0
0
0
0
0
0
0
0
0
0
0
0
0
0
0
0
0
0
0
0
0
0
0
