# Measurement time [s]: 99.350
# Dwell time [us]: 20
#
# detCounts monCounts f_SF1_Hz f_SF2_Hz
142194 2000000 91700 91700
61
125
167
143
135
142
112
139
141
117
133
148
128
143
136
126
116
135
124
141
126
136
126
119
127
140
117
129
140
161
102
151
136
123
128
123
141
148
109
129
126
115
134
129
124
127
131
127
124
147
117
121
123
141
131
146
106
139
140
110
118
122
124
130
141
113
119
108
104
118
116
144
132
119
141
132
129
108
140
110
132
142
112
126
122
129
125
129
105
131
123
127
131
128
114
111
122
148
125
123
149
116
121
120
133
113
123
138
134
144
123
108
134
116
118
119
130
107
114
129
108
105
123
128
125
125
132
110
111
103
126
125
105
105
131
110
152
120
125
121
121
119
138
137
108
130
113
111
128
119
125
118
113
114
138
110
121
106
149
117
112
122
117
108
112
118
122
108
127
113
124
108
104
126
84
109
121
106
104
112
106
130
113
123
120
118
107
116
94
136
109
113
115
99
120
127
110
124
121
108
121
117
94
97
97
126
119
111
110
106
110
124
104
119
124
113
113
103
123
112
121
117
98
99
123
105
100
95
124
114
120
112
123
109
88
101
105
126
115
121
96
89
114
89
92
114
93
115
113
95
114
100
96
122
104
118
123
112
107
110
146
110
108
97
119
131
94
95
129
96
119
106
115
110
115
98
129
119
109
112
118
124
110
110
108
89
106
115
101
121
111
99
106
120
100
96
119
117
107
117
97
115
125
123
87
107
117
119
111
121
116
102
113
122
97
103
97
107
113
92
112
105
120
97
114
115
112
95
114
110
110
98
108
104
85
117
114
113
126
122
95
121
127
104
102
107
111
126
122
108
111
97
96
105
119
112
111
111
111
125
120
130
108
120
100
114
105
118
117
128
107
114
115
115
125
120
118
108
127
105
112
126
123
134
116
120
127
154
105
139
122
125
118
113
134
123
118
129
128
149
132
121
138
108
106
123
118
135
129
116
132
117
128
104
117
134
124
118
121
143
136
117
121
122
121
108
128
125
130
113
110
123
108
129
140
124
149
135
118
137
144
154
142
127
137
108
132
137
127
125
124
129
136
132
131
145
147
149
109
118
122
117
138
139
110
140
137
137
125
136
107
134
141
140
133
117
134
149
135
117
132
149
128
131
123
128
130
142
149
156
126
119
117
130
125
145
137
119
137
141
136
122
130
138
143
137
122
134
136
144
128
139
127
134
158
144
128
118
145
154
122
136
133
117
155
137
140
125
135
125
149
134
129
141
124
128
162
122
123
161
121
119
131
119
162
128
149
139
136
151
158
133
115
146
144
136
137
125
150
145
119
140
139
120
149
140
147
144
140
146
145
135
140
128
156
132
151
134
144
123
126
129
150
121
132
140
146
157
120
129
125
137
120
125
142
135
126
142
148
155
145
136
112
126
124
123
136
142
124
128
131
131
137
128
133
111
123
125
129
132
136
147
134
143
121
135
126
123
130
119
130
150
123
121
133
119
124
127
121
131
128
125
154
146
108
128
129
117
106
142
143
119
116
107
128
112
105
132
118
139
128
110
126
130
122
133
104
119
137
123
125
123
102
121
129
127
124
127
136
124
121
128
143
121
120
117
118
129
130
132
126
128
106
103
139
129
112
126
141
108
133
122
126
101
124
115
137
105
119
113
123
132
117
133
112
101
125
111
144
116
128
130
128
130
105
109
120
129
128
107
106
101
118
101
128
122
98
96
112
98
106
131
100
135
125
103
121
118
115
103
102
113
100
122
126
123
130
114
120
128
111
126
109
124
117
112
115
97
111
114
115
131
94
115
118
99
107
117
109
118
95
101
107
124
125
107
118
113
107
109
121
103
105
98
105
117
134
120
116
106
113
108
112
97
109
113
111
111
101
107
102
98
118
129
113
102
93
98
103
106
105
111
132
102
106
113
129
117
103
106
103
123
94
113
101
122
120
122
105
111
103
90
97
105
103
109
116
93
118
99
98
118
104
116
126
94
108
121
104
115
114
119
105
127
123
112
93
111
123
123
115
137
110
106
100
102
119
126
109
92
112
103
106
106
102
125
118
125
107
113
90
121
106
117
109
109
89
120
126
110
125
124
90
100
128
112
99
112
102
107
89
114
109
116
106
126
108
115
107
115
120
105
113
118
110
133
109
119
116
118
129
107
92
92
128
105
105
119
124
135
97
135
116
120
122
109
117
122
107
111
125
101
133
112
122
129
111
123
129
100
127
110
119
126
130
116
105
114
101
114
114
127
107
128
125
122
132
110
122
108
122
137
119
106
131
124
109
120
143
129
105
131
112
130
141
124
129
109
128
123
116
113
127
138
133
149
125
139
140
125
117
115
128
152
102
122
132
123
151
104
151
115
111
141
132
124
131
108
115
127
120
134
132
144
143
146
125
140
136
145
154
128
139
141
155
128
137
125
153
131
129
144
133
121
140
138
139
124
125
129
154
137
124
100
145
121
148
116
159
124
133
140
153
127
119
140
160
106
138
124
132
142
131
124
118
145
144
127
138
154
136
141
124
138
117
136
126
135
139
134
142
134
137
125
153
139
150
130
162
131
137
154
151
121
119
140
114
132
150
123
124
145
132
133
150
131
136
144
148
139
133
110
135
148
145
120
141
152
133
130
127
146
147
128
147
134
125
140
135
125
142
151
134
139
136
122
117
112
135
128
122
129
125
23
0
0
0
0
0
0
0
0
0
0
0
0
0
0
0
0
0
0
0
0
0
0
0
0
0
0
0
0
0
0
0
0
0
0
0
0
0
0
0
0
0
0
0
0
0
0
0
0
0
0
0
0
0
0
0
0
0
0
0
0
0
0
0
0
0
0
0
0
0
0
0
0
0
0
0
0
0
0
0
0
0
0
0
0
0
0
0
0
0
0
0
0
0
0
0
0
0
0
0
0
0
0
0
0
0
0
0
0
0
0
0
0
0
0
0
0
0
0
0
0
0
0
0
0
0
0
0
0
0
0
0
0
0
0
0
0
0
0
0
0
0
0
0
0
0
0
0
0
0
0
0
0
0
0
0
0
0
0
0
0
0
0
0
0
0
0
0
0
0
0
0
0
0
0
0
0
0
0
0
0
0
0
0
0
0
0
0
0
0
0
0
0
0
0
0
0
0
0
0
0
0
0
0
0
0
0
0
0
0
0
0
0
0
0
0
0
0
0
0
0
0
0
0
0
0
0
0
0
0
0
0
0
0
0
0
0
0
0
0
0
0
0
0
0
0
0
0
0
0
0
0
0
0
0
0
0
0
0
0
0
0
0
0
0
0
0
0
0
0
0
0
0
0
0
0
0
0
0
0
0
0
0
0
0
0
0
0
0
0
0
0
0
0
0
0
0
0
0
0
0
0
0
0
0
0
0
0
0
0
0
0
0
0
0
0
0
0
0
0
0
0
0
0
0
0
0
0
0
0
0
0
0
0
0
0
0
0
0
0
0
0
0
0
0
0
0
0
0
0
0
0
0
0
0
0
0
0
0
0
0
0
0
0
0
0
0
0
0
0
0
0
0
0
0
0
0
0
0
0
0
0
0
0
0
0
0
0
0
0
0
0
0
0
0
0
0
0
0
0
0
0
0
0
0
0
0
0
0
0
0
0
0
0
0
0
0
0
0
0
0
0
0
0
0
0
0
0
0
0
0
0
0
0
0
0
0
0
0
0
0
0
0
0
0
0
0
0
0
0
0
0
0
0
0
0
0
0
0
0
0
0
0
0
0
0
0
0
0
0
0
0
0
0
0
0
0
0
0
0
0
0
0
0
0
0
0
0
0
0
0
0
0
0
0
0
0
0
0
0
0
0
0
0
0
0
0
0
0
0
0
0
0
0
0
0
0
0
0
0
0
0
0
0
0
0
0
0
0
0
0
0
0
0
0
0
0
0
0
0
0
0
0
0
0
0
0
0
0
0
0
0
0
0
0
0
0
0
0
0
0
0
0
0
0
0
0
0
0
0
0
0
0
0
0
0
0
0
0
0
0
0
0
0
0
0
0
0
0
0
0
0
0
0
0
0
0
0
0
0
0
0
0
0
0
0
0
0
0
0
0
0
0
0
0
0
0
0
0
0
0
0
0
0
0
0
0
0
0
0
0
0
0
0
0
0
0
0
0
0
0
0
0
0
0
0
0
0
0
0
0
0
0
0
0
0
0
0
0
0
0
0
0
0
0
0
0
0
0
0
0
0
0
0
0
0
0
0
0
0
0
0
0
0
0
0
0
0
0
0
0
0
0
0
0
0
0
0
0
0
0
0
0
0
0
0
0
0
0
0
0
0
0
0
0
0
0
0
0
0
0
0
0
0
0
0
0
0
0
0
0
0
0
0
0
0
0
0
0
0
0
0
0
0
0
0
0
0
0
0
0
0
0
0
0
0
0
0
0
0
0
0
0
0
0
0
0
0
0
0
0
0
0
0
0
0
0
0
0
0
0
0
0
0
0
0
0
0
0
0
0
0
0
0
0
0
0
0
0
0
0
0
0
0
0
0
0
0
0
0
0
0
0
0
0
0
0
0
0
0
0
0
0
0
0
0
0
0
0
0
0
0
0
0
0
0
0
