# Measurement time [s]: 109.387
# Dwell time [us]: 20
#
# detCounts monCounts f_SF1_Hz f_SF2_Hz
136536 2000000 91700 91700
122
201
225
198
206
237
245
218
235
246
225
237
206
194
205
233
222
232
240
227
243
221
208
229
241
211
231
218
208
193
245
226
206
242
208
226
209
218
229
216
238
225
243
242
199
216
205
250
227
237
208
196
222
213
220
256
233
210
210
236
248
230
225
219
192
260
234
201
243
228
203
223
207
231
229
231
203
234
204
216
210
204
221
204
190
208
224
224
204
203
215
236
204
223
224
201
215
236
189
202
209
188
224
187
188
202
196
205
204
206
197
214
203
201
197
198
199
205
201
186
208
204
214
183
187
180
194
189
215
202
172
190
217
198
223
209
209
173
199
200
196
196
183
193
217
191
174
172
201
158
211
192
203
183
165
186
188
186
183
187
193
183
217
186
168
193
172
191
203
190
180
182
176
177
171
155
198
177
176
192
181
175
188
185
171
183
186
185
173
178
199
159
175
184
172
191
182
181
139
161
163
192
170
175
164
169
149
180
177
177
185
197
181
207
181
189
189
156
180
211
179
216
185
189
197
183
173
198
179
210
184
180
184
195
212
192
191
187
179
176
172
148
179
174
199
182
188
207
186
176
215
189
169
178
203
166
230
173
225
216
223
214
186
198
195
219
175
189
182
191
198
177
201
186
210
203
172
230
222
171
206
211
181
198
196
189
208
192
203
216
215
210
210
196
211
214
223
195
228
208
227
220
231
208
213
201
190
208
212
245
200
209
206
219
176
214
237
195
198
208
205
222
234
215
211
223
206
218
207
232
217
234
238
223
231
231
198
218
216
199
215
210
211
226
212
226
231
217
237
188
228
218
210
217
207
248
222
249
208
226
203
217
202
255
223
217
221
221
224
231
239
191
222
223
222
228
222
195
246
205
196
248
248
242
237
219
238
229
216
219
213
233
227
231
215
248
227
238
226
219
208
260
229
212
231
204
235
207
224
218
219
212
209
205
218
215
209
228
205
254
218
218
213
219
210
222
215
228
220
239
212
202
212
210
184
223
197
217
214
200
231
223
206
213
205
218
183
183
200
197
201
219
211
197
201
208
205
205
210
222
201
199
192
198
179
220
195
183
207
201
176
203
162
207
179
177
177
181
191
197
201
212
199
186
185
188
156
176
172
169
178
185
172
191
178
193
171
163
183
184
190
157
181
179
168
193
210
166
205
150
187
184
145
176
149
154
166
180
158
173
192
179
166
177
182
193
185
212
183
171
188
190
192
180
198
217
174
178
179
188
157
178
191
162
175
148
195
192
184
162
181
179
181
222
191
184
173
136
187
160
173
190
173
195
187
165
183
173
170
160
154
206
185
189
158
196
180
185
207
189
193
192
198
182
194
172
168
181
181
168
179
203
195
227
176
190
201
196
201
195
187
185
188
189
188
185
191
210
209
199
232
230
192
188
185
205
189
205
210
187
245
223
195
186
200
200
203
212
207
195
193
220
214
213
190
207
192
220
215
217
232
215
210
207
216
224
233
238
236
204
202
208
244
237
216
220
208
212
208
202
196
216
208
238
218
215
227
199
236
203
240
204
236
218
219
210
38
0
0
0
0
0
0
0
0
0
0
0
0
0
0
0
0
0
0
0
0
0
0
0
0
0
0
0
0
0
0
0
0
0
0
0
0
0
0
0
0
0
0
0
0
0
0
0
0
0
0
0
0
0
0
0
0
0
0
0
0
0
0
0
0
0
0
0
0
0
0
0
0
0
0
0
0
0
0
0
0
0
0
0
0
0
0
0
0
0
0
0
0
0
0
0
0
0
0
0
0
0
0
0
0
0
0
0
0
0
0
0
0
0
0
0
0
0
0
0
0
0
0
0
0
0
0
0
0
0
0
0
0
0
0
0
0
0
0
0
0
0
0
0
0
0
0
0
0
0
0
0
0
0
0
0
0
0
0
0
0
0
0
0
0
0
0
0
0
0
0
0
0
0
0
0
0
0
0
0
0
0
0
0
0
0
0
0
0
0
0
0
0
0
0
0
0
0
0
0
0
0
0
0
0
0
0
0
0
0
0
0
0
0
0
0
0
0
0
0
0
0
0
0
0
0
0
0
0
0
0
0
0
0
0
0
0
0
0
0
0
0
0
0
0
0
0
0
0
0
0
0
0
0
0
0
0
0
0
0
0
0
0
0
0
0
0
0
0
0
0
0
0
0
0
0
0
0
0
0
0
0
0
0
0
0
0
0
0
0
0
0
0
0
0
0
0
0
0
0
0
0
0
0
0
0
0
0
0
0
0
0
0
0
0
0
0
0
0
0
0
0
0
0
0
0
0
0
0
0
0
0
0
0
0
0
0
0
0
0
0
0
0
0
0
0
0
0
0
0
0
0
0
0
0
0
0
0
0
0
0
0
0
0
0
0
0
0
0
0
0
0
0
0
0
0
0
0
0
0
0
0
0
0
0
0
0
0
0
0
0
0
0
0
0
0
0
0
0
0
0
0
0
0
0
0
0
0
0
0
0
0
0
0
0
0
0
0
0
0
0
0
0
0
0
0
0
0
0
0
0
0
0
0
0
0
0
0
0
0
0
0
0
0
0
0
0
0
0
0
0
0
0
0
0
0
0
0
0
0
0
0
0
0
0
0
0
0
0
0
0
0
0
0
0
0
0
0
0
0
0
0
0
0
0
0
0
0
0
0
0
0
0
0
0
0
0
0
0
0
0
0
0
0
0
0
0
0
0
0
0
0
0
0
0
0
0
0
0
0
0
0
0
0
0
0
0
0
0
0
0
0
0
0
0
0
0
0
0
0
0
0
0
0
0
0
0
0
0
0
0
0
0
0
0
0
0
0
0
0
0
0
0
0
0
0
0
0
0
0
0
0
0
0
0
0
0
0
0
0
0
0
0
0
0
0
0
0
0
0
0
0
0
0
0
0
0
0
0
0
0
0
0
0
0
0
0
0
0
0
0
0
0
0
0
0
0
0
0
0
0
0
0
0
0
0
0
0
0
0
0
0
0
0
0
0
0
0
0
0
0
0
0
0
0
0
0
0
0
0
0
0
0
0
0
0
0
0
0
0
0
0
0
0
0
0
0
0
0
0
0
0
0
0
0
0
0
0
0
0
0
0
0
0
0
0
0
0
0
0
0
0
0
0
0
0
0
0
0
0
0
0
0
0
0
0
0
0
0
0
0
0
0
0
0
0
0
0
0
0
0
0
0
0
0
0
0
0
0
0
0
0
0
0
0
0
0
0
0
0
0
0
0
0
0
0
0
0
0
0
0
0
0
0
0
0
0
0
0
0
0
0
0
0
0
0
0
0
0
0
0
0
0
0
0
0
0
0
0
0
0
0
0
0
0
0
0
0
0
0
0
0
0
0
0
0
0
0
0
0
0
0
0
0
0
0
0
0
0
0
0
0
0
0
0
0
0
0
0
0
0
0
0
0
0
0
0
0
0
0
0
0
0
0
0
0
0
0
0
0
0
0
0
0
0
0
0
0
0
0
0
0
0
0
0
0
0
0
0
0
0
0
0
0
0
0
0
0
0
0
0
0
0
0
0
0
0
0
0
0
0
0
0
0
0
0
0
0
0
0
0
0
0
0
0
0
0
0
0
0
0
0
0
0
0
0
0
0
0
0
0
0
0
0
0
0
0
0
0
0
0
0
0
0
0
0
0
0
0
0
0
0
0
0
0
0
0
0
0
0
0
0
0
0
0
0
0
0
0
0
0
0
0
0
0
0
0
0
0
0
0
0
0
0
0
0
0
0
0
0
0
0
0
0
0
0
0
0
0
0
0
0
0
0
0
0
0
0
0
0
0
0
0
0
0
0
0
0
0
0
0
0
0
0
0
0
0
0
0
0
0
0
0
0
0
0
0
0
0
0
0
0
0
0
0
0
0
0
0
0
0
0
0
0
0
0
0
0
0
0
0
0
0
0
0
0
0
0
0
0
0
0
0
0
0
0
0
0
0
0
0
0
0
0
0
0
0
0
0
0
0
0
0
0
0
0
0
0
0
0
0
0
0
0
0
0
0
0
0
0
0
0
0
0
0
0
0
0
0
0
0
0
0
0
0
0
0
0
0
0
0
0
0
0
0
0
0
0
0
0
0
0
0
0
0
0
0
0
0
0
0
0
0
0
0
0
0
0
0
0
0
0
0
0
0
0
0
0
0
0
0
0
0
0
0
0
0
0
0
0
0
0
0
0
0
0
0
0
0
0
0
0
0
0
0
0
0
0
0
0
0
0
0
0
0
0
0
0
0
0
0
0
0
0
0
0
0
0
0
0
0
0
0
0
0
0
0
0
0
0
0
0
0
0
0
0
0
0
0
0
0
0
0
0
0
0
0
0
0
0
0
0
0
0
0
0
0
0
0
0
0
0
0
0
0
0
0
0
0
0
0
0
0
0
0
0
0
0
0
0
0
0
0
0
0
0
0
0
0
0
0
0
0
0
0
0
0
0
0
0
0
0
0
0
0
0
0
0
0
0
0
0
0
0
0
0
0
0
0
0
0
0
0
0
0
0
0
0
0
0
0
0
0
0
0
0
0
0
0
0
0
0
0
0
