# Measurement time [s]: 109.384
# Dwell time [us]: 20
#
# detCounts monCounts f_SF1_Hz f_SF2_Hz
143041 2000000 91700 91700
104
210
233
213
203
198
226
212
211
213
207
214
204
199
177
194
214
225
218
203
225
213
208
202
207
220
204
203
194
219
194
225
190
248
209
232
226
219
200
202
224
223
207
218
221
220
211
194
216
218
211
228
196
184
190
220
210
227
222
211
215
187
205
197
199
196
186
203
203
197
192
229
182
179
206
193
200
236
223
228
215
226
199
204
204
200
181
197
226
195
211
216
207
215
209
189
176
203
188
199
200
209
191
200
184
196
197
171
198
179
169
206
202
196
208
210
217
196
198
201
188
184
201
183
195
182
190
178
182
200
187
174
181
188
184
212
205
210
181
178
202
170
197
170
172
171
204
173
192
173
190
166
175
192
181
176
185
180
211
220
175
186
163
182
191
207
162
166
182
184
175
190
159
179
167
154
185
164
144
162
192
168
174
166
187
171
185
166
176
173
176
185
165
183
180
178
156
192
167
148
187
213
157
192
180
174
155
186
166
150
159
150
165
187
177
167
189
165
179
180
164
172
191
172
177
198
190
155
195
177
159
166
177
168
185
208
168
168
163
176
183
190
160
158
164
177
166
179
177
187
177
149
202
191
198
178
172
189
194
189
183
154
185
195
186
150
167
177
185
176
197
185
191
175
172
194
180
168
181
197
179
180
195
222
192
194
184
168
210
197
188
191
209
200
169
195
187
178
199
202
206
210
194
175
185
205
188
222
227
199
177
202
190
188
198
204
202
178
192
201
207
218
190
186
220
200
213
182
222
211
194
180
232
200
207
206
195
204
231
219
198
220
212
198
219
219
187
227
205
219
225
222
212
203
226
189
209
237
205
174
219
216
194
191
207
233
199
214
195
224
196
206
198
217
251
202
210
232
247
234
222
208
215
221
218
239
213
219
215
219
195
196
216
228
207
206
209
227
216
206
223
228
212
228
205
218
226
207
236
228
208
205
227
239
218
217
232
227
213
216
197
222
220
209
232
210
215
189
225
215
204
215
198
191
224
212
179
185
204
221
201
213
211
217
193
166
202
220
195
195
192
216
210
219
207
213
194
196
208
202
214
219
209
171
196
200
199
199
209
191
202
201
211
193
248
185
195
216
197
188
221
180
189
193
204
213
168
208
170
186
189
172
203
190
190
178
201
201
183
195
174
194
206
212
189
183
174
153
195
189
185
175
191
146
178
193
206
190
192
191
195
174
181
179
177
180
163
181
168
214
160
184
186
176
182
188
161
158
190
176
168
198
176
185
189
176
175
184
189
165
194
169
162
168
179
200
150
159
164
158
174
165
186
178
175
188
176
190
177
164
162
176
174
180
194
189
158
169
166
176
172
167
182
174
171
152
173
159
196
185
152
173
195
178
193
194
171
170
167
183
167
178
177
178
164
166
188
189
190
168
158
193
172
179
166
172
184
171
161
168
185
184
157
203
194
174
171
173
154
193
175
189
179
182
187
195
179
208
186
198
207
185
215
182
185
190
189
199
199
184
189
213
178
196
186
186
171
181
165
170
212
213
180
197
197
193
213
195
227
190
205
208
190
192
195
205
196
224
205
197
182
209
223
211
191
176
191
220
204
227
210
222
238
207
222
220
233
182
203
196
209
185
210
183
242
189
213
199
193
191
225
213
225
216
198
201
224
201
223
241
234
227
233
205
226
212
233
208
233
181
223
215
193
218
241
167
7
0
0
0
0
0
0
0
0
0
0
0
0
0
0
0
0
0
0
0
0
0
0
0
0
0
0
0
0
0
0
0
0
0
0
0
0
0
0
0
0
0
0
0
0
0
0
0
0
0
0
0
0
0
0
0
0
0
0
0
0
0
0
0
0
0
0
0
0
0
0
0
0
0
0
0
0
0
0
0
0
0
0
0
0
0
0
0
0
0
0
0
0
0
0
0
0
0
0
0
0
0
0
0
0
0
0
0
0
0
0
0
0
0
0
0
0
0
0
0
0
0
0
0
0
0
0
0
0
0
0
0
0
0
0
0
0
0
0
0
0
0
0
0
0
0
0
0
0
0
0
0
0
0
0
0
0
0
0
0
0
0
0
0
0
0
0
0
0
0
0
0
0
0
0
0
0
0
0
0
0
0
0
0
0
0
0
0
0
0
0
0
0
0
0
0
0
0
0
0
0
0
0
0
0
0
0
0
0
0
0
0
0
0
0
0
0
0
0
0
0
0
0
0
0
0
0
0
0
0
0
0
0
0
0
0
0
0
0
0
0
0
0
0
0
0
0
0
0
0
0
0
0
0
0
0
0
0
0
0
0
0
0
0
0
0
0
0
0
0
0
0
0
0
0
0
0
0
0
0
0
0
0
0
0
0
0
0
0
0
0
0
0
0
0
0
0
0
0
0
0
0
0
0
0
0
0
0
0
0
0
0
0
0
0
0
0
0
0
0
0
0
0
0
0
0
0
0
0
0
0
0
0
0
0
0
0
0
0
0
0
0
0
0
0
0
0
0
0
0
0
0
0
0
0
0
0
0
0
0
0
0
0
0
0
0
0
0
0
0
0
0
0
0
0
0
0
0
0
0
0
0
0
0
0
0
0
0
0
0
0
0
0
0
0
0
0
0
0
0
0
0
0
0
0
0
0
0
0
0
0
0
0
0
0
0
0
0
0
0
0
0
0
0
0
0
0
0
0
0
0
0
0
0
0
0
0
0
0
0
0
0
0
0
0
0
0
0
0
0
0
0
0
0
0
0
0
0
0
0
0
0
0
0
0
0
0
0
0
0
0
0
0
0
0
0
0
0
0
0
0
0
0
0
0
0
0
0
0
0
0
0
0
0
0
0
0
0
0
0
0
0
0
0
0
0
0
0
0
0
0
0
0
0
0
0
0
0
0
0
0
0
0
0
0
0
0
0
0
0
0
0
0
0
0
0
0
0
0
0
0
0
0
0
0
0
0
0
0
0
0
0
0
0
0
0
0
0
0
0
0
0
0
0
0
0
0
0
0
0
0
0
0
0
0
0
0
0
0
0
0
0
0
0
0
0
0
0
0
0
0
0
0
0
0
0
0
0
0
0
0
0
0
0
0
0
0
0
0
0
0
0
0
0
0
0
0
0
0
0
0
0
0
0
0
0
0
0
0
0
0
0
0
0
0
0
0
0
0
0
0
0
0
0
0
0
0
0
0
0
0
0
0
0
0
0
0
0
0
0
0
0
0
0
0
0
0
0
0
0
0
0
0
0
0
0
0
0
0
0
0
0
0
0
0
0
0
0
0
0
0
0
0
0
0
0
0
0
0
0
0
0
0
0
0
0
0
0
0
0
0
0
0
0
0
0
0
0
0
0
0
0
0
0
0
0
0
0
0
0
0
0
0
0
0
0
0
0
0
0
0
0
0
0
0
0
0
0
0
0
0
0
0
0
0
0
0
0
0
0
0
0
0
0
0
0
0
0
0
0
0
0
0
0
0
0
0
0
0
0
0
0
0
0
0
0
0
0
0
0
0
0
0
0
0
0
0
0
0
0
0
0
0
0
0
0
0
0
0
0
0
0
0
0
0
0
0
0
0
0
0
0
0
0
0
0
0
0
0
0
0
0
0
0
0
0
0
0
0
0
0
0
0
0
0
0
0
0
0
0
0
0
0
0
0
0
0
0
0
0
0
0
0
0
0
0
0
0
0
0
0
0
0
0
0
0
0
0
0
0
0
0
0
0
0
0
0
0
0
0
0
0
0
0
0
0
0
0
0
0
0
0
0
0
0
0
0
0
0
0
0
0
0
0
0
0
0
0
0
0
0
0
0
0
0
0
0
0
0
0
0
0
0
0
0
0
0
0
0
0
0
0
0
0
0
0
0
0
0
0
0
0
0
0
0
0
0
0
0
0
0
0
0
0
0
0
0
0
0
0
0
0
0
0
0
0
0
0
0
0
0
0
0
0
0
0
0
0
0
0
0
0
0
0
0
0
0
0
0
0
0
0
0
0
0
0
0
0
0
0
0
0
0
0
0
0
0
0
0
0
0
0
0
0
0
0
0
0
0
0
0
0
0
0
0
0
0
0
0
0
0
0
0
0
0
0
0
0
0
0
0
0
0
0
0
0
0
0
0
0
0
0
0
0
0
0
0
0
0
0
0
0
0
0
0
0
0
0
0
0
0
0
0
0
0
0
0
0
0
0
0
0
0
0
0
0
0
0
0
0
0
0
0
0
0
0
0
0
0
0
0
0
0
0
0
0
0
0
0
0
0
0
0
0
0
0
0
0
0
0
0
0
0
0
0
0
0
0
0
0
0
0
0
0
0
0
0
0
0
0
0
0
0
0
0
0
0
0
0
0
0
0
0
0
0
0
0
0
0
0
0
0
0
0
0
0
0
0
0
0
0
0
0
0
0
0
0
0
0
0
0
0
0
0
0
0
0
0
0
0
0
0
0
0
0
0
0
0
0
0
0
0
0
0
0
0
0
0
0
0
0
0
0
0
0
0
0
0
0
0
0
0
0
0
0
0
0
0
0
0
0
0
0
0
0
0
0
0
0
0
0
0
0
0
0
0
0
0
0
0
0
0
0
0
