# Measurement time [s]: 99.351
# Dwell time [us]: 20
#
# detCounts monCounts f_SF1_Hz f_SF2_Hz
143874 2000000 91700 91700
138
220
233
232
229
224
233
222
253
241
208
224
242
244
209
241
206
248
214
236
257
256
249
252
240
224
274
225
242
235
232
202
245
233
249
243
228
230
239
223
229
226
237
227
259
257
242
220
230
222
226
230
243
208
236
230
228
211
244
206
232
233
190
253
217
226
234
238
223
226
249
202
236
242
239
244
221
208
206
251
260
202
217
220
232
211
232
233
236
233
210
217
215
206
227
238
224
196
183
226
190
228
225
229
237
210
214
226
226
237
210
219
215
219
206
216
220
200
210
199
206
215
206
212
219
240
238
180
188
211
206
232
217
204
222
212
204
205
211
207
172
205
196
216
203
184
175
176
200
203
222
178
195
201
222
190
189
182
193
179
190
212
206
199
175
214
194
178
191
213
178
216
193
198
188
178
180
185
175
184
197
182
198
169
202
189
167
208
182
184
207
174
205
192
183
200
181
165
177
181
180
196
190
185
176
182
208
195
194
200
187
196
220
205
195
167
182
202
197
194
185
188
188
183
199
186
163
193
195
196
204
203
222
211
190
236
178
181
222
181
181
211
175
198
194
210
209
198
191
201
198
193
203
186
195
200
190
218
202
200
216
224
196
216
197
206
196
213
219
200
229
203
213
202
207
217
214
224
211
215
233
223
201
212
231
227
217
227
248
231
195
221
218
223
211
233
208
214
218
231
264
218
224
238
227
230
228
235
226
249
216
199
239
221
188
225
229
228
236
245
254
230
225
224
229
231
251
215
249
247
245
202
242
234
219
216
213
226
232
232
226
215
213
227
241
242
199
232
232
242
238
241
229
236
255
240
257
233
243
241
255
223
253
262
212
241
211
249
242
233
224
240
213
253
249
255
245
229
239
248
248
227
259
234
234
224
233
214
219
224
273
239
250
251
239
258
236
234
253
238
189
250
240
227
240
224
206
234
243
232
249
239
225
213
227
226
206
225
215
224
241
235
215
235
224
218
245
222
231
217
235
208
220
249
193
214
223
205
199
227
226
204
232
204
214
205
219
206
198
224
201
209
203
220
203
184
196
208
206
223
220
203
206
186
219
220
227
202
198
208
217
211
217
206
195
202
191
243
201
193
218
198
187
202
194
212
228
177
178
189
188
176
226
178
200
206
176
191
200
214
160
195
201
193
190
188
206
201
210
208
208
212
182
179
177
177
199
202
199
194
205
209
185
179
189
183
221
185
228
190
191
197
186
197
182
184
204
171
171
171
166
207
174
199
180
168
215
194
185
190
168
183
187
178
174
198
179
194
172
195
188
206
196
195
185
184
198
212
185
206
208
210
159
209
188
193
207
206
207
195
181
199
206
216
176
206
192
186
202
171
222
214
189
216
180
173
203
215
200
216
197
202
209
199
219
186
204
221
209
215
228
200
194
216
177
237
214
193
207
221
206
168
240
190
210
218
223
234
196
203
245
224
226
223
203
205
209
206
211
213
194
221
213
238
218
235
207
228
229
216
224
212
242
238
215
249
238
222
229
220
223
205
219
260
245
233
247
209
218
223
242
233
250
216
232
202
46
0
0
0
0
0
0
0
0
0
0
0
0
0
0
0
0
0
0
0
0
0
0
0
0
0
0
0
0
0
0
0
0
0
0
0
0
0
0
0
0
0
0
0
0
0
0
0
0
0
0
0
0
0
0
0
0
0
0
0
0
0
0
0
0
0
0
0
0
0
0
0
0
0
0
0
0
0
0
0
0
0
0
0
0
0
0
0
0
0
0
0
0
0
0
0
0
0
0
0
0
0
0
0
0
0
0
0
0
0
0
0
0
0
0
0
0
0
0
0
0
0
0
0
0
0
0
0
0
0
0
0
0
0
0
0
0
0
0
0
0
0
0
0
0
0
0
0
0
0
0
0
0
0
0
0
0
0
0
0
0
0
0
0
0
0
0
0
0
0
0
0
0
0
0
0
0
0
0
0
0
0
0
0
0
0
0
0
0
0
0
0
0
0
0
0
0
0
0
0
0
0
0
0
0
0
0
0
0
0
0
0
0
0
0
0
0
0
0
0
0
0
0
0
0
0
0
0
0
0
0
0
0
0
0
0
0
0
0
0
0
0
0
0
0
0
0
0
0
0
0
0
0
0
0
0
0
0
0
0
0
0
0
0
0
0
0
0
0
0
0
0
0
0
0
0
0
0
0
0
0
0
0
0
0
0
0
0
0
0
0
0
0
0
0
0
0
0
0
0
0
0
0
0
0
0
0
0
0
0
0
0
0
0
0
0
0
0
0
0
0
0
0
0
0
0
0
0
0
0
0
0
0
0
0
0
0
0
0
0
0
0
0
0
0
0
0
0
0
0
0
0
0
0
0
0
0
0
0
0
0
0
0
0
0
0
0
0
0
0
0
0
0
0
0
0
0
0
0
0
0
0
0
0
0
0
0
0
0
0
0
0
0
0
0
0
0
0
0
0
0
0
0
0
0
0
0
0
0
0
0
0
0
0
0
0
0
0
0
0
0
0
0
0
0
0
0
0
0
0
0
0
0
0
0
0
0
0
0
0
0
0
0
0
0
0
0
0
0
0
0
0
0
0
0
0
0
0
0
0
0
0
0
0
0
0
0
0
0
0
0
0
0
0
0
0
0
0
0
0
0
0
0
0
0
0
0
0
0
0
0
0
0
0
0
0
0
0
0
0
0
0
0
0
0
0
0
0
0
0
0
0
0
0
0
0
0
0
0
0
0
0
0
0
0
0
0
0
0
0
0
0
0
0
0
0
0
0
0
0
0
0
0
0
0
0
0
0
0
0
0
0
0
0
0
0
0
0
0
0
0
0
0
0
0
0
0
0
0
0
0
0
0
0
0
0
0
0
0
0
0
0
0
0
0
0
0
0
0
0
0
0
0
0
0
0
0
0
0
0
0
0
0
0
0
0
0
0
0
0
0
0
0
0
0
0
0
0
0
0
0
0
0
0
0
0
0
0
0
0
0
0
0
0
0
0
0
0
0
0
0
0
0
0
0
0
0
0
0
0
0
0
0
0
0
0
0
0
0
0
0
0
0
0
0
0
0
0
0
0
0
0
0
0
0
0
0
0
0
0
0
0
0
0
0
0
0
0
0
0
0
0
0
0
0
0
0
0
0
0
0
0
0
0
0
0
0
0
0
0
0
0
0
0
0
0
0
0
0
0
0
0
0
0
0
0
0
0
0
0
0
0
0
0
0
0
0
0
0
0
0
0
0
0
0
0
0
0
0
0
0
0
0
0
0
0
0
0
0
0
0
0
0
0
0
0
0
0
0
0
0
0
0
0
0
0
0
0
0
0
0
0
0
0
0
0
0
0
0
0
0
0
0
0
0
0
0
0
0
0
0
0
0
0
0
0
0
0
0
0
0
0
0
0
0
0
0
0
0
0
0
0
0
0
0
0
0
0
0
0
0
0
0
0
0
0
0
0
0
0
0
0
0
0
0
0
0
0
0
0
0
0
0
0
0
0
0
0
0
0
0
0
0
0
0
0
0
0
0
0
0
0
0
0
0
0
0
0
0
0
0
0
0
0
0
0
0
0
0
0
0
0
0
0
0
0
0
0
0
0
0
0
0
0
0
0
0
0
0
0
0
0
0
0
0
0
0
0
0
0
0
0
0
0
0
0
0
0
0
0
0
0
0
0
0
0
0
0
0
0
0
0
0
0
0
0
0
0
0
0
0
0
0
0
0
0
0
0
0
0
0
0
0
0
0
0
0
0
0
0
0
0
0
0
0
0
0
0
0
0
0
0
0
0
0
0
0
0
0
0
0
0
0
0
0
0
0
0
0
0
0
0
0
0
0
0
0
0
0
0
0
0
0
0
0
0
0
0
0
0
0
0
0
0
0
0
0
0
0
0
0
0
0
0
0
0
0
0
0
0
0
0
0
0
0
0
0
0
0
0
0
0
0
0
0
0
0
0
0
0
0
0
0
0
0
0
0
0
0
0
0
0
0
0
0
0
0
0
0
0
0
0
0
0
0
0
0
0
0
0
0
0
0
0
0
0
0
0
0
0
0
0
0
0
0
0
0
0
0
0
0
0
0
0
0
0
0
0
0
0
0
0
0
0
0
0
0
0
0
0
0
0
0
0
0
0
0
0
0
0
0
0
0
0
0
0
0
0
0
0
0
0
0
0
0
0
0
0
0
0
0
0
0
0
0
0
0
0
0
0
0
0
0
0
0
0
0
0
0
0
0
0
0
0
0
0
0
0
0
0
0
0
0
0
0
0
0
0
0
0
0
0
0
0
0
0
0
0
0
0
0
0
0
0
0
0
0
0
0
0
0
0
0
0
0
0
0
0
0
0
0
0
0
0
0
0
0
0
0
0
0
0
0
0
0
0
0
0
0
0
0
0
0
0
0
0
0
0
0
0
0
0
0
0
0
0
0
0
0
0
0
0
0
0
0
0
0
0
0
0
0
0
0
0
0
0
0
0
0
0
0
0
0
0
0
0
0
0
0
0
0
0
0
0
0
0
0
0
0
0
0
0
0
0
0
0
0
0
0
0
0
0
0
0
