# Measurement time [s]: 109.387
# Dwell time [us]: 20
#
# detCounts monCounts f_SF1_Hz f_SF2_Hz
141098 2000000 91700 91700
73
119
113
107
116
111
110
121
117
126
95
109
119
133
93
102
107
119
118
108
115
116
108
106
123
102
129
84
125
129
107
81
109
107
97
96
108
119
98
108
108
117
106
112
108
95
141
132
113
107
119
114
101
105
99
109
116
139
98
115
110
138
104
115
104
104
107
100
98
122
119
103
108
99
105
120
113
124
109
138
110
89
108
96
108
118
104
123
113
92
106
101
114
102
104
105
93
118
102
98
116
98
111
106
99
115
104
110
109
95
102
86
102
110
90
107
140
119
105
112
107
117
107
98
112
76
102
92
106
103
128
104
99
111
77
106
91
90
98
89
88
91
99
110
101
99
103
96
109
101
106
96
108
90
94
91
94
88
91
99
107
102
96
124
86
83
88
116
110
87
86
89
90
87
78
100
111
118
103
96
95
106
86
99
91
97
94
109
82
93
111
112
106
95
90
100
86
106
84
83
85
92
95
91
99
82
108
99
98
87
77
84
102
99
82
91
108
86
86
89
83
95
92
108
79
79
104
97
102
84
94
96
103
90
103
97
93
103
100
90
96
89
94
90
97
93
83
90
97
97
94
98
85
84
110
94
93
90
95
109
89
91
105
89
84
102
87
94
94
92
117
90
86
83
78
92
84
112
111
94
82
101
94
99
87
81
90
93
94
104
113
80
99
83
87
92
95
86
84
91
92
108
92
95
95
83
91
88
86
106
100
96
122
98
94
99
85
106
71
80
88
87
96
120
70
96
91
90
98
107
94
85
99
91
115
94
117
104
98
81
107
79
108
85
76
88
109
94
90
86
90
117
70
96
97
91
93
98
88
74
102
88
86
103
81
104
104
97
83
95
81
92
100
105
91
123
106
84
103
98
77
85
105
101
121
90
77
99
101
78
89
82
84
70
95
83
103
81
90
100
80
92
116
88
86
92
105
97
103
92
110
99
105
86
89
90
91
86
96
96
93
109
115
84
119
84
94
88
100
95
96
109
94
90
115
117
107
93
105
103
97
104
107
84
127
99
84
91
95
110
105
87
98
98
99
109
94
100
103
89
96
76
95
104
124
101
108
110
107
102
112
102
95
124
97
94
113
111
106
102
87
108
95
96
107
110
114
105
108
97
112
129
117
103
98
115
114
120
110
117
114
118
102
109
108
94
126
116
78
111
108
108
104
98
95
94
91
106
100
111
103
114
116
119
112
129
101
114
89
112
106
101
112
95
104
102
108
108
118
105
106
117
124
100
112
119
108
100
94
113
107
145
102
116
122
117
116
131
116
134
114
125
116
124
111
111
91
116
97
105
95
100
116
112
110
131
108
94
118
112
122
94
103
107
107
119
120
101
123
124
115
106
102
117
128
130
105
117
108
120
107
109
106
114
106
108
122
108
109
120
135
121
110
103
111
128
130
119
117
115
126
109
124
128
98
110
107
119
127
107
106
119
103
107
116
99
125
113
134
114
115
111
116
129
132
101
104
105
105
108
100
107
134
115
111
126
119
108
121
127
115
101
92
106
122
131
121
112
131
101
90
124
104
121
115
90
91
93
106
131
119
108
106
130
121
93
109
123
109
115
112
133
116
130
106
127
121
106
98
101
104
113
93
109
122
104
116
107
106
129
118
108
98
98
112
101
110
114
111
111
109
137
125
110
133
123
121
111
110
102
105
110
100
97
106
106
93
104
102
109
120
135
101
118
104
109
116
116
122
93
91
100
115
128
124
112
98
104
105
101
110
94
120
115
106
107
91
113
91
99
110
120
122
106
132
114
113
117
99
102
116
102
103
113
116
119
105
104
92
103
98
117
112
82
119
99
94
80
110
107
97
92
105
95
101
106
108
98
102
99
108
109
100
110
97
93
102
116
92
108
99
104
120
99
112
122
110
84
98
112
87
108
107
108
98
94
92
100
111
101
113
97
127
110
96
102
97
113
96
88
97
117
99
92
84
110
89
104
86
114
92
104
102
94
98
95
85
97
117
105
86
73
95
92
102
110
97
88
110
82
106
91
101
89
123
97
73
79
89
97
88
99
83
95
87
102
87
94
81
101
102
87
89
93
99
107
81
113
96
98
96
90
85
100
90
91
91
92
89
78
87
94
91
81
96
77
87
100
89
91
91
82
86
103
88
85
86
86
96
81
83
105
74
98
96
100
76
77
99
96
100
93
95
93
81
102
77
93
97
79
102
126
97
87
101
111
104
71
87
71
93
87
95
94
99
82
93
101
70
92
95
80
75
80
94
89
80
91
88
92
93
100
73
86
91
84
101
93
101
108
116
85
112
84
91
88
90
91
98
93
89
69
77
95
92
102
96
82
101
90
89
93
102
90
81
96
98
69
83
98
91
103
106
92
100
98
95
96
86
96
100
85
79
110
97
84
116
97
78
102
95
96
91
82
97
87
103
97
90
106
124
84
101
101
90
90
93
95
78
91
105
93
75
106
97
72
107
104
95
79
94
89
77
86
105
98
84
98
94
91
97
85
99
113
105
89
93
87
108
105
84
94
88
86
99
98
93
103
109
113
105
98
103
113
95
97
90
107
88
116
86
107
107
92
107
108
81
91
95
101
109
119
93
95
100
110
111
101
114
93
114
92
110
104
110
92
109
87
105
104
87
109
115
125
101
94
81
95
120
97
107
95
106
102
110
114
112
97
119
108
125
91
120
115
113
110
101
97
108
108
104
92
97
119
123
93
139
107
106
91
116
107
112
127
105
90
100
100
110
93
103
110
104
101
103
105
137
111
104
103
114
118
117
102
111
110
117
125
100
95
98
114
115
119
125
112
109
118
97
120
115
116
113
111
92
116
107
126
112
124
109
102
114
96
134
122
111
119
98
98
116
104
107
105
112
104
128
111
128
127
110
115
120
123
115
98
112
113
108
127
108
98
117
97
121
119
128
131
105
100
118
118
119
114
103
108
127
109
114
119
139
113
105
132
103
97
120
103
104
124
123
111
109
96
88
102
121
112
106
109
127
124
111
116
122
118
144
125
124
105
128
116
106
114
117
104
100
113
107
100
92
117
95
122
112
110
120
112
126
110
116
111
116
107
99
110
118
106
105
111
110
99
113
134
111
123
118
109
140
125
114
119
134
139
106
128
113
118
107
118
41
0
0
0
0
0
0
0
0
0
0
0
0
0
0
0
0
0
0
0
0
0
0
0
0
0
0
0
0
0
0
0
0
0
0
0
0
0
0
0
0
0
0
0
0
0
0
0
0
0
0
0
0
0
0
0
0
0
0
0
0
0
0
0
0
0
0
0
0
0
0
0
0
0
0
0
0
0
0
0
0
0
0
0
0
0
0
0
0
0
0
0
0
0
0
0
0
0
0
0
0
0
0
0
0
0
0
0
0
0
0
0
0
0
0
0
0
0
0
0
0
0
0
0
0
0
0
0
0
0
0
0
0
0
0
0
0
0
0
0
0
0
0
0
0
0
0
0
0
0
0
0
0
0
0
0
0
0
0
0
0
0
0
0
0
0
0
0
0
0
0
0
0
0
0
0
0
0
0
0
0
0
0
0
0
0
0
0
0
0
0
0
0
0
0
0
0
0
0
0
0
0
0
0
0
0
0
0
0
0
0
0
0
0
0
0
0
0
0
0
0
0
0
0
0
0
0
0
0
0
0
0
0
0
0
0
0
0
0
0
0
0
0
0
0
0
0
0
0
0
0
0
0
0
0
0
0
0
0
0
0
0
0
0
0
0
0
0
0
0
0
0
0
0
0
0
0
0
0
0
0
0
0
0
0
0
0
0
0
0
0
0
0
0
0
0
0
0
0
0
0
0
0
0
0
0
0
0
0
0
0
0
0
0
0
0
0
0
0
0
0
0
0
0
0
0
0
0
0
0
0
0
0
0
0
0
0
0
0
0
0
0
0
0
0
0
0
0
0
0
0
0
0
0
0
0
0
0
0
0
0
0
0
0
0
0
0
0
0
0
0
0
0
0
0
0
0
0
0
0
0
0
0
0
0
0
0
0
0
0
0
0
0
0
0
0
0
0
0
0
0
0
0
0
0
0
0
0
0
0
0
0
0
0
0
0
0
0
0
0
0
0
0
0
0
0
0
0
0
0
0
0
0
0
0
0
0
0
0
0
0
0
0
0
0
0
0
0
0
0
0
0
0
0
0
0
0
0
0
0
0
0
0
0
0
0
0
0
0
0
0
0
0
0
0
0
0
0
0
0
0
0
0
0
0
0
0
0
0
0
0
0
0
0
0
0
0
0
0
0
0
0
0
0
0
0
0
0
0
0
0
0
0
0
0
0
0
0
0
0
0
0
0
0
0
0
0
0
0
0
0
0
0
0
0
0
0
0
0
0
0
0
0
0
0
0
0
0
0
0
0
0
0
0
0
0
0
0
0
0
0
0
0
0
0
0
0
0
0
0
0
0
0
0
0
0
0
0
0
0
0
0
0
0
0
0
0
0
0
0
0
0
0
0
0
0
0
0
0
0
0
0
0
0
0
0
0
0
0
0
0
0
0
0
0
0
0
0
0
0
0
0
0
0
0
0
0
0
0
0
