# Measurement time [s]: 109.385
# Dwell time [us]: 20
#
# detCounts monCounts f_SF1_Hz f_SF2_Hz
141580 2000000 91700 91700
75
187
152
168
171
155
179
170
148
159
171
173
168
168
172
156
176
150
180
153
145
189
170
168
164
167
163
163
174
166
158
165
171
168
161
176
152
190
183
157
160
132
145
159
169
162
164
152
158
163
154
159
167
154
168
168
156
159
147
160
150
143
153
173
146
156
183
130
163
170
153
138
166
152
147
157
151
175
181
156
171
194
165
160
153
169
176
171
158
160
145
149
150
164
152
139
164
146
154
139
176
152
149
170
156
162
156
166
160
146
151
163
140
162
162
148
156
146
159
149
145
143
156
146
146
148
150
151
145
136
140
136
142
135
131
126
174
160
145
150
138
144
137
154
125
141
148
136
144
153
105
131
140
142
126
138
136
142
147
133
127
139
133
138
158
139
130
142
145
151
142
137
157
141
149
131
157
127
122
133
137
138
131
160
155
125
129
140
142
149
152
150
129
152
132
148
137
120
129
140
145
135
135
142
124
125
131
109
113
132
135
123
153
155
151
130
135
133
131
119
154
137
138
123
146
127
116
141
123
130
127
123
141
139
152
119
144
120
116
129
158
149
122
124
150
140
146
133
130
135
130
134
111
149
129
129
141
119
145
139
137
128
145
126
118
138
129
146
162
138
120
122
136
131
134
139
136
148
126
145
139
147
144
143
135
114
147
160
154
130
143
144
130
151
134
127
140
133
142
137
152
149
153
156
132
129
146
148
152
154
132
141
135
147
123
143
131
143
148
126
144
156
150
136
146
135
144
128
131
159
145
163
145
130
167
152
131
150
130
154
139
160
134
152
141
138
147
151
164
145
165
151
150
140
162
152
135
141
140
147
146
150
161
134
147
185
151
136
171
184
170
171
167
137
144
149
140
152
130
146
143
147
152
157
149
163
168
174
161
183
156
153
136
155
136
155
164
151
149
143
164
172
150
174
176
166
168
160
165
159
163
153
164
197
171
149
159
139
154
161
146
166
167
175
178
146
158
172
170
139
172
153
164
167
158
162
174
173
172
154
171
173
154
155
154
175
150
176
178
173
161
157
173
170
167
176
163
173
181
175
182
169
192
174
158
163
162
163
167
170
160
193
142
165
187
179
178
143
186
176
158
154
188
173
169
170
163
180
168
174
160
156
166
170
178
172
161
164
156
172
154
173
159
175
138
166
165
169
169
183
170
171
163
162
169
163
153
163
171
144
143
173
157
169
157
149
156
141
172
154
177
175
157
170
168
162
157
196
164
151
155
162
173
166
146
175
160
158
181
138
166
156
146
160
152
133
152
143
139
147
145
151
137
172
141
160
162
140
148
161
151
165
151
159
126
185
156
168
149
143
159
142
149
153
148
157
152
135
146
143
143
148
151
146
146
161
143
149
155
155
161
141
122
148
143
138
135
138
136
145
149
144
164
143
128
136
145
140
146
136
137
148
135
130
155
153
147
135
143
132
133
142
130
135
151
136
150
143
131
132
148
135
137
127
142
154
147
126
132
135
125
118
121
127
140
165
151
143
142
147
140
133
142
142
140
125
135
133
149
139
132
127
128
129
123
132
158
121
127
165
151
131
135
124
135
119
144
155
112
133
128
152
134
130
142
124
117
113
141
137
138
118
155
165
132
152
126
134
143
133
114
126
139
137
146
139
144
142
143
125
124
121
136
130
114
126
133
136
136
141
121
141
131
142
127
132
112
130
127
114
153
123
158
134
139
131
134
137
149
163
136
120
126
132
131
136
114
139
131
145
155
146
140
123
136
147
133
152
151
114
131
149
130
143
123
151
122
142
137
139
154
136
152
147
138
145
147
135
148
142
125
137
153
156
136
147
136
162
158
136
114
153
119
122
145
143
131
155
143
135
172
170
155
149
146
145
135
149
131
148
136
152
158
146
160
159
160
145
136
156
164
168
142
166
131
151
156
160
185
147
145
131
158
153
175
168
150
151
191
175
164
146
161
155
153
153
136
163
144
164
149
159
173
141
151
155
157
141
162
165
155
160
160
159
164
152
154
145
165
172
156
180
191
151
151
160
166
159
178
149
171
159
170
174
160
175
169
186
182
170
170
184
171
183
194
182
154
166
176
186
171
170
161
164
172
189
160
161
160
177
172
166
151
166
155
157
156
170
163
171
168
183
147
168
153
159
176
157
186
159
156
164
150
159
16
0
0
0
0
0
0
0
0
0
0
0
0
0
0
0
0
0
0
0
0
0
0
0
0
0
0
0
0
0
0
0
0
0
0
0
0
0
0
0
0
0
0
0
0
0
0
0
0
0
0
0
0
0
0
0
0
0
0
0
0
0
0
0
0
0
0
0
0
0
0
0
0
0
0
0
0
0
0
0
0
0
0
0
0
0
0
0
0
0
0
0
0
0
0
0
0
0
0
0
0
0
0
0
0
0
0
0
0
0
0
0
0
0
0
0
0
0
0
0
0
0
0
0
0
0
0
0
0
0
0
0
0
0
0
0
0
0
0
0
0
0
0
0
0
0
0
0
0
0
0
0
0
0
0
0
0
0
0
0
0
0
0
0
0
0
0
0
0
0
0
0
0
0
0
0
0
0
0
0
0
0
0
0
0
0
0
0
0
0
0
0
0
0
0
0
0
0
0
0
0
0
0
0
0
0
0
0
0
0
0
0
0
0
0
0
0
0
0
0
0
0
0
0
0
0
0
0
0
0
0
0
0
0
0
0
0
0
0
0
0
0
0
0
0
0
0
0
0
0
0
0
0
0
0
0
0
0
0
0
0
0
0
0
0
0
0
0
0
0
0
0
0
0
0
0
0
0
0
0
0
0
0
0
0
0
0
0
0
0
0
0
0
0
0
0
0
0
0
0
0
0
0
0
0
0
0
0
0
0
0
0
0
0
0
0
0
0
0
0
0
0
0
0
0
0
0
0
0
0
0
0
0
0
0
0
0
0
0
0
0
0
0
0
0
0
0
0
0
0
0
0
0
0
0
0
0
0
0
0
0
0
0
0
0
0
0
0
0
0
0
0
0
0
0
0
0
0
0
0
0
0
0
0
0
0
0
0
0
0
0
0
0
0
0
0
0
0
0
0
0
0
0
0
0
0
0
0
0
0
0
0
0
0
0
0
0
0
0
0
0
0
0
0
0
0
0
0
0
0
0
0
0
0
0
0
0
0
0
0
0
0
0
0
0
0
0
0
0
0
0
0
0
0
0
0
0
0
0
0
0
0
0
0
0
0
0
0
0
0
0
0
0
0
0
0
0
0
0
0
0
0
0
0
0
0
0
0
0
0
0
0
0
0
0
0
0
0
0
0
0
0
0
0
0
0
0
0
0
0
0
0
0
0
0
0
0
0
0
0
0
0
0
0
0
0
0
0
0
0
0
0
0
0
0
0
0
0
0
0
0
0
0
0
0
0
0
0
0
0
0
0
0
0
0
0
0
0
0
0
0
0
0
0
0
0
0
0
0
0
0
0
0
0
0
0
0
0
0
0
0
0
0
0
0
0
0
0
0
0
0
0
0
0
0
0
0
0
0
0
0
0
0
0
0
0
0
0
0
0
0
0
0
0
0
0
0
0
0
0
0
0
0
0
0
0
0
0
0
0
0
0
0
0
0
0
0
0
0
0
0
0
0
0
0
0
0
0
0
0
0
0
0
0
0
0
0
0
0
0
0
0
0
0
0
0
0
0
0
0
0
0
0
0
0
0
0
0
0
0
0
0
0
0
0
0
0
0
0
0
0
0
0
0
0
0
0
0
0
0
0
0
0
0
0
0
0
0
0
0
0
0
0
0
0
0
0
0
0
0
0
0
0
0
0
0
0
0
0
0
0
0
0
0
0
0
0
0
0
0
0
0
0
0
0
0
0
0
0
0
0
0
0
0
0
0
0
0
0
0
0
0
0
0
0
0
0
0
0
0
0
0
0
0
0
0
0
0
0
0
0
0
0
0
0
0
0
0
0
0
0
0
0
0
0
0
0
0
0
0
0
0
0
0
0
0
0
0
0
0
0
0
0
0
0
0
0
0
0
0
0
0
0
0
0
0
0
0
0
0
0
0
0
0
0
0
0
0
0
0
0
0
0
0
0
0
0
0
0
0
0
0
0
0
0
0
0
0
0
0
0
0
0
0
0
0
0
0
0
0
0
0
0
0
0
0
0
0
0
0
0
0
0
0
0
0
0
0
0
0
0
0
0
0
0
0
0
0
0
0
0
0
0
0
0
0
0
0
0
0
0
0
0
0
0
0
0
0
0
0
0
0
0
0
0
0
0
0
0
0
0
0
0
0
0
0
0
0
0
0
0
0
0
0
0
0
0
0
0
0
0
0
0
0
0
0
0
0
0
0
0
0
0
0
0
0
0
0
0
0
0
0
0
0
0
0
0
0
0
0
0
0
0
0
0
0
0
0
0
0
0
0
0
0
0
0
0
0
0
0
0
0
0
0
0
0
0
0
0
0
0
0
0
0
0
0
0
0
0
0
0
0
0
0
0
0
0
0
0
0
0
0
0
0
0
0
0
0
0
0
0
0
0
0
0
0
0
0
0
0
0
0
0
0
0
0
