# Measurement time [s]: 99.350
# Dwell time [us]: 20
#
# detCounts monCounts f_SF1_Hz f_SF2_Hz
135551 2000000 91700 91700
144
218
246
212
224
215
243
244
223
220
204
216
202
237
227
243
235
218
263
245
243
232
232
260
268
209
228
222
231
240
247
222
235
247
207
223
206
230
217
208
225
246
227
220
243
213
224
241
238
238
249
214
221
241
227
220
259
190
204
229
260
230
227
220
260
207
248
238
253
234
216
202
214
213
211
207
236
233
230
198
217
204
243
230
221
211
223
218
231
211
201
227
224
199
227
205
196
206
199
200
191
187
216
222
222
209
210
208
205
206
207
203
170
198
215
204
205
210
202
190
215
218
197
209
230
207
180
221
222
201
202
224
226
210
213
185
221
217
213
199
204
195
198
201
209
181
186
197
179
207
182
203
199
186
199
188
218
196
203
202
179
200
191
195
195
179
187
188
172
198
198
181
179
216
193
178
179
178
206
186
197
194
192
183
177
184
175
192
165
191
185
205
205
182
184
178
182
205
185
180
176
175
202
205
188
168
179
157
176
203
174
178
200
180
202
185
189
165
174
167
167
189
173
181
208
194
203
199
201
184
190
180
195
208
171
197
173
173
214
211
186
198
188
221
185
203
187
204
184
185
193
171
204
192
189
191
211
209
211
213
206
213
173
219
213
208
225
226
221
203
199
200
210
178
178
190
219
171
206
203
205
220
186
208
202
189
224
199
229
218
213
199
204
218
223
209
206
195
226
203
219
204
224
242
218
204
203
213
210
215
249
234
223
209
249
239
248
235
270
242
225
225
204
241
220
234
209
237
222
214
204
261
239
272
222
215
204
222
235
250
239
239
246
238
248
260
225
234
232
212
223
218
244
241
238
250
230
258
217
230
241
223
222
235
226
243
248
238
248
237
227
224
225
226
211
238
241
243
228
227
244
251
221
196
237
226
227
238
225
230
240
234
228
222
229
209
225
202
240
231
233
225
217
232
214
233
218
252
238
217
233
245
210
236
222
228
195
214
236
206
216
217
222
215
224
180
232
209
218
226
221
219
200
233
223
199
196
227
238
209
215
212
223
178
230
196
219
182
209
204
209
211
184
204
185
169
204
198
214
197
209
201
180
196
214
209
212
204
210
222
183
193
190
200
187
180
194
168
191
189
176
184
188
207
189
191
189
180
197
187
183
167
181
179
182
180
207
195
193
168
174
202
195
209
188
156
172
191
192
202
179
191
180
192
200
177
177
171
192
204
190
174
166
156
154
191
210
188
183
181
203
227
207
180
189
186
197
190
188
178
196
194
181
198
183
194
191
213
168
197
195
190
187
198
191
188
186
210
174
175
177
219
210
177
191
197
209
175
177
204
204
182
190
178
207
205
215
214
195
201
208
184
210
191
211
216
204
204
204
201
218
195
221
197
199
212
227
209
224
199
207
214
218
219
216
202
224
219
226
231
217
229
222
195
214
194
218
188
203
226
215
184
193
203
183
210
218
191
204
199
232
238
232
217
240
221
249
232
217
219
239
201
207
247
254
238
214
216
220
174
9
0
0
0
0
0
0
0
0
0
0
0
0
0
0
0
0
0
0
0
0
0
0
0
0
0
0
0
0
0
0
0
0
0
0
0
0
0
0
0
0
0
0
0
0
0
0
0
0
0
0
0
0
0
0
0
0
0
0
0
0
0
0
0
0
0
0
0
0
0
0
0
0
0
0
0
0
0
0
0
0
0
0
0
0
0
0
0
0
0
0
0
0
0
0
0
0
0
0
0
0
0
0
0
0
0
0
0
0
0
0
0
0
0
0
0
0
0
0
0
0
0
0
0
0
0
0
0
0
0
0
0
0
0
0
0
0
0
0
0
0
0
0
0
0
0
0
0
0
0
0
0
0
0
0
0
0
0
0
0
0
0
0
0
0
0
0
0
0
0
0
0
0
0
0
0
0
0
0
0
0
0
0
0
0
0
0
0
0
0
0
0
0
0
0
0
0
0
0
0
0
0
0
0
0
0
0
0
0
0
0
0
0
0
0
0
0
0
0
0
0
0
0
0
0
0
0
0
0
0
0
0
0
0
0
0
0
0
0
0
0
0
0
0
0
0
0
0
0
0
0
0
0
0
0
0
0
0
0
0
0
0
0
0
0
0
0
0
0
0
0
0
0
0
0
0
0
0
0
0
0
0
0
0
0
0
0
0
0
0
0
0
0
0
0
0
0
0
0
0
0
0
0
0
0
0
0
0
0
0
0
0
0
0
0
0
0
0
0
0
0
0
0
0
0
0
0
0
0
0
0
0
0
0
0
0
0
0
0
0
0
0
0
0
0
0
0
0
0
0
0
0
0
0
0
0
0
0
0
0
0
0
0
0
0
0
0
0
0
0
0
0
0
0
0
0
0
0
0
0
0
0
0
0
0
0
0
0
0
0
0
0
0
0
0
0
0
0
0
0
0
0
0
0
0
0
0
0
0
0
0
0
0
0
0
0
0
0
0
0
0
0
0
0
0
0
0
0
0
0
0
0
0
0
0
0
0
0
0
0
0
0
0
0
0
0
0
0
0
0
0
0
0
0
0
0
0
0
0
0
0
0
0
0
0
0
0
0
0
0
0
0
0
0
0
0
0
0
0
0
0
0
0
0
0
0
0
0
0
0
0
0
0
0
0
0
0
0
0
0
0
0
0
0
0
0
0
0
0
0
0
0
0
0
0
0
0
0
0
0
0
0
0
0
0
0
0
0
0
0
0
0
0
0
0
0
0
0
0
0
0
0
0
0
0
0
0
0
0
0
0
0
0
0
0
0
0
0
0
0
0
0
0
0
0
0
0
0
0
0
0
0
0
0
0
0
0
0
0
0
0
0
0
0
0
0
0
0
0
0
0
0
0
0
0
0
0
0
0
0
0
0
0
0
0
0
0
0
0
0
0
0
0
0
0
0
0
0
0
0
0
0
0
0
0
0
0
0
0
0
0
0
0
0
0
0
0
0
0
0
0
0
0
0
0
0
0
0
0
0
0
0
0
0
0
0
0
0
0
0
0
0
0
0
0
0
0
0
0
0
0
0
0
0
0
0
0
0
0
0
0
0
0
0
0
0
0
0
0
0
0
0
0
0
0
0
0
0
0
0
0
0
0
0
0
0
0
0
0
0
0
0
0
0
0
0
0
0
0
0
0
0
0
0
0
0
0
0
0
0
0
0
0
0
0
0
0
0
0
0
0
0
0
0
0
0
0
0
0
0
0
0
0
0
0
0
0
0
0
0
0
0
0
0
0
0
0
0
0
0
0
0
0
0
0
0
0
0
0
0
0
0
0
0
0
0
0
0
0
0
0
0
0
0
0
0
0
0
0
0
0
0
0
0
0
0
0
0
0
0
0
0
0
0
0
0
0
0
0
0
0
0
0
0
0
0
0
0
0
0
0
0
0
0
0
0
0
0
0
0
0
0
0
0
0
0
0
0
0
0
0
0
0
0
0
0
0
0
0
0
0
0
0
0
0
0
0
0
0
0
0
0
0
0
0
0
0
0
0
0
0
0
0
0
0
0
0
0
0
0
0
0
0
0
0
0
0
0
0
0
0
0
0
0
0
0
0
0
0
0
0
0
0
0
0
0
0
0
0
0
0
0
0
0
0
0
0
0
0
0
0
0
0
0
0
0
0
0
0
0
0
0
0
0
0
0
0
0
0
0
0
0
0
0
0
0
0
0
0
0
0
0
0
0
0
0
0
0
0
0
0
0
0
0
0
0
0
0
0
0
0
0
0
0
0
0
0
0
0
0
0
0
0
0
0
0
0
0
0
0
0
0
0
0
0
0
0
0
0
0
0
0
0
0
0
0
0
0
0
0
0
0
0
0
0
0
0
0
0
0
0
0
0
0
0
0
0
0
0
0
0
0
0
0
0
0
0
0
0
0
0
0
0
0
0
0
0
0
0
0
0
0
0
0
0
0
0
0
0
0
0
0
0
0
0
0
0
0
0
0
0
0
0
0
0
0
0
0
0
0
0
0
0
0
0
0
0
0
0
0
0
0
0
0
0
0
0
0
0
0
0
0
0
0
0
0
0
0
0
0
0
0
0
0
0
0
0
0
0
0
0
0
0
0
0
0
0
0
0
0
0
0
0
0
0
0
0
0
0
0
0
0
0
0
0
0
0
0
0
0
0
0
0
0
0
0
0
0
0
0
0
0
0
0
0
0
0
0
0
0
0
0
0
0
0
0
0
0
0
0
0
0
0
0
0
0
0
0
0
0
0
0
0
0
0
0
0
0
0
0
0
0
0
0
0
0
0
0
0
0
0
0
0
0
0
0
0
0
0
0
0
0
0
0
0
0
0
0
0
0
0
0
0
0
0
0
0
0
0
0
0
0
0
0
0
0
0
0
0
0
0
0
0
0
0
0
0
0
0
0
0
0
0
0
0
0
0
0
0
0
0
0
0
0
0
0
0
0
0
0
0
0
0
0
0
0
0
0
0
0
0
0
0
0
0
0
0
0
0
0
0
0
0
0
0
0
0
0
0
0
0
0
0
0
0
0
0
0
0
0
0
0
0
0
0
0
0
0
0
0
0
0
0
0
0
0
0
0
0
0
