# Measurement time [s]: 99.351
# Dwell time [us]: 20
#
# detCounts monCounts f_SF1_Hz f_SF2_Hz
135721 2000000 91700 91700
105
224
230
210
231
185
223
234
199
227
207
211
196
229
204
223
233
223
202
211
217
228
208
226
208
246
176
199
223
225
225
211
205
203
207
213
205
217
207
188
224
198
209
210
225
217
213
234
215
192
212
220
221
188
219
221
221
220
202
239
230
189
212
183
229
223
206
215
217
197
194
203
217
198
200
217
201
206
220
190
220
232
184
189
240
218
228
207
182
165
200
202
205
218
211
209
181
193
218
193
210
177
184
203
188
180
184
187
189
195
200
197
182
194
201
199
208
168
179
198
194
183
198
168
199
178
204
197
207
189
225
179
172
182
180
177
175
177
187
168
210
202
177
187
193
187
159
179
186
158
171
208
165
205
178
173
183
174
178
160
169
179
192
185
153
189
168
170
142
153
186
157
165
171
160
170
163
158
173
156
191
183
165
166
200
164
176
175
167
186
181
171
148
186
154
181
154
151
176
180
176
173
183
200
160
188
157
165
180
188
173
168
192
168
203
161
173
171
155
165
163
172
171
172
149
176
170
184
163
163
179
160
176
189
176
182
174
190
148
165
159
161
172
193
180
199
194
195
176
163
177
193
161
182
162
174
174
169
192
165
168
190
168
175
169
176
178
201
178
167
169
181
182
192
177
181
191
167
175
177
181
196
196
202
204
201
192
179
175
164
198
193
181
198
190
179
196
185
205
212
185
197
174
184
219
174
187
220
215
190
199
204
198
208
214
215
209
173
205
182
196
212
209
227
223
221
179
169
184
210
211
177
243
216
211
216
196
250
197
207
217
212
178
210
235
227
193
203
188
198
198
233
227
223
234
206
201
204
224
220
201
217
226
234
224
221
219
217
179
215
203
202
217
191
209
222
235
219
226
205
209
230
194
233
218
225
198
203
224
223
224
201
219
205
182
198
226
211
229
210
213
242
223
204
213
202
214
237
200
214
210
194
219
220
208
202
202
228
210
203
211
207
189
220
232
226
195
215
212
213
202
218
211
217
211
236
199
210
215
203
209
217
212
168
203
204
185
200
184
218
193
194
186
203
189
203
193
189
192
192
183
185
199
197
178
193
183
199
183
209
201
193
175
185
186
219
172
200
171
171
181
160
200
191
183
184
201
198
170
187
164
191
190
192
159
180
183
199
196
203
166
167
167
170
166
185
180
179
157
195
161
190
195
169
175
181
184
181
179
168
180
181
190
175
189
188
190
190
186
194
154
182
158
174
142
169
167
176
159
169
196
161
175
169
157
182
158
184
165
166
167
166
166
174
183
185
181
176
176
156
183
156
177
189
165
168
170
164
183
173
178
156
179
175
188
171
164
168
191
193
192
182
158
174
179
180
169
197
169
171
174
177
184
199
196
178
196
204
186
198
156
178
157
159
162
180
186
192
198
170
189
180
208
202
190
170
166
198
203
170
172
188
199
197
173
179
182
192
189
188
178
210
181
194
196
174
198
179
188
181
176
180
203
221
185
212
197
179
201
188
212
166
198
191
221
202
199
192
186
177
194
178
185
214
195
214
199
214
195
223
190
218
188
205
197
216
203
224
192
208
204
201
209
210
225
203
207
198
205
211
192
207
230
214
183
206
213
211
188
225
208
198
251
207
141
4
0
0
0
0
0
0
0
0
0
1
0
0
0
0
0
0
0
0
0
0
0
0
0
0
0
0
0
0
0
0
0
0
0
0
0
0
0
0
0
0
0
0
0
0
0
0
0
0
0
0
0
0
0
0
0
0
0
0
0
0
0
0
0
0
0
0
0
0
0
0
0
0
0
0
0
0
0
0
0
0
0
0
0
0
0
0
0
0
0
0
0
0
0
0
0
0
0
0
0
0
0
0
0
0
0
0
0
0
0
0
0
0
0
0
0
0
0
0
0
0
0
0
0
0
0
0
0
0
0
0
0
0
0
0
0
0
0
0
0
0
0
0
0
0
0
0
0
0
0
0
0
0
0
0
0
0
0
0
0
0
0
0
0
0
0
0
0
0
0
0
0
0
0
0
0
0
0
0
0
0
0
0
0
0
0
0
0
0
0
0
0
0
0
0
0
0
0
0
0
0
0
0
0
0
0
0
0
0
0
0
0
0
0
0
0
0
0
0
0
0
0
0
0
0
0
0
0
0
0
0
0
0
0
0
0
0
0
0
0
0
0
0
0
0
0
0
0
0
0
0
0
0
0
0
0
0
0
0
0
0
0
0
0
0
0
0
0
0
0
0
0
0
0
0
0
0
0
0
0
0
0
0
0
0
0
0
0
0
0
0
0
0
0
0
0
0
0
0
0
0
0
0
0
0
0
0
0
0
0
0
0
0
0
0
0
0
0
0
0
0
0
0
0
0
0
0
0
0
0
0
0
0
0
0
0
0
0
0
0
0
0
0
0
0
0
0
0
0
0
0
0
0
0
0
0
0
0
0
0
0
0
0
0
0
0
0
0
0
0
0
0
0
0
0
0
0
0
0
0
0
0
0
0
0
0
0
0
0
0
0
0
0
0
0
0
0
0
0
0
0
0
0
0
0
0
0
0
0
0
0
0
0
0
0
0
0
0
0
0
0
0
0
0
0
0
0
0
0
0
0
0
0
0
0
0
0
0
0
0
0
0
0
0
0
0
0
0
0
0
0
0
0
0
0
0
0
0
0
0
0
0
0
0
0
0
0
0
0
0
0
0
0
0
0
0
0
0
0
0
0
0
0
0
0
0
0
0
0
0
0
0
0
0
0
0
0
0
0
0
0
0
0
0
0
0
0
0
0
0
0
0
0
0
0
0
0
0
0
0
0
0
0
0
0
0
0
0
0
0
0
0
0
0
0
0
0
0
0
0
0
0
0
0
0
0
0
0
0
0
0
0
0
0
0
0
0
0
0
0
0
0
0
0
0
0
0
0
0
0
0
0
0
0
0
0
0
0
0
0
0
0
0
0
0
0
0
0
0
0
0
0
0
0
0
0
0
0
0
0
0
0
0
0
0
0
0
0
0
0
0
0
0
0
0
0
0
0
0
0
0
0
0
0
0
0
0
0
0
0
0
0
0
0
0
0
0
0
0
0
0
0
0
0
0
0
0
0
0
0
0
0
0
0
0
0
0
0
0
0
0
0
0
0
0
0
0
0
0
0
0
0
0
0
0
0
0
0
0
0
0
0
0
0
0
0
0
0
0
0
0
0
0
0
0
0
0
0
0
0
0
0
0
0
0
0
0
0
0
0
0
0
0
0
0
0
0
0
0
0
0
0
0
0
0
0
0
0
0
0
0
0
0
0
0
0
0
0
0
0
0
0
0
0
0
0
0
0
0
0
0
0
0
0
0
0
0
0
0
0
0
0
0
0
0
0
0
0
0
0
0
0
0
0
0
0
0
0
0
0
0
0
0
0
0
0
0
0
0
0
0
0
0
0
0
0
0
0
0
0
0
0
0
0
0
0
0
0
0
0
0
0
0
0
0
0
0
0
0
0
0
0
0
0
0
0
0
0
0
0
0
0
0
0
0
0
0
0
0
0
0
0
0
0
0
0
0
0
0
0
0
0
0
0
0
0
0
0
0
0
0
0
0
0
0
0
0
0
0
0
0
0
0
0
0
0
0
0
0
0
0
0
0
0
0
0
0
0
0
0
0
0
0
0
0
0
0
0
0
0
0
0
0
0
0
0
0
0
0
0
0
0
0
0
0
0
0
0
0
0
0
0
0
0
0
0
0
0
0
0
0
0
0
0
0
0
0
0
0
0
0
0
0
0
0
0
0
0
0
0
0
0
0
0
0
0
0
0
0
0
0
0
0
0
0
0
0
0
0
0
0
0
0
0
0
0
0
0
0
0
0
0
0
0
0
0
0
0
0
0
0
0
0
0
0
0
0
0
0
0
0
0
0
0
0
0
0
0
0
0
0
0
0
0
0
0
0
0
0
0
0
0
0
0
0
0
0
0
0
0
0
0
0
0
0
0
0
0
0
0
0
0
0
0
0
0
0
0
0
0
0
0
0
0
0
0
0
0
0
0
0
0
0
0
0
0
0
0
0
0
0
0
0
0
0
0
0
0
0
0
0
0
0
0
0
0
0
0
0
0
0
0
0
0
0
0
0
0
0
0
0
0
0
0
0
0
0
0
0
0
0
0
0
0
0
0
0
0
0
0
0
0
0
0
0
0
0
0
0
0
0
0
0
0
0
0
0
0
0
0
0
0
0
0
0
0
0
0
0
0
0
0
0
0
0
0
0
0
0
0
0
0
0
0
0
0
0
0
0
0
0
0
0
0
0
0
0
0
0
0
0
0
0
0
0
0
0
0
0
0
0
0
0
0
0
0
0
0
0
0
0
0
0
0
0
0
0
0
0
0
0
0
0
0
0
0
0
0
0
0
0
0
0
0
0
0
0
0
0
0
0
0
0
0
0
0
0
0
0
0
0
0
0
0
0
0
0
0
0
0
0
0
0
0
0
0
0
0
0
0
0
0
0
0
0
0
0
0
0
0
0
0
0
0
0
0
0
0
0
0
0
0
0
0
0
0
0
0
0
0
0
0
0
0
0
