# Measurement time [s]: 99.349
# Dwell time [us]: 20
#
# detCounts monCounts f_SF1_Hz f_SF2_Hz
145151 2000001 91700 91700
93
220
234
219
242
214
223
232
246
219
235
218
233
219
219
211
235
195
214
208
241
230
218
210
229
258
215
221
245
222
250
230
217
225
227
217
238
225
233
216
215
227
205
217
225
222
236
209
206
228
239
247
229
210
222
211
204
248
236
241
229
223
238
235
201
201
212
227
213
227
223
226
214
219
211
208
195
221
213
223
220
229
227
225
244
213
230
215
200
198
210
225
205
240
212
230
244
210
215
229
193
218
195
222
223
197
198
241
199
183
196
208
239
187
221
202
217
198
204
193
179
209
186
187
183
217
212
202
189
177
207
183
202
216
194
183
209
194
193
179
193
198
171
208
205
187
189
171
156
193
198
197
193
185
196
175
184
161
189
184
191
159
195
201
189
195
169
189
192
197
174
192
184
170
172
184
197
195
204
199
188
177
186
181
184
192
190
174
193
200
190
177
199
167
185
197
177
174
201
195
186
180
175
178
188
195
186
173
199
201
168
190
167
166
206
181
209
181
181
204
189
169
176
177
194
201
184
191
178
189
200
214
181
172
210
210
218
193
195
184
185
224
185
171
186
189
181
186
165
192
215
198
152
192
205
207
184
199
192
186
196
212
181
198
206
211
192
184
196
203
211
186
198
192
187
201
170
197
207
208
182
197
218
222
228
224
199
189
204
184
218
234
219
197
199
196
192
185
196
206
234
244
207
230
216
228
215
202
217
213
243
238
187
224
195
236
224
206
207
212
241
227
243
200
228
218
188
215
220
215
233
238
217
215
225
215
223
201
253
203
239
221
215
233
233
232
240
232
220
231
225
244
230
224
246
233
229
210
256
220
219
221
239
212
246
254
249
235
221
250
242
232
253
263
217
223
206
210
241
218
223
212
206
244
191
213
234
226
209
215
244
218
233
238
212
234
216
243
225
216
224
215
194
229
237
220
204
197
243
229
240
243
229
245
199
235
238
201
229
207
208
242
209
232
227
219
220
222
232
227
198
249
226
221
216
221
207
201
217
213
202
225
186
213
215
217
205
216
196
211
224
203
227
194
186
203
226
210
224
198
189
214
219
214
206
200
230
207
195
211
223
219
191
207
189
190
209
204
205
202
200
175
216
187
179
205
196
176
203
158
226
184
167
220
179
199
205
181
198
174
184
193
168
177
188
222
216
209
200
210
178
202
176
183
188
185
178
205
190
174
193
183
192
201
184
191
196
176
167
152
197
180
172
183
166
186
183
207
188
186
179
193
194
181
181
166
195
189
196
203
182
192
185
184
182
173
188
186
182
174
201
189
190
197
204
191
172
172
189
198
195
165
191
178
171
176
190
192
199
183
174
175
189
211
187
171
207
182
195
191
195
181
200
167
177
192
169
197
194
188
186
203
182
213
201
193
197
171
198
212
224
189
196
162
195
204
184
218
201
228
201
197
212
188
214
196
215
188
212
207
187
195
213
198
200
207
232
216
227
201
216
215
249
199
218
198
194
226
219
205
207
231
203
213
206
230
201
215
192
222
207
232
216
201
216
191
212
219
222
198
213
236
212
216
221
222
226
187
235
240
223
227
225
228
216
211
218
246
236
217
219
202
239
217
227
219
215
205
243
229
245
246
227
209
154
2
0
0
0
0
0
0
0
0
0
0
0
0
0
0
0
0
0
0
0
0
0
0
0
0
0
0
0
0
0
0
0
0
0
0
0
0
0
0
0
0
0
0
0
0
0
0
0
0
0
0
0
0
0
0
0
0
0
0
0
0
0
0
0
0
0
0
0
0
0
0
0
0
0
0
0
0
0
0
0
0
0
0
0
0
0
0
0
0
0
0
0
0
0
0
0
0
0
0
0
0
0
0
0
0
0
0
0
0
0
0
0
0
0
0
0
0
0
0
0
0
0
0
0
0
0
0
0
0
0
0
0
0
0
0
0
0
0
0
0
0
0
0
0
0
0
0
0
0
0
0
0
0
0
0
0
0
0
0
0
0
0
0
0
0
0
0
0
0
0
0
0
0
0
0
0
0
0
0
0
0
0
0
0
0
0
0
0
0
0
0
0
0
0
0
0
0
0
0
0
0
0
0
0
0
0
0
0
0
0
0
0
0
0
0
0
0
0
0
0
0
0
0
0
0
0
0
0
0
0
0
0
0
0
0
0
0
0
0
0
0
0
0
0
0
0
0
0
0
0
0
0
0
0
0
0
0
0
0
0
0
0
0
0
0
0
0
0
0
0
0
0
0
0
0
0
0
0
0
0
0
0
0
0
0
0
0
0
0
0
0
0
0
0
0
0
0
0
0
0
0
0
0
0
0
0
0
0
0
0
0
0
0
0
0
0
0
0
0
0
0
0
0
0
0
0
0
0
0
0
0
0
0
0
0
0
0
0
0
0
0
0
0
0
0
0
0
0
0
0
0
0
0
0
0
0
0
0
0
0
0
0
0
0
0
0
0
0
0
0
0
0
0
0
0
0
0
0
0
0
0
0
0
0
0
0
0
0
0
0
0
0
0
0
0
0
0
0
0
0
0
0
0
0
0
0
0
0
0
0
0
0
0
0
0
0
0
0
0
0
0
0
0
0
0
0
0
0
0
0
0
0
0
0
0
0
0
0
0
0
0
0
0
0
0
0
0
0
0
0
0
0
0
0
0
0
0
0
0
0
0
0
0
0
0
0
0
0
0
0
0
0
0
0
0
0
0
0
0
0
0
0
0
0
0
0
0
0
0
0
0
0
0
0
0
0
0
0
0
0
0
0
0
0
0
0
0
0
0
0
0
0
0
0
0
0
0
0
0
0
0
0
0
0
0
0
0
0
0
0
0
0
0
0
0
0
0
0
0
0
0
0
0
0
0
0
0
0
0
0
0
0
0
0
0
0
0
0
0
0
0
0
0
0
0
0
0
0
0
0
0
0
0
0
0
0
0
0
0
0
0
0
0
0
0
0
0
0
0
0
0
0
0
0
0
0
0
0
0
0
0
0
0
0
0
0
0
0
0
0
0
0
0
0
0
0
0
0
0
0
0
0
0
0
0
0
0
0
0
0
0
0
0
0
0
0
0
0
0
0
0
0
0
0
0
0
0
0
0
0
0
0
0
0
0
0
0
0
0
0
0
0
0
0
0
0
0
0
0
0
0
0
0
0
0
0
0
0
0
0
0
0
0
0
0
0
0
0
0
0
0
0
0
0
0
0
0
0
0
0
0
0
0
0
0
0
0
0
0
0
0
0
0
0
0
0
0
0
0
0
0
0
0
0
0
0
0
0
0
0
0
0
0
0
0
0
0
0
0
0
0
0
0
0
0
0
0
0
0
0
0
0
0
0
0
0
0
0
0
0
0
0
0
0
0
0
0
0
0
0
0
0
0
0
0
0
0
0
0
0
0
0
0
0
0
0
0
0
0
0
0
0
0
0
0
0
0
0
0
0
0
0
0
0
0
0
0
0
0
0
0
0
0
0
0
0
0
0
0
0
0
0
0
0
0
0
0
0
0
0
0
0
0
0
0
0
0
0
0
0
0
0
0
0
0
0
0
0
0
0
0
0
0
0
0
0
0
0
0
0
0
0
0
0
0
0
0
0
0
0
0
0
0
0
0
0
0
0
0
0
0
0
0
0
0
0
0
0
0
0
0
0
0
0
0
0
0
0
0
0
0
0
0
0
0
0
0
0
0
0
0
0
0
0
0
0
0
0
0
0
0
0
0
0
0
0
0
0
0
0
0
0
0
0
0
0
0
0
0
0
0
0
0
0
0
0
0
0
0
0
0
0
0
0
0
0
0
0
0
0
0
0
0
0
0
0
0
0
0
0
0
0
0
0
0
0
0
0
0
0
0
0
0
0
0
0
0
0
0
0
0
0
0
0
0
0
0
0
0
0
0
0
0
0
0
0
0
0
0
0
0
0
0
0
0
0
0
0
0
0
0
0
0
0
0
0
0
0
0
0
0
0
0
0
0
0
0
0
0
0
0
0
0
0
0
0
0
0
0
0
0
0
0
0
0
0
0
0
0
0
0
0
0
0
0
0
0
0
0
0
0
0
0
0
0
0
0
0
0
0
0
0
0
0
0
0
0
0
0
0
0
0
0
0
0
0
0
0
0
0
0
0
0
0
0
0
0
0
0
0
0
0
0
0
0
0
0
0
0
0
0
0
0
0
0
0
0
0
0
0
0
0
0
0
0
0
0
0
0
0
0
0
0
0
0
0
0
0
0
0
0
0
0
0
0
0
0
0
0
0
0
0
0
0
0
0
0
0
0
0
0
0
0
0
0
0
0
0
0
0
0
0
0
0
0
0
0
0
0
0
0
0
0
0
0
0
0
0
0
0
0
0
0
0
0
0
0
0
0
0
0
0
0
0
0
0
0
0
0
0
0
0
0
0
0
0
0
0
0
0
0
0
0
0
0
0
0
0
0
0
0
0
0
0
0
0
0
0
0
0
0
0
0
0
0
0
0
0
0
0
0
0
0
0
0
0
0
0
0
0
0
0
0
0
0
0
0
0
0
0
0
0
0
0
0
0
0
0
0
0
0
0
0
0
0
