# Measurement time [s]: 99.348
# Dwell time [us]: 20
#
# detCounts monCounts f_SF1_Hz f_SF2_Hz
142807 2000000 91700 91700
107
215
195
171
204
200
173
216
199
227
167
203
198
195
221
222
206
202
192
174
187
181
199
213
203
190
192
205
186
197
159
215
222
208
200
213
196
183
182
193
185
210
183
179
217
212
184
165
163
196
194
186
202
182
195
182
197
216
175
210
178
192
214
200
202
187
184
183
209
175
172
197
208
161
215
173
172
198
169
185
178
218
199
207
199
162
186
202
146
193
187
193
193
207
209
182
198
184
169
166
184
162
179
158
161
154
147
184
143
183
160
177
181
201
194
175
188
182
185
207
170
177
153
198
199
163
179
183
167
168
175
179
150
177
167
156
164
158
172
173
165
181
182
146
178
171
161
151
167
174
148
164
183
148
175
164
163
163
163
165
160
168
181
167
178
198
154
152
186
164
152
152
152
187
162
151
148
180
167
163
138
190
138
149
138
173
155
175
183
154
160
159
154
157
144
147
183
168
163
134
157
152
161
189
146
172
154
145
161
170
158
162
152
168
167
173
164
164
157
156
186
153
178
156
128
146
165
155
166
185
146
166
150
162
141
156
156
159
189
142
164
135
168
145
173
168
160
148
163
121
179
164
153
154
160
168
140
168
162
167
164
155
152
171
171
152
166
157
180
173
151
150
167
192
185
164
157
164
183
180
179
185
154
177
186
177
172
179
178
168
161
168
155
170
162
164
160
177
185
171
148
182
177
167
181
174
192
176
192
177
173
184
185
172
178
162
178
168
209
192
177
143
178
166
206
177
190
182
180
184
186
177
214
197
146
199
205
216
189
163
183
205
171
175
195
196
180
185
193
205
187
205
186
198
179
179
208
186
215
196
220
181
173
196
207
170
197
195
175
205
202
178
207
201
182
175
204
218
206
173
185
200
187
202
226
180
192
200
178
194
177
159
189
186
202
210
185
189
215
206
198
203
179
194
179
200
190
218
194
181
187
232
205
210
203
191
203
216
176
191
192
192
227
203
193
212
200
216
178
190
195
208
220
197
208
203
196
185
198
192
189
187
212
205
171
223
173
185
210
205
179
197
219
205
213
205
215
191
199
180
189
186
194
175
201
186
205
211
203
204
169
180
200
192
196
206
203
194
184
179
220
193
199
167
184
174
203
219
176
181
186
235
184
198
175
196
179
184
165
187
205
191
186
172
184
194
194
160
177
186
180
174
176
181
200
181
210
195
206
197
177
177
177
185
142
167
189
182
151
184
170
175
190
190
183
193
188
182
157
192
173
155
162
161
171
161
164
157
181
149
173
179
169
197
161
180
156
169
159
182
179
158
149
152
168
189
140
154
179
143
155
168
168
166
176
157
192
155
152
165
152
166
181
164
148
160
154
168
168
162
167
156
186
151
149
164
168
126
172
169
181
153
164
168
139
161
142
136
155
152
179
148
176
137
140
168
145
146
162
176
167
128
151
140
170
152
169
166
136
139
175
174
155
151
156
163
140
148
170
168
150
180
159
138
157
149
143
147
176
147
165
164
150
174
155
144
147
159
187
153
189
160
176
158
152
156
154
146
164
163
180
158
170
158
166
184
168
173
161
161
195
162
178
148
167
155
160
184
164
185
196
169
165
169
168
184
188
179
187
166
151
169
152
179
168
169
189
179
163
169
189
198
167
153
140
202
178
187
169
175
167
162
173
173
172
174
197
200
164
205
172
169
185
175
164
178
189
165
175
164
212
183
185
196
179
200
179
196
208
187
209
202
180
178
207
178
197
203
210
190
203
176
170
207
184
191
182
192
205
205
201
207
201
197
197
205
197
186
198
205
199
208
219
164
194
193
211
199
193
198
218
221
181
225
203
188
203
199
200
201
87
0
0
0
0
0
0
0
0
0
0
0
0
0
0
0
0
0
0
0
0
0
0
0
0
0
0
0
0
0
0
0
0
0
0
0
0
0
0
0
0
0
0
0
0
0
0
0
0
0
0
0
0
0
0
0
0
0
0
0
0
0
0
0
0
0
0
0
0
0
0
0
0
0
0
0
0
0
0
0
0
0
0
0
0
0
0
0
0
0
0
0
0
0
0
0
0
0
0
0
0
0
0
0
0
0
0
0
0
0
0
0
0
0
0
0
0
0
0
0
0
0
0
0
0
0
0
0
0
0
0
0
0
0
0
0
0
0
0
0
0
0
0
0
0
0
0
0
0
0
0
0
0
0
0
0
0
0
0
0
0
0
0
0
0
0
0
0
0
0
0
0
0
0
0
0
0
0
0
0
0
0
0
0
0
0
0
0
0
0
0
0
0
0
0
0
0
0
0
0
0
0
0
0
0
0
0
0
0
0
0
0
0
0
0
0
0
0
0
0
0
0
0
0
0
0
0
0
0
0
0
0
0
0
0
0
0
0
0
0
0
0
0
0
0
0
0
0
0
0
0
0
0
0
0
0
0
0
0
0
0
0
0
0
0
0
0
0
0
0
0
0
0
0
0
0
0
0
0
0
0
0
0
0
0
0
0
0
0
0
0
0
0
0
0
0
0
0
0
0
0
0
0
0
0
0
0
0
0
0
0
0
0
0
0
0
0
0
0
0
0
0
0
0
0
0
0
0
0
0
0
0
0
0
0
0
0
0
0
0
0
0
0
0
0
0
0
0
0
0
0
0
0
0
0
0
0
0
0
0
0
0
0
0
0
0
0
0
0
0
0
0
0
0
0
0
0
0
0
0
0
0
0
0
0
0
0
0
0
0
0
0
0
0
0
0
0
0
0
0
0
0
0
0
0
0
0
0
0
0
0
0
0
0
0
0
0
0
0
0
0
0
0
0
0
0
0
0
0
0
0
0
0
0
0
0
0
0
0
0
0
0
0
0
0
0
0
0
0
0
0
0
0
0
0
0
0
0
0
0
0
0
0
0
0
0
0
0
0
0
0
0
0
0
0
0
0
0
0
0
0
0
0
0
0
0
0
0
0
0
0
0
0
0
0
0
0
0
0
0
0
0
0
0
0
0
0
0
0
0
0
0
0
0
0
0
0
0
0
0
0
0
0
0
0
0
0
0
0
0
0
0
0
0
0
0
0
0
0
0
0
0
0
0
0
0
0
0
0
0
0
0
0
0
0
0
0
0
0
0
0
0
0
0
0
0
0
0
0
0
0
0
0
0
0
0
0
0
0
0
0
0
0
0
0
0
0
0
0
0
0
0
0
0
0
0
0
0
0
0
0
0
0
0
0
0
0
0
0
0
0
0
0
0
0
0
0
0
0
0
0
0
0
0
0
0
0
0
0
0
0
0
0
0
0
0
0
0
0
0
0
0
0
0
0
0
0
0
0
0
0
0
0
0
0
0
0
0
0
0
0
0
0
0
0
0
0
0
0
0
0
0
0
0
0
0
0
0
0
0
0
0
0
0
0
0
0
0
0
0
0
0
0
0
0
0
0
0
0
0
0
0
0
0
0
0
0
0
0
0
0
0
0
0
0
0
0
0
0
0
0
0
0
0
0
0
0
0
0
0
0
0
0
0
0
0
0
0
0
0
0
0
0
0
0
0
0
0
0
0
0
0
0
0
0
0
0
0
0
0
0
0
0
0
0
0
0
0
0
0
0
0
0
0
0
0
0
0
0
0
0
0
0
0
0
0
0
0
0
0
0
0
0
0
0
0
0
0
0
0
0
0
0
0
0
0
0
0
0
0
0
0
0
0
0
0
0
0
0
0
0
0
0
0
0
0
0
0
0
0
0
0
0
0
0
0
0
0
0
0
0
0
0
0
0
0
0
0
0
0
0
0
0
0
0
0
0
0
0
0
0
0
0
0
0
0
0
0
0
0
0
0
0
0
0
0
0
0
0
0
0
0
0
0
0
0
0
0
0
0
0
0
0
0
0
0
0
0
0
0
0
0
0
0
0
0
0
0
0
0
0
0
0
0
0
0
0
0
0
0
0
0
0
0
0
0
0
0
0
0
0
0
0
0
0
0
0
0
0
0
0
0
0
0
0
0
0
0
0
0
0
0
0
0
0
0
0
0
0
0
0
0
0
0
0
0
0
0
0
0
0
0
0
0
0
0
0
0
0
0
0
0
0
0
0
0
0
0
0
0
0
0
0
0
0
0
0
0
0
0
0
0
0
0
0
0
0
0
0
0
0
0
0
0
0
0
0
0
0
0
0
0
0
0
0
0
0
0
0
0
0
0
0
0
0
0
0
0
0
0
0
0
0
0
0
0
0
0
0
0
0
0
0
0
0
0
0
0
0
0
0
0
0
0
0
0
0
0
0
0
0
0
0
0
0
0
0
0
0
0
0
0
0
0
0
0
0
0
0
0
0
0
0
0
0
0
0
0
0
0
0
0
0
0
0
0
0
0
0
0
0
0
0
0
0
0
0
0
0
0
0
0
0
0
0
0
0
0
0
0
0
0
0
0
0
0
0
0
0
0
0
0
0
0
0
0
0
0
0
0
0
0
0
0
0
0
0
0
0
0
0
0
0
0
0
0
0
0
0
0
0
0
0
0
0
0
0
0
0
0
0
0
0
0
0
0
0
0
0
0
0
0
0
0
0
0
0
0
0
0
