# Measurement time [s]: 122.432
# Dwell time [us]: 20
#
# detCounts monCounts f_SF1_Hz f_SF2_Hz
148552 2000000 91700 91700
101
195
201
194
212
210
218
224
190
230
210
196
197
177
218
210
215
199
223
191
225
206
219
215
219
196
185
176
173
213
234
204
198
206
237
213
203
198
197
209
200
185
212
196
194
214
200
192
200
198
204
209
208
171
205
210
193
214
239
202
197
185
210
216
198
206
182
191
196
174
180
195
200
189
200
192
195
203
191
186
192
189
171
202
189
209
184
190
189
188
175
179
195
205
188
212
204
170
198
172
169
193
197
190
185
182
204
183
189
187
189
173
201
178
179
204
202
182
188
185
184
184
169
180
176
170
187
183
183
162
195
171
181
191
182
196
196
167
180
172
183
179
182
173
184
204
177
181
169
153
188
175
168
183
173
174
166
169
170
165
174
173
161
163
155
162
176
159
196
177
180
189
167
177
184
157
155
180
155
166
183
161
171
169
169
146
168
172
169
173
180
145
171
175
184
155
191
171
172
189
172
160
160
149
179
174
150
154
164
166
188
176
168
175
161
174
163
180
161
176
166
169
150
180
165
170
186
165
153
181
171
184
167
175
193
172
156
176
174
182
162
152
184
161
165
191
166
166
184
152
170
146
179
165
176
172
189
182
185
160
147
172
162
185
170
184
188
161
155
187
168
191
181
168
161
198
180
172
178
183
168
164
186
181
183
188
173
167
169
173
180
170
173
178
186
201
163
169
182
191
204
202
202
155
176
188
141
185
221
167
179
209
217
187
168
188
177
167
162
191
176
187
187
194
186
183
185
157
202
192
194
176
188
171
182
202
185
194
168
180
208
195
171
197
185
192
197
203
183
182
199
183
239
190
208
192
221
212
190
191
201
199
201
204
218
181
198
199
181
194
192
212
187
207
217
197
203
203
199
196
228
181
201
215
213
204
197
214
206
190
209
207
222
211
221
195
184
204
204
220
217
192
171
194
217
191
208
208
184
189
179
208
203
210
202
213
194
214
210
197
212
193
209
208
214
211
211
185
198
202
170
213
190
217
177
194
225
208
208
199
187
205
189
198
227
211
171
171
230
210
241
191
210
224
197
204
200
194
205
202
199
195
192
179
228
211
200
211
203
198
189
202
193
208
195
209
224
190
206
182
184
197
191
197
203
206
199
188
199
154
187
192
228
229
166
189
183
209
194
200
201
185
192
185
180
189
208
185
185
197
175
197
192
196
198
177
185
190
183
195
163
166
196
199
184
194
185
178
192
187
167
160
180
193
185
183
191
161
173
162
156
197
187
187
174
183
170
190
186
160
190
175
202
178
182
172
171
178
177
168
173
168
177
164
196
186
163
174
180
175
166
178
191
164
166
173
171
173
158
159
168
171
171
169
160
147
152
146
181
155
171
175
151
171
154
158
140
178
142
158
195
174
160
158
164
158
176
153
157
176
144
173
196
173
163
181
129
176
176
167
172
152
146
188
175
185
168
175
160
165
179
160
147
186
158
159
166
169
148
160
194
178
142
162
182
185
184
183
134
141
159
170
162
177
161
175
164
192
160
156
165
190
166
170
167
176
175
166
178
178
159
150
167
186
175
185
150
171
177
185
163
169
170
198
171
187
194
193
184
180
141
162
178
166
192
193
174
199
176
208
192
202
188
174
173
190
193
174
140
193
182
223
169
187
179
187
172
181
169
187
194
203
211
185
186
198
181
152
193
190
194
216
193
196
191
198
168
164
208
207
210
197
193
175
179
190
220
202
181
211
179
204
197
188
228
189
190
186
198
193
174
212
181
212
194
192
180
183
201
201
179
230
200
219
220
214
196
197
199
222
202
178
233
212
224
228
200
212
227
199
197
205
189
191
201
183
187
214
233
195
80
0
0
0
0
0
0
0
0
0
0
0
0
0
0
0
0
0
0
0
0
0
0
0
0
0
0
0
0
0
0
0
0
0
0
0
0
0
0
0
0
0
0
0
0
0
0
0
0
0
0
0
0
0
0
0
0
0
0
0
0
0
0
0
0
0
0
0
0
0
0
0
0
0
0
0
0
0
0
0
0
0
0
0
0
0
0
0
0
0
0
0
0
0
0
0
0
0
0
0
0
0
0
0
0
0
0
0
0
0
0
0
0
0
0
0
0
0
0
0
0
0
0
0
0
0
0
0
0
0
0
0
0
0
0
0
0
0
0
0
0
0
0
0
0
0
0
0
0
0
0
0
0
0
0
0
0
0
0
0
0
0
0
0
0
0
0
0
0
0
0
0
0
0
0
0
0
0
0
0
0
0
0
0
0
0
0
0
0
0
0
0
0
0
0
0
0
0
0
0
0
0
0
0
0
0
0
0
0
0
0
0
0
0
0
0
0
0
0
0
0
0
0
0
0
0
0
0
0
0
0
0
0
0
0
0
0
0
0
0
0
0
0
0
0
0
0
0
0
0
0
0
0
0
0
0
0
0
0
0
0
0
0
0
0
0
0
0
0
0
0
0
0
0
0
0
0
0
0
0
0
0
0
0
0
0
0
0
0
0
0
0
0
0
0
0
0
0
0
0
0
0
0
0
0
0
0
0
0
0
0
0
0
0
0
0
0
0
0
0
0
0
0
0
0
0
0
0
0
0
0
0
0
0
0
0
0
0
0
0
0
0
0
0
0
0
0
0
0
0
0
0
0
0
0
0
0
0
0
0
0
0
0
0
0
0
0
0
0
0
0
0
0
0
0
0
0
0
0
0
0
0
0
0
0
0
0
0
0
0
0
0
0
0
0
0
0
0
0
0
0
0
0
0
0
0
0
0
0
0
0
0
0
0
0
0
0
0
0
0
0
0
0
0
0
0
0
0
0
0
0
0
0
0
0
0
0
0
0
0
0
0
0
0
0
0
0
0
0
0
0
0
0
0
0
0
0
0
0
0
0
0
0
0
0
0
0
0
0
0
0
0
0
0
0
0
0
0
0
0
0
0
0
0
0
0
0
0
0
0
0
0
0
0
0
0
0
0
0
0
0
0
0
0
0
0
0
0
0
0
0
0
0
0
0
0
0
0
0
0
0
0
0
0
0
0
0
0
0
0
0
0
0
0
0
0
0
0
0
0
0
0
0
0
0
0
0
0
0
0
0
0
0
0
0
0
0
0
0
0
0
0
0
0
0
0
0
0
0
0
0
0
0
0
0
0
0
0
0
0
0
0
0
0
0
0
0
0
0
0
0
0
0
0
0
0
0
0
0
0
0
0
0
0
0
0
0
0
0
0
0
0
0
0
0
0
0
0
0
0
0
0
0
0
0
0
0
0
0
0
0
0
0
0
0
0
0
0
0
0
0
0
0
0
0
0
0
0
0
0
0
0
0
0
0
0
0
0
0
0
0
0
0
0
0
0
0
0
0
0
0
0
0
0
0
0
0
0
0
0
0
0
0
0
0
0
0
0
0
0
0
0
0
0
0
0
0
0
0
0
0
0
0
0
0
0
0
0
0
0
0
0
0
0
0
0
0
0
0
0
0
0
0
0
0
0
0
0
0
0
0
0
0
0
0
0
0
0
0
0
0
0
0
0
0
0
0
0
0
0
0
0
0
0
0
0
0
0
0
0
0
0
0
0
0
0
0
0
0
0
0
0
0
0
0
0
0
0
0
0
0
0
0
0
0
0
0
0
0
0
0
0
0
0
0
0
0
0
0
0
0
0
0
0
0
0
0
0
0
0
0
0
0
0
0
0
0
0
0
0
0
0
0
0
0
0
0
0
0
0
0
0
0
0
0
0
0
0
0
0
0
0
0
0
0
0
0
0
0
0
0
0
0
0
0
0
0
0
0
0
0
0
0
0
0
0
0
0
0
0
0
0
0
0
0
0
0
0
0
0
0
0
0
0
0
0
0
0
0
0
0
0
0
0
0
0
0
0
0
0
0
0
0
0
0
0
0
0
0
0
0
0
0
0
0
0
0
0
0
0
0
0
0
0
0
0
0
0
0
0
0
0
0
0
0
0
0
0
0
0
0
0
0
0
0
0
0
0
0
0
0
0
0
0
0
0
0
0
0
0
0
0
0
0
0
0
0
0
0
0
0
0
0
0
0
0
0
0
0
0
0
0
0
0
0
0
0
0
0
0
0
0
0
0
0
0
0
0
0
0
0
0
0
0
0
0
0
0
0
0
0
0
0
0
0
0
0
0
0
0
0
0
0
0
0
0
0
0
0
0
0
0
0
0
0
0
0
0
0
0
0
0
0
0
0
0
0
0
0
0
0
0
0
0
0
0
0
0
0
0
0
0
0
0
0
0
0
0
0
0
0
0
0
0
0
0
0
0
0
0
0
0
0
0
0
0
0
0
0
0
0
0
0
0
0
0
0
0
0
0
0
0
0
0
0
0
0
0
0
0
0
0
0
0
0
0
0
0
0
0
0
0
0
0
0
0
0
0
0
0
0
0
0
0
0
0
0
0
0
0
0
0
0
0
0
0
0
0
0
0
0
0
0
0
0
0
0
0
0
0
0
0
0
0
0
0
0
0
0
0
0
0
0
0
0
0
0
0
0
0
0
0
0
0
0
0
0
0
0
0
0
0
0
0
0
0
0
0
0
0
