# Measurement time [s]: 99.350
# Dwell time [us]: 20
#
# detCounts monCounts f_SF1_Hz f_SF2_Hz
138085 2000000 91700 91700
57
123
122
136
125
124
126
126
129
128
119
122
115
131
124
129
121
113
117
128
122
129
109
126
122
134
120
124
138
115
134
108
133
121
125
118
126
130
129
137
132
125
126
113
132
145
144
124
122
105
125
126
120
125
113
136
129
137
129
149
128
138
107
126
125
95
116
125
119
118
118
116
104
139
129
103
98
119
106
114
131
115
108
127
114
123
115
117
113
116
112
115
114
98
119
104
129
117
111
117
124
118
94
136
121
106
106
125
117
114
116
120
113
109
102
105
113
106
101
130
114
116
111
111
104
112
113
115
119
115
114
119
106
117
104
117
118
123
102
127
103
106
102
132
109
122
100
110
114
113
108
96
108
117
118
95
107
105
113
112
107
108
123
110
121
105
114
96
96
111
119
114
95
108
111
106
108
114
110
107
108
115
111
96
87
109
118
96
100
108
102
109
116
105
116
122
117
93
114
106
114
99
90
85
102
98
84
90
111
98
108
99
89
88
101
114
131
96
97
100
121
115
104
110
84
113
92
108
94
98
99
100
94
99
105
115
87
103
120
102
99
105
101
98
103
103
117
95
107
94
112
93
113
108
97
81
100
98
88
110
117
112
99
89
116
96
93
108
92
99
122
103
97
105
117
95
87
98
108
108
108
96
122
96
115
94
108
105
105
86
103
104
123
97
109
83
113
106
79
90
95
108
112
115
106
108
83
115
101
93
104
100
108
76
121
113
104
105
114
103
95
90
93
100
107
109
104
119
91
102
104
90
101
119
109
110
112
109
104
92
100
96
115
108
119
98
148
97
104
130
108
88
93
136
100
121
106
102
101
103
112
103
103
121
105
123
97
109
123
112
85
93
99
95
106
123
110
99
114
118
133
123
106
83
96
115
106
102
108
120
104
112
101
123
96
94
102
99
124
113
115
129
116
120
110
98
114
103
124
122
125
136
122
143
131
119
114
126
119
107
123
115
96
113
129
99
134
131
129
100
102
123
140
97
109
113
101
114
131
110
122
110
116
140
102
113
118
131
118
125
128
124
125
116
113
124
118
105
148
109
102
126
118
120
118
109
132
131
119
142
115
108
96
102
114
105
111
104
126
115
126
113
110
122
133
153
125
115
135
140
124
131
113
118
126
130
144
111
130
119
121
131
125
105
112
121
127
105
143
144
122
125
119
139
129
128
125
125
93
166
113
113
150
152
127
109
126
120
116
137
137
139
134
134
141
118
126
136
122
122
135
130
151
125
118
125
132
134
133
143
144
141
124
124
133
150
130
145
129
154
122
131
125
130
139
143
127
136
135
111
116
124
132
132
109
117
152
125
138
134
128
127
120
128
122
115
124
122
125
141
133
127
146
102
140
133
120
127
115
138
111
138
138
122
141
122
127
120
113
112
116
116
151
125
134
101
119
133
134
128
107
139
125
123
129
136
126
124
126
138
120
131
131
129
125
115
110
127
124
117
123
162
120
145
127
120
132
141
137
125
138
123
91
115
128
99
114
118
132
122
104
125
144
118
138
117
132
103
140
123
107
127
124
115
114
118
139
130
135
121
127
117
136
112
120
107
143
128
120
128
122
130
128
111
102
125
142
119
113
120
132
130
131
104
118
112
115
99
115
136
109
106
108
130
130
107
129
115
109
112
125
108
108
122
112
117
104
116
115
112
123
132
105
106
114
90
99
121
125
117
98
110
111
120
103
116
121
119
116
108
104
126
107
98
109
113
135
113
98
113
123
91
105
99
102
99
119
113
128
107
105
102
99
106
117
119
96
106
109
108
108
116
91
96
104
100
104
72
118
99
117
105
74
98
102
103
120
108
90
126
106
81
110
119
102
115
79
130
114
112
110
106
108
115
90
101
111
100
111
100
95
91
104
109
101
111
102
106
104
111
87
95
110
120
96
102
93
104
95
110
111
96
95
100
102
98
105
99
103
106
99
100
69
98
112
106
96
94
104
109
110
95
111
101
90
110
91
97
100
112
108
91
107
86
102
98
75
107
105
91
108
96
94
107
103
102
99
106
89
85
109
95
96
105
99
110
111
74
90
91
117
97
103
107
75
102
106
99
113
89
102
96
116
108
97
98
100
104
98
92
100
102
86
108
111
98
124
99
110
96
107
119
99
107
100
105
89
122
97
106
113
110
96
110
111
108
96
105
108
95
97
107
108
119
99
108
108
87
111
118
111
107
110
100
113
117
107
107
104
101
111
102
107
111
117
102
92
102
122
116
115
102
108
94
108
123
129
110
106
103
93
110
130
113
117
106
124
99
110
118
142
117
112
110
106
133
123
110
114
117
107
127
102
102
103
113
111
98
108
125
119
131
115
132
124
118
112
108
112
103
122
114
111
120
100
115
126
137
114
80
137
108
105
116
117
102
110
124
121
132
103
124
113
130
114
126
108
121
124
116
122
101
142
121
121
105
119
109
107
130
133
127
103
113
131
123
140
136
106
120
144
111
112
106
125
103
111
134
130
107
106
114
116
115
131
127
119
136
134
128
108
127
122
107
127
132
121
126
103
138
125
140
127
120
114
135
129
118
135
107
117
134
131
131
140
119
120
101
133
122
142
121
125
125
141
131
150
109
120
127
121
120
117
136
112
118
128
130
137
121
143
134
133
122
142
124
125
146
143
122
132
121
122
128
115
129
126
135
120
111
125
126
151
135
110
120
134
119
119
116
123
137
118
148
107
128
131
121
154
118
120
109
123
130
127
130
138
120
118
116
129
114
136
125
138
41
0
0
0
0
0
0
0
0
0
0
0
0
0
0
0
0
0
0
0
0
0
0
0
0
0
0
0
0
0
0
0
0
0
0
0
0
0
0
0
0
0
0
0
0
0
0
0
0
0
0
0
0
0
0
0
0
0
0
0
0
0
0
0
0
0
0
0
0
0
0
0
0
0
0
0
0
0
0
0
0
0
0
0
0
0
0
0
0
0
0
0
0
0
0
0
0
0
0
0
0
0
0
0
0
0
0
0
0
0
0
0
0
0
0
0
0
0
0
0
0
0
0
0
0
0
0
0
0
0
0
0
0
0
0
0
0
0
0
0
0
0
0
0
0
0
0
0
0
0
0
0
0
0
0
0
0
0
0
0
0
0
0
0
0
0
0
0
0
0
0
0
0
0
0
0
0
0
0
0
0
0
0
0
0
0
0
0
0
0
0
0
0
0
0
0
0
0
0
0
0
0
0
0
0
0
0
0
0
0
0
0
0
0
0
0
0
0
0
0
0
0
0
0
0
0
0
0
0
0
0
0
0
0
0
0
0
0
0
0
0
0
0
0
0
0
0
0
0
0
0
0
0
0
0
0
0
0
0
0
0
0
0
0
0
0
0
0
0
0
0
0
0
0
0
0
0
0
0
0
0
0
0
0
0
0
0
0
0
0
0
0
0
0
0
0
0
0
0
0
0
0
0
0
0
0
0
0
0
0
0
0
0
0
0
0
0
0
0
0
0
0
0
0
0
0
0
0
0
0
0
0
0
0
0
0
0
0
0
0
0
0
0
0
0
0
0
0
0
0
0
0
0
0
0
0
0
0
0
0
0
0
0
0
0
0
0
0
0
0
0
0
0
0
0
0
0
0
0
0
0
0
0
0
0
0
0
0
0
0
0
0
0
0
0
0
0
0
0
0
0
0
0
0
0
0
0
0
0
0
0
0
0
0
0
0
0
0
0
0
0
0
0
0
0
0
0
0
0
0
0
0
0
0
0
0
0
0
0
0
0
0
0
0
0
0
0
0
0
0
0
0
0
0
0
0
0
0
0
0
0
0
0
0
0
0
0
0
0
0
0
0
0
0
0
0
0
0
0
0
0
0
0
0
0
0
0
0
0
0
0
0
0
0
0
0
0
0
0
0
0
0
0
0
0
0
0
0
0
0
0
0
0
0
0
0
0
0
0
0
0
0
0
0
0
0
0
0
0
0
0
0
0
0
0
0
0
0
0
0
0
0
0
0
0
0
0
0
0
0
0
0
0
0
0
0
0
0
0
0
0
0
0
0
0
0
0
0
0
0
0
0
0
0
0
0
0
0
0
0
0
0
0
0
0
0
0
0
0
0
0
0
0
0
0
0
0
0
0
0
0
0
0
0
0
0
0
0
0
0
0
0
0
0
0
0
0
0
0
0
0
0
0
0
0
0
0
0
0
0
0
0
0
0
0
0
0
0
0
0
0
0
0
0
0
0
0
0
0
0
0
0
0
0
0
0
0
0
0
0
0
0
0
0
0
0
0
0
0
0
0
0
0
0
0
0
0
0
0
0
0
0
0
0
0
0
0
0
0
0
0
0
0
0
0
0
0
0
0
0
0
0
0
0
0
0
0
0
0
0
0
0
0
0
0
0
0
0
0
0
0
0
0
0
0
0
0
0
0
0
0
0
0
0
0
0
0
0
0
0
0
0
0
0
0
0
0
0
0
0
0
0
0
0
0
0
0
0
0
0
0
0
0
0
0
0
0
0
0
0
0
0
0
0
0
0
0
0
0
0
0
0
0
0
0
0
0
0
0
0
0
0
0
0
0
