# Measurement time [s]: 99.351
# Dwell time [us]: 20
#
# detCounts monCounts f_SF1_Hz f_SF2_Hz
146496 2000000 91700 91700
55
85
89
101
119
93
80
105
87
91
86
85
100
95
88
90
99
97
84
87
93
79
100
103
109
100
110
92
103
90
99
100
119
94
90
90
79
87
90
74
91
101
96
103
90
97
79
86
98
92
91
100
111
104
93
95
80
95
91
92
78
88
83
93
82
97
81
88
75
99
90
100
91
94
91
88
78
98
84
92
93
84
98
95
82
74
85
98
102
86
88
112
92
79
106
107
93
96
81
75
113
104
95
103
81
82
89
107
88
82
95
86
90
101
91
104
103
92
90
89
96
66
82
81
82
99
75
100
81
102
104
103
92
80
94
90
68
96
95
76
92
92
82
65
114
87
88
88
78
93
97
70
94
77
87
93
74
85
79
91
72
75
86
95
66
78
87
95
74
94
75
85
74
75
72
72
72
84
75
68
84
78
78
79
111
84
96
67
79
72
96
82
74
87
76
78
97
88
89
83
81
80
91
80
90
78
99
98
62
88
83
89
84
74
85
78
82
77
72
73
77
73
75
92
67
77
82
76
75
88
87
92
87
70
75
72
82
78
82
81
94
84
77
84
76
79
76
73
74
80
103
71
90
82
76
79
81
79
77
77
92
66
73
93
86
83
73
86
87
85
80
89
77
93
74
73
75
78
87
83
82
97
74
78
69
70
81
71
87
91
84
76
77
84
63
77
75
75
87
68
58
68
82
75
59
78
70
90
92
76
92
81
82
69
77
77
78
66
80
74
89
87
73
63
82
74
76
81
75
64
61
84
71
70
66
82
76
77
57
71
83
68
99
76
77
86
88
80
80
73
87
70
95
74
78
87
78
79
82
79
73
88
71
92
82
68
84
82
87
65
72
85
87
72
77
84
74
76
92
73
78
76
79
84
67
63
83
50
88
78
84
69
84
90
78
67
78
83
73
73
79
78
76
77
61
67
88
74
89
70
90
80
77
90
79
88
68
92
79
76
72
69
90
81
87
67
74
83
89
76
81
90
73
75
96
90
97
83
74
89
98
84
85
75
50
80
70
82
61
72
69
77
83
89
85
79
93
89
90
82
76
110
81
96
78
74
84
83
92
114
87
84
106
87
76
82
92
96
81
74
86
97
82
86
84
90
99
77
79
71
87
97
102
102
84
82
74
67
94
92
86
94
91
92
84
102
93
69
89
86
106
103
103
97
83
107
88
83
90
91
83
85
88
90
77
98
84
74
88
103
81
84
95
97
93
82
100
97
105
82
97
104
78
97
84
89
77
93
85
79
100
89
102
98
91
80
96
99
86
86
100
102
90
85
97
98
93
99
90
77
77
94
85
101
85
99
93
87
92
105
72
77
89
93
88
94
81
103
98
89
94
93
91
95
88
92
91
88
87
94
77
95
101
94
94
70
86
105
106
83
88
100
82
91
81
91
101
87
94
97
77
90
77
85
102
103
96
92
101
86
108
95
91
80
69
91
91
73
84
91
91
86
80
103
87
90
92
96
108
103
90
97
94
98
72
86
81
92
92
102
91
103
99
88
106
92
98
85
93
100
89
112
98
103
87
83
97
96
81
102
92
104
106
98
95
97
103
100
108
100
94
92
108
99
91
97
96
116
94
88
76
114
99
105
98
102
84
91
89
83
95
94
98
100
100
92
89
90
89
107
89
94
90
93
92
103
102
116
99
92
111
101
92
105
115
95
95
99
102
106
98
93
96
104
96
104
86
92
106
94
101
88
81
88
97
101
109
97
95
118
88
90
98
85
90
102
102
77
102
97
97
111
111
95
89
91
99
100
85
84
91
105
105
77
100
89
96
97
98
89
89
113
108
91
93
96
79
111
102
71
108
94
99
119
104
98
98
117
81
83
91
112
76
93
95
94
111
95
86
100
93
105
88
98
94
92
99
110
87
86
115
96
95
102
85
93
89
83
107
105
95
101
100
101
114
90
103
88
104
76
84
108
105
104
81
104
95
90
100
102
88
80
103
101
98
68
85
84
80
110
93
105
101
85
85
82
95
98
83
88
90
87
89
91
89
83
86
100
99
81
100
86
87
96
93
113
94
91
95
80
88
107
93
103
93
109
90
98
92
81
91
89
101
93
86
87
106
103
93
82
97
87
101
85
90
86
99
90
74
82
100
86
93
97
90
76
70
88
103
76
96
97
85
90
92
98
108
96
84
89
97
88
77
91
90
90
70
95
84
87
73
94
98
77
76
98
91
89
92
79
90
91
88
87
90
83
79
67
82
81
93
77
98
85
82
86
84
74
97
110
98
84
102
94
81
79
86
86
87
78
79
84
88
80
89
88
89
71
81
81
84
75
85
80
81
82
67
88
77
84
78
77
86
75
78
111
81
85
68
79
77
76
72
77
90
74
76
78
86
78
103
72
78
65
80
91
78
70
83
75
78
82
81
66
84
96
85
100
88
87
66
88
84
77
73
65
78
80
70
78
77
89
80
79
81
94
89
90
78
78
98
78
89
94
81
87
88
77
98
69
91
85
64
101
81
84
82
73
85
100
79
81
78
97
69
65
74
90
93
74
78
91
79
74
83
95
91
75
67
63
83
81
66
90
75
83
78
82
70
81
84
77
78
72
85
85
89
94
94
89
77
78
80
85
63
68
77
64
77
77
90
71
68
71
90
84
78
82
101
78
88
99
80
96
82
85
75
81
82
80
67
70
75
75
68
74
86
61
81
85
76
89
66
75
85
71
87
71
61
81
96
68
72
96
65
78
80
73
93
72
74
72
78
72
76
70
90
89
91
100
60
100
74
74
80
95
58
77
82
74
74
86
72
79
76
85
73
56
80
76
70
82
99
87
75
90
76
86
74
70
96
86
87
73
82
77
96
81
94
85
82
80
75
71
86
88
92
89
106
74
78
81
99
74
74
74
74
67
79
89
74
81
84
75
63
91
87
97
77
97
82
79
70
78
73
85
84
80
78
69
89
91
100
80
76
92
91
100
79
92
83
86
77
74
86
100
98
75
79
84
87
83
74
89
82
87
92
78
88
72
87
79
82
88
88
87
85
75
81
95
82
73
84
96
79
79
103
75
101
79
93
97
90
83
82
81
82
83
87
81
79
80
79
88
94
89
89
82
85
98
94
75
92
84
84
97
94
80
95
90
82
87
85
75
106
78
99
90
81
107
104
75
98
86
88
77
70
110
82
101
78
104
101
95
85
92
95
87
92
91
91
82
82
83
115
83
97
105
91
97
91
85
81
79
101
92
91
76
79
102
99
101
96
96
91
95
84
82
98
100
96
107
87
80
87
97
83
97
90
71
96
70
95
99
76
96
100
99
92
97
92
97
90
95
88
90
105
106
84
78
96
103
94
84
104
85
93
82
94
82
100
102
91
92
113
106
74
114
105
85
94
98
104
77
78
103
104
88
97
75
94
96
93
84
89
97
80
90
103
91
93
93
78
82
93
95
85
83
91
91
104
91
101
99
83
99
92
91
88
109
93
97
89
94
90
108
108
112
100
92
81
113
72
89
88
103
89
98
87
99
81
79
88
103
101
101
100
106
92
98
92
85
118
94
92
74
111
99
102
94
103
77
110
113
92
89
100
112
104
78
104
109
102
112
101
93
107
94
98
110
117
93
121
93
83
97
114
95
84
92
100
89
98
92
124
98
84
86
99
89
117
94
92
86
110
109
98
96
93
99
108
108
97
94
106
85
79
103
96
96
100
68
105
94
102
106
90
90
94
119
102
96
96
82
94
74
98
103
109
95
97
86
89
89
89
93
99
96
117
97
96
99
95
112
76
91
89
84
78
87
96
102
127
99
88
82
82
19
0
0
0
0
0
0
0
0
0
0
0
0
0
0
0
0
0
0
0
0
0
0
0
0
0
0
0
0
0
0
0
0
0
0
0
0
0
0
0
0
0
0
0
0
0
0
0
0
0
0
0
0
0
0
0
0
0
0
0
0
0
0
0
0
0
0
0
0
0
0
0
0
0
0
0
0
0
0
0
0
0
0
0
0
0
0
0
0
0
0
0
0
0
0
0
0
0
0
0
0
0
0
0
0
0
0
0
0
0
0
0
0
0
0
0
0
0
0
0
0
0
0
0
0
0
0
0
0
0
0
0
0
0
0
0
0
0
0
0
0
0
0
0
0
0
0
0
0
0
0
0
0
0
0
0
0
0
0
0
0
0
0
0
0
0
0
0
0
0
0
0
0
0
0
0
0
0
0
0
0
0
0
0
0
0
0
0
0
0
0
0
0
0
0
0
0
0
0
0
0
0
0
0
0
0
0
0
0
0
0
0
0
0
0
0
0
0
0
0
0
0
0
0
0
0
0
0
0
0
0
0
0
0
0
0
0
0
0
0
0
0
0
0
0
0
0
0
0
0
0
0
0
0
0
0
0
0
0
0
0
0
0
0
0
0
0
0
0
0
0
0
0
0
0
0
0
0
0
0
0
0
0
0
0
0
0
0
0
0
0
0
0
0
0
0
0
0
0
0
0
0
0
0
0
0
0
0
0
0
0
0
0
0
0
0
0
0
0
0
0
0
0
0
0
0
0
0
0
0
0
0
0
