# Measurement time [s]: 99.349
# Dwell time [us]: 20
#
# detCounts monCounts f_SF1_Hz f_SF2_Hz
150034 2000001 91700 91700
58
111
101
114
101
114
102
114
115
127
107
102
127
128
115
105
112
105
119
101
92
131
103
113
91
114
114
100
120
107
102
120
117
111
115
89
121
116
122
111
103
124
104
112
87
115
127
104
119
119
110
101
102
90
116
108
123
97
99
122
100
119
92
107
109
96
132
109
113
110
94
123
107
115
93
100
103
105
111
111
101
97
94
126
110
113
110
121
112
117
106
104
118
104
112
107
127
87
109
112
110
115
116
108
106
113
81
101
106
101
96
98
116
108
111
109
91
109
85
107
98
113
101
93
120
121
123
112
113
107
88
97
92
106
97
109
106
115
107
100
102
87
97
101
103
108
111
108
98
98
129
99
92
118
113
105
93
96
95
111
102
96
91
95
105
113
120
99
98
90
89
92
97
100
94
104
98
88
99
92
115
96
88
106
83
100
92
100
120
87
95
112
114
95
97
100
88
81
95
91
90
119
97
109
96
103
114
83
92
87
105
94
98
110
106
100
118
99
111
86
82
90
100
114
102
99
100
110
110
100
99
97
100
84
91
102
87
85
98
88
96
81
103
97
119
99
105
101
105
109
87
128
106
106
101
93
92
103
108
77
107
90
106
95
92
102
97
102
102
93
77
104
102
102
79
100
93
82
83
93
94
96
89
112
95
103
91
78
95
82
99
102
98
84
94
112
78
109
80
97
95
92
96
89
106
106
76
91
92
98
90
93
108
92
99
108
99
104
85
78
102
95
105
103
110
99
105
99
99
95
92
72
97
90
98
99
76
98
72
101
83
103
109
89
106
96
105
103
110
79
80
102
97
93
100
109
87
94
96
89
77
96
95
88
103
87
106
95
99
92
99
82
94
93
94
97
76
98
110
79
91
94
99
97
106
86
105
105
96
100
101
97
115
89
111
93
83
110
93
107
112
95
102
91
90
105
100
100
107
105
89
109
113
99
81
101
113
96
85
89
104
85
100
96
110
117
122
93
97
120
97
92
114
108
103
97
109
101
115
114
95
91
121
103
71
113
119
122
92
87
98
98
91
92
99
100
104
112
101
98
100
93
98
96
113
91
97
109
97
99
108
128
93
82
100
113
96
105
86
106
106
105
104
96
122
94
106
109
101
94
113
108
108
113
113
112
108
87
116
100
96
104
105
101
122
104
110
91
123
102
119
98
129
139
89
92
106
102
118
119
115
115
113
117
120
123
115
126
112
134
111
104
121
101
104
149
97
133
117
105
118
105
115
99
93
98
137
106
121
125
119
122
115
129
117
101
108
97
111
108
126
92
106
122
109
103
138
113
107
110
122
98
106
125
99
104
125
123
113
133
126
105
119
88
106
125
101
117
119
110
92
115
118
115
99
128
120
108
109
110
129
123
119
123
122
111
122
118
110
116
120
120
114
120
108
102
99
103
146
120
131
104
104
117
113
92
108
107
134
106
114
142
114
98
128
104
106
114
111
124
129
103
93
128
95
117
112
124
125
118
108
121
124
125
112
117
106
126
107
111
118
129
136
108
138
124
93
114
137
121
135
114
102
117
105
90
106
106
107
121
138
122
123
106
113
106
114
128
104
117
124
113
124
115
90
127
97
101
99
138
106
100
118
120
124
117
112
110
119
104
107
114
133
117
119
109
119
125
114
108
110
128
104
112
122
110
125
122
101
105
111
99
118
117
114
103
122
112
125
118
119
106
100
109
107
106
121
112
108
112
133
118
136
97
123
97
106
123
107
87
106
97
137
106
104
111
108
121
122
113
121
124
111
116
105
101
118
93
104
130
107
125
107
94
108
113
101
120
115
106
104
118
96
104
117
107
108
95
98
117
107
105
108
116
104
111
108
97
98
112
102
112
107
100
118
119
108
138
108
101
107
125
117
89
118
109
107
95
94
86
114
114
120
98
103
121
110
101
99
102
106
95
105
94
119
113
103
104
92
85
86
94
109
113
112
101
98
104
114
118
96
102
80
114
90
116
112
98
89
107
94
106
104
117
118
94
95
101
117
86
92
98
88
117
107
122
94
107
99
102
110
91
96
103
89
112
107
105
103
114
102
99
106
109
96
89
109
83
99
112
98
95
97
106
105
98
94
99
105
105
108
94
86
88
94
80
95
99
106
101
84
83
99
102
108
98
80
102
78
82
84
86
109
94
96
103
86
94
99
107
94
94
106
89
90
92
98
92
108
89
92
98
100
98
89
86
111
96
99
104
110
77
101
94
87
99
91
92
97
83
80
99
97
92
107
86
91
104
107
97
91
95
102
94
115
87
104
98
90
102
117
90
76
98
79
87
105
100
91
98
98
108
106
100
90
71
81
63
87
87
95
107
89
95
87
99
90
101
86
92
91
92
80
108
89
104
74
94
98
88
86
92
105
111
107
101
89
90
88
82
89
109
94
99
75
116
84
87
93
80
104
86
71
73
81
102
103
90
97
95
97
101
84
108
99
93
105
88
82
98
96
92
85
106
95
102
86
85
94
113
79
101
103
107
108
83
96
87
90
113
82
99
97
104
78
100
101
85
95
101
94
92
91
103
92
101
94
100
111
102
86
89
84
107
87
90
97
86
109
99
89
109
101
102
98
117
87
119
107
91
85
105
100
107
96
93
108
91
103
119
97
98
107
89
98
115
92
114
97
104
99
108
114
109
100
109
85
113
106
85
80
104
112
106
110
97
100
107
115
109
114
105
97
98
121
97
134
114
108
102
110
98
106
111
119
97
100
103
111
101
114
113
108
110
101
115
97
103
119
112
118
107
119
93
115
80
97
113
114
101
125
109
94
100
95
90
96
118
87
110
101
97
97
107
121
111
120
116
117
99
118
118
114
112
99
118
111
119
110
125
102
106
115
117
112
114
111
119
125
118
126
116
123
104
124
119
108
97
124
106
99
91
98
110
101
123
95
94
117
109
121
122
111
121
127
126
118
106
113
97
99
106
112
109
127
105
112
106
119
111
106
125
131
112
116
127
109
120
95
113
126
119
137
127
122
118
112
120
108
122
109
94
109
121
95
113
87
115
119
120
122
115
136
122
119
128
107
111
98
126
132
100
116
118
130
138
112
105
110
104
134
137
118
109
119
110
113
102
124
115
133
109
112
101
121
99
97
120
127
116
123
90
133
104
109
109
126
108
115
119
140
128
124
131
115
104
102
116
111
115
128
119
116
128
133
119
110
116
114
109
108
104
107
107
103
120
123
111
126
124
122
128
116
104
107
103
88
118
104
109
111
114
106
107
121
108
124
116
91
16
0
0
0
0
0
0
0
0
0
0
0
0
0
0
0
0
0
0
0
0
0
0
0
0
0
0
0
0
0
0
0
0
0
0
0
0
0
0
0
0
0
0
0
0
0
0
0
0
0
0
0
0
0
0
0
0
0
0
0
0
0
0
0
0
0
0
0
0
0
0
0
0
0
0
0
0
0
0
0
0
0
0
0
0
0
0
0
0
0
0
0
0
0
0
0
0
0
0
0
0
0
0
0
0
0
0
0
0
0
0
0
0
0
0
0
0
0
0
0
0
0
0
0
0
0
0
0
0
0
0
0
0
0
0
0
0
0
0
0
0
0
0
0
0
0
0
0
0
0
0
0
0
0
0
0
0
0
0
0
0
0
0
0
0
0
0
0
0
0
0
0
0
0
0
0
0
0
0
0
0
0
0
0
0
0
0
0
0
0
0
0
0
0
0
0
0
0
0
0
0
0
0
0
0
0
0
0
0
0
0
0
0
0
0
0
0
0
0
0
0
0
0
0
0
0
0
0
0
0
0
0
0
0
0
0
0
0
0
0
0
0
0
0
0
0
0
0
0
0
0
0
0
0
0
0
0
0
0
0
0
0
0
0
0
0
0
0
0
0
0
0
0
0
0
0
0
0
0
0
0
0
0
0
0
0
0
0
0
0
0
0
0
0
0
0
0
0
0
0
0
0
0
0
0
0
0
0
0
0
0
0
0
0
0
0
0
0
0
0
0
0
0
0
0
0
0
0
0
0
0
0
0
0
0
0
0
0
0
0
0
0
0
0
0
0
0
0
0
0
0
0
0
0
0
0
0
0
0
0
0
0
0
0
0
0
0
0
0
0
0
0
0
0
0
0
0
0
0
0
0
0
0
0
0
0
0
0
0
0
0
0
0
0
0
0
0
0
0
0
0
0
0
0
0
0
0
0
0
0
0
0
0
0
0
0
0
0
0
0
0
0
0
0
0
0
0
0
0
0
0
0
0
0
0
0
0
0
0
0
0
0
0
0
0
0
0
0
0
0
0
0
0
0
0
0
0
0
0
0
0
0
0
0
0
0
0
0
0
0
0
0
0
0
0
0
0
0
0
0
0
0
0
0
0
0
0
0
0
0
0
0
0
0
0
0
0
0
0
0
0
0
0
0
0
0
0
0
0
0
0
0
0
0
0
0
0
0
0
0
0
0
0
0
0
0
0
0
0
0
0
0
0
0
0
0
0
0
0
0
0
0
0
0
0
0
0
0
0
0
0
0
0
0
0
0
0
0
0
0
0
0
0
0
0
0
0
0
0
0
0
