# Measurement time [s]: 109.384
# Dwell time [us]: 20
#
# detCounts monCounts f_SF1_Hz f_SF2_Hz
139411 2000001 91700 91700
91
182
179
190
180
176
197
181
183
163
171
171
201
195
191
193
183
174
174
194
194
150
161
188
169
170
178
191
171
165
164
168
185
174
176
199
176
189
205
194
185
173
177
179
152
162
175
172
170
170
141
169
188
157
156
194
183
153
174
179
161
163
161
161
170
150
150
162
169
175
168
164
155
177
170
182
157
180
166
166
161
179
172
149
171
198
153
161
201
186
172
171
149
164
170
150
142
183
171
182
158
188
154
159
155
147
149
166
154
164
175
157
166
186
154
174
157
125
162
188
150
166
173
149
170
146
163
156
157
168
150
160
140
154
165
136
159
142
146
147
155
166
178
162
147
138
149
136
143
154
140
137
154
157
127
172
148
143
155
149
156
134
130
152
155
141
132
141
139
136
152
151
157
139
172
146
162
131
141
163
154
146
140
147
156
128
162
157
149
152
134
146
142
131
171
160
142
133
145
163
149
136
147
126
144
153
130
142
156
128
133
151
144
144
134
140
132
152
129
166
146
134
147
157
163
123
138
134
144
152
135
146
133
135
130
145
136
125
125
133
145
156
150
138
153
153
153
125
139
151
152
142
149
144
145
143
138
158
136
143
141
159
140
143
154
131
144
130
177
144
168
147
136
126
138
168
139
128
152
147
141
142
158
159
140
166
161
150
157
150
143
167
165
162
144
152
155
143
149
148
163
170
158
159
158
165
163
134
144
159
173
152
147
134
173
167
163
167
156
153
151
174
152
149
147
179
168
171
159
146
168
160
149
180
144
161
153
143
150
165
151
165
162
191
163
152
173
162
163
159
144
174
162
160
159
159
167
191
158
175
159
187
168
170
164
167
170
148
149
171
194
184
172
199
154
176
164
155
163
160
170
172
143
166
166
188
175
160
175
192
173
206
174
181
198
186
167
173
177
176
168
200
175
187
162
191
191
189
197
157
151
161
212
187
158
187
177
167
180
174
187
163
190
156
164
173
175
182
195
172
181
158
168
183
171
143
165
195
175
152
177
197
181
172
205
186
178
177
181
173
168
180
202
173
190
210
193
191
190
188
176
163
155
183
165
185
182
196
162
168
183
195
163
164
164
178
185
170
193
190
188
173
167
183
185
165
164
168
185
169
176
186
162
200
161
175
152
169
157
171
161
182
179
169
186
158
168
162
181
180
180
189
161
146
156
157
157
167
150
150
171
173
159
164
178
162
167
174
165
185
151
156
171
168
182
187
174
153
179
165
157
166
157
157
163
167
161
159
128
152
192
162
183
177
162
185
144
152
166
157
172
158
158
159
129
131
156
150
157
155
152
175
149
161
160
164
138
156
149
154
145
150
160
155
124
142
161
157
153
150
162
155
167
158
132
136
152
141
128
145
160
128
160
158
133
142
171
184
151
140
153
139
141
145
158
136
156
138
130
141
147
126
153
142
142
130
152
158
130
165
134
161
142
130
145
146
139
122
155
152
148
159
141
154
137
127
148
149
119
161
156
137
152
157
144
129
136
137
139
134
142
153
136
157
141
164
158
129
118
152
142
142
141
129
146
138
142
124
160
140
157
138
139
130
147
147
153
137
142
137
117
156
148
138
149
144
142
156
135
142
150
151
146
149
145
143
120
171
149
158
156
157
149
163
152
140
160
150
142
142
149
141
141
137
145
136
167
162
153
122
169
156
138
142
148
153
135
156
152
145
166
159
152
169
162
155
148
140
149
161
151
151
170
169
140
170
166
153
163
152
149
147
154
157
160
161
153
159
160
157
158
173
154
148
170
154
183
176
188
174
179
159
139
179
147
164
157
167
163
149
166
183
192
194
188
181
146
154
164
171
165
174
195
158
181
178
179
160
169
161
159
153
152
207
170
155
194
154
161
170
172
184
180
163
174
186
176
173
181
175
175
172
170
160
196
190
167
165
168
167
162
178
142
168
168
182
165
178
167
170
180
174
199
184
163
150
158
181
197
173
172
183
196
179
194
193
178
176
160
156
21
0
0
0
0
0
0
0
0
0
0
0
0
0
0
0
0
0
0
0
0
0
0
0
0
0
0
0
0
0
0
0
0
0
0
0
0
0
0
0
0
0
0
0
0
0
0
0
0
0
0
0
0
0
0
0
0
0
0
0
0
0
0
0
0
0
0
0
0
0
0
0
0
0
0
0
0
0
0
0
0
0
0
0
0
0
0
0
0
0
0
0
0
0
0
0
0
0
0
0
0
0
0
0
0
0
0
0
0
0
0
0
0
0
0
0
0
0
0
0
0
0
0
0
0
0
0
0
0
0
0
0
0
0
0
0
0
0
0
0
0
0
0
0
0
0
0
0
0
0
0
0
0
0
0
0
0
0
0
0
0
0
0
0
0
0
0
0
0
0
0
0
0
0
0
0
0
0
0
0
0
0
0
0
0
0
0
0
0
0
0
0
0
0
0
0
0
0
0
0
0
0
0
0
0
0
0
0
0
0
0
0
0
0
0
0
0
0
0
0
0
0
0
0
0
0
0
0
0
0
0
0
0
0
0
0
0
0
0
0
0
0
0
0
0
0
0
0
0
0
0
0
0
0
0
0
0
0
0
0
0
0
0
0
0
0
0
0
0
0
0
0
0
0
0
0
0
0
0
0
0
0
0
0
0
0
0
0
0
0
0
0
0
0
0
0
0
0
0
0
0
0
0
0
0
0
0
0
0
0
0
0
0
0
0
0
0
0
0
0
0
0
0
0
0
0
0
0
0
0
0
0
0
0
0
0
0
0
0
0
0
0
0
0
0
0
0
0
0
0
0
0
0
0
0
0
0
0
0
0
0
0
0
0
0
0
0
0
0
0
0
0
0
0
0
0
0
0
0
0
0
0
0
0
0
0
0
0
0
0
0
0
0
0
0
0
0
0
0
0
0
0
0
0
0
0
0
0
0
0
0
0
0
0
0
0
0
0
0
0
0
0
0
0
0
0
0
0
0
0
0
0
0
0
0
0
0
0
0
0
0
0
0
0
0
0
0
0
0
0
0
0
0
0
0
0
0
0
0
0
0
0
0
0
0
0
0
0
0
0
0
0
0
0
0
0
0
0
0
0
0
0
0
0
0
0
0
0
0
0
0
0
0
0
0
0
0
0
0
0
0
0
0
0
0
0
0
0
0
0
0
0
0
0
0
0
0
0
0
0
0
0
0
0
0
0
0
0
0
0
0
0
0
0
0
0
0
0
0
0
0
0
0
0
0
0
0
0
0
0
0
0
0
0
0
0
0
0
0
0
0
0
0
0
0
0
0
0
0
0
0
0
0
0
0
0
0
0
0
0
0
0
0
0
0
0
0
0
0
0
0
0
0
0
0
0
0
0
0
0
0
0
0
0
0
0
0
0
0
0
0
0
0
0
0
0
0
0
0
0
0
0
0
0
0
0
0
0
0
0
0
0
0
0
0
0
0
0
0
0
0
0
0
0
0
0
0
0
0
0
0
0
0
0
0
0
0
0
0
0
0
0
0
0
0
0
0
0
0
0
0
0
0
0
0
0
0
0
0
0
0
0
0
0
0
0
0
0
0
0
0
0
0
0
0
0
0
0
0
0
0
0
0
0
0
0
0
0
0
0
0
0
0
0
0
0
0
0
0
0
0
0
0
0
0
0
0
0
0
0
0
0
0
0
0
0
0
0
0
0
0
0
0
0
0
0
0
0
0
0
0
0
0
0
0
0
0
0
0
0
0
0
0
0
0
0
0
0
0
0
0
0
0
0
0
0
0
0
0
0
0
0
0
0
0
0
0
0
0
0
0
0
0
0
0
0
0
0
0
0
0
0
0
0
0
0
0
0
0
0
0
0
0
0
0
0
0
0
0
0
0
0
0
0
0
0
0
0
0
0
0
0
0
0
0
0
0
0
0
0
0
0
0
0
0
0
0
0
0
0
0
0
0
0
0
0
0
0
0
0
0
0
0
0
0
0
0
0
0
0
0
0
0
0
0
0
0
0
0
0
0
0
0
0
0
0
0
0
0
0
0
0
0
0
0
0
0
0
0
0
0
0
0
0
0
0
0
0
0
0
0
0
0
0
0
0
0
0
0
0
0
0
0
0
0
0
0
0
0
0
0
0
0
0
0
0
0
0
0
0
0
0
0
0
0
0
0
0
0
0
0
0
0
0
0
0
0
0
0
0
0
0
0
0
0
0
0
0
0
0
0
0
0
0
0
0
0
0
0
0
0
0
0
0
0
0
0
0
0
0
0
0
0
0
0
0
0
0
0
0
0
0
0
0
0
0
0
0
0
0
0
0
0
0
0
0
0
0
0
0
0
0
0
0
0
0
0
0
0
0
0
0
0
0
0
0
0
0
0
0
0
0
0
0
0
0
0
0
0
0
0
0
0
0
0
0
0
0
0
0
0
0
0
0
0
0
0
0
0
0
0
0
0
0
0
0
0
0
0
0
0
0
0
0
0
0
0
0
0
0
0
0
0
0
0
0
0
0
0
0
0
0
0
0
0
0
0
0
0
0
0
0
0
0
0
0
0
0
0
0
0
0
0
0
0
0
0
0
0
0
