# Measurement time [s]: 109.384
# Dwell time [us]: 20
#
# detCounts monCounts f_SF1_Hz f_SF2_Hz
142392 2000000 91700 91700
97
184
188
171
184
207
185
220
191
190
186
182
205
172
185
186
201
175
206
198
211
178
201
202
219
162
178
160
177
186
188
198
191
173
192
213
220
185
156
180
192
151
189
187
220
167
186
183
187
220
204
171
174
184
185
209
185
180
191
152
181
190
177
185
171
188
189
197
183
182
167
155
188
151
183
185
205
183
190
187
151
190
203
165
161
166
184
185
158
172
185
161
193
175
181
163
198
158
181
169
174
144
183
150
181
186
174
172
172
165
176
176
170
159
150
161
152
146
183
177
189
168
161
186
187
190
175
147
178
162
186
175
157
166
164
169
170
170
181
158
173
131
167
154
174
159
148
182
170
151
162
164
180
173
180
156
169
152
146
163
151
160
174
151
153
156
147
158
158
149
140
146
125
161
165
136
152
163
154
141
163
148
158
158
144
144
165
155
143
155
174
154
162
164
159
164
158
157
146
138
156
153
157
167
150
161
158
139
146
148
156
170
142
159
146
165
165
158
171
173
139
133
151
158
134
151
156
142
139
139
132
166
141
148
153
140
169
159
171
158
136
152
169
151
138
146
149
168
148
157
157
139
166
182
151
162
151
159
160
166
180
155
153
155
177
171
151
160
165
159
129
150
172
152
163
151
171
149
154
144
160
152
155
149
164
178
172
178
170
163
169
167
184
172
154
158
140
180
149
161
158
166
179
174
167
158
167
149
164
182
171
151
159
160
165
172
167
187
142
187
212
163
180
174
171
181
178
158
185
182
166
161
160
186
183
196
179
173
185
184
145
166
158
172
174
194
157
157
153
163
158
168
159
207
183
206
174
170
191
162
150
162
178
183
152
173
199
186
200
180
177
180
197
194
191
170
195
160
193
203
191
169
187
193
164
204
164
209
152
188
173
194
180
188
165
197
174
191
227
171
196
211
193
174
201
184
200
185
189
173
180
191
189
206
199
182
179
179
191
164
185
201
170
214
182
192
200
188
201
159
196
205
192
173
209
191
202
181
185
190
187
156
180
179
212
159
197
193
179
182
201
188
162
197
179
195
172
196
186
191
164
215
208
204
192
172
189
211
173
190
179
194
209
183
160
164
205
159
176
205
197
177
184
199
165
170
212
153
210
187
192
178
208
185
190
209
183
179
186
176
172
175
181
192
194
182
174
174
184
202
169
178
169
182
166
193
182
177
181
184
191
171
169
193
162
169
180
154
179
168
172
166
156
136
173
168
171
161
194
146
169
156
173
186
162
148
164
157
161
194
164
162
181
171
153
179
187
157
134
145
158
143
174
171
154
164
133
135
154
161
162
176
137
172
148
151
170
150
170
143
131
159
146
162
140
199
151
159
157
157
175
157
175
138
140
154
169
161
153
174
165
138
149
177
146
164
162
145
161
156
143
164
157
161
149
153
154
147
146
158
157
129
187
153
170
157
137
153
169
155
152
153
163
134
159
152
145
138
159
134
142
154
136
152
142
151
160
164
124
149
169
147
135
152
180
159
153
142
150
174
154
175
162
139
163
156
168
145
172
155
173
151
167
153
159
148
153
160
163
155
170
153
138
118
150
177
139
150
136
157
180
157
154
154
155
138
151
144
187
145
165
148
162
177
153
169
166
191
168
159
164
151
157
160
182
162
155
155
161
154
158
167
159
146
157
169
175
162
169
193
170
185
171
193
194
182
178
172
157
165
165
190
165
162
177
184
180
160
167
179
169
160
202
179
178
199
186
175
175
199
173
185
182
180
176
165
183
189
179
183
161
166
179
169
203
166
164
187
184
167
177
181
167
166
175
176
192
186
182
204
209
202
188
196
171
192
175
186
202
177
195
205
188
180
188
200
174
193
193
192
188
184
199
193
176
202
170
169
186
180
186
180
207
190
186
186
190
218
197
196
193
178
178
125
6
0
0
0
0
0
0
0
0
0
0
0
0
0
0
0
0
0
0
0
0
0
0
0
0
0
0
0
0
0
0
0
0
0
0
0
0
0
0
0
0
0
0
0
0
0
0
0
0
0
0
0
0
0
0
0
0
0
0
0
0
0
0
0
0
0
0
0
0
0
0
0
0
0
0
0
0
0
0
0
0
0
0
0
0
0
0
0
0
0
0
0
0
0
0
0
0
0
0
0
0
0
0
0
0
0
0
0
0
0
0
0
0
0
0
0
0
0
0
0
0
0
0
0
0
0
0
0
0
0
0
0
0
0
0
0
0
0
0
0
0
0
0
0
0
0
0
0
0
0
0
0
0
0
0
0
0
0
0
0
0
0
0
0
0
0
0
0
0
0
0
0
0
0
0
0
0
0
0
0
0
0
0
0
0
0
0
0
0
0
0
0
0
0
0
0
0
0
0
0
0
0
0
0
0
0
0
0
0
0
0
0
0
0
0
0
0
0
0
0
0
0
0
0
0
0
0
0
0
0
0
0
0
0
0
0
0
0
0
0
0
0
0
0
0
0
0
0
0
0
0
0
0
0
0
0
0
0
0
0
0
0
0
0
0
0
0
0
0
0
0
0
0
0
0
0
0
0
0
0
0
0
0
0
0
0
0
0
0
0
0
0
0
0
0
0
0
0
0
0
0
0
0
0
0
0
0
0
0
0
0
0
0
0
0
0
0
0
0
0
0
0
0
0
0
0
0
0
0
0
0
0
0
0
0
0
0
0
0
0
0
0
0
0
0
0
0
0
0
0
0
0
0
0
0
0
0
0
0
0
0
0
0
0
0
0
0
0
0
0
0
0
0
0
0
0
0
0
0
0
0
0
0
0
0
0
0
0
0
0
0
0
0
0
0
0
0
0
0
0
0
0
0
0
0
0
0
0
0
0
0
0
0
0
0
0
0
0
0
0
0
0
0
0
0
0
0
0
0
0
0
0
0
0
0
0
0
0
0
0
0
0
0
0
0
0
0
0
0
0
0
0
0
0
0
0
0
0
0
0
0
0
0
0
0
0
0
0
0
0
0
0
0
0
0
0
0
0
0
0
0
0
0
0
0
0
0
0
0
0
0
0
0
0
0
0
0
0
0
0
0
0
0
0
0
0
0
0
0
0
0
0
0
0
0
0
0
0
0
0
0
0
0
0
0
0
0
0
0
0
0
0
0
0
0
0
0
0
0
0
0
0
0
0
0
0
0
0
0
0
0
0
0
0
0
0
0
0
0
0
0
0
0
0
0
0
0
0
0
0
0
0
0
0
0
0
0
0
0
0
0
0
0
0
0
0
0
0
0
0
0
0
0
0
0
0
0
0
0
0
0
0
0
0
0
0
0
0
0
0
0
0
0
0
0
0
0
0
0
0
0
0
0
0
0
0
0
0
0
0
0
0
0
0
0
0
0
0
0
0
0
0
0
0
0
0
0
0
0
0
0
0
0
0
0
0
0
0
0
0
0
0
0
0
0
0
0
0
0
0
0
0
0
0
0
0
0
0
0
0
0
0
0
0
0
0
0
0
0
0
0
0
0
0
0
0
0
0
0
0
0
0
0
0
0
0
0
0
0
0
0
0
0
0
0
0
0
0
0
0
0
0
0
0
0
0
0
0
0
0
0
0
0
0
0
0
0
0
0
0
0
0
0
0
0
0
0
0
0
0
0
0
0
0
0
0
0
0
0
0
0
0
0
0
0
0
0
0
0
0
0
0
0
0
0
0
0
0
0
0
0
0
0
0
0
0
0
0
0
0
0
0
0
0
0
0
0
0
0
0
0
0
0
0
0
0
0
0
0
0
0
0
0
0
0
0
0
0
0
0
0
0
0
0
0
0
0
0
0
0
0
0
0
0
0
0
0
0
0
0
0
0
0
0
0
0
0
0
0
0
0
0
0
0
0
0
0
0
0
0
0
0
0
0
0
0
0
0
0
0
0
0
0
0
0
0
0
0
0
0
0
0
0
0
0
0
0
0
0
0
0
0
0
0
0
0
0
0
0
0
0
0
0
0
0
0
0
0
0
0
0
0
0
0
0
0
0
0
0
0
0
0
0
0
0
0
0
0
0
0
0
0
0
0
0
0
0
0
0
0
0
0
0
0
0
0
0
0
0
0
0
0
0
0
0
0
0
0
0
0
0
0
0
0
0
0
0
0
0
0
0
0
0
0
0
0
0
0
0
0
0
0
0
0
0
0
0
0
0
0
0
0
0
0
0
0
0
0
0
0
0
0
0
0
0
0
0
0
0
0
0
0
0
0
0
0
0
0
0
0
0
0
0
0
0
0
0
0
0
0
0
0
0
0
0
0
0
0
0
0
0
0
0
0
0
0
0
0
0
0
0
0
0
0
0
0
0
0
0
0
0
0
0
0
0
0
0
0
0
0
0
0
0
0
0
0
0
0
0
0
0
0
0
0
0
0
0
0
0
0
0
0
0
0
0
0
0
0
0
0
0
0
0
0
0
0
0
0
0
0
0
0
0
0
0
0
0
0
0
0
0
0
0
0
0
0
0
0
0
0
0
0
0
0
0
0
0
0
0
0
0
0
0
0
0
0
0
0
0
0
0
0
0
0
0
0
0
0
0
0
0
0
0
0
0
0
