# Measurement time [s]: 99.351
# Dwell time [us]: 20
#
# detCounts monCounts f_SF1_Hz f_SF2_Hz
140346 2000000 91700 91700
50
99
85
93
97
95
91
103
94
78
94
93
103
91
97
89
78
91
93
86
85
107
89
79
95
97
80
87
100
96
113
94
75
89
92
72
94
90
82
86
84
89
98
90
100
87
109
98
97
95
73
85
95
91
93
93
81
97
88
93
86
102
97
88
78
94
69
95
99
82
87
86
65
80
98
83
95
98
85
88
95
74
92
88
85
90
90
82
82
99
83
78
90
82
83
89
97
73
75
96
79
82
107
89
75
92
91
85
96
75
79
84
94
95
81
77
89
81
96
85
87
94
83
87
106
100
70
71
96
78
86
73
84
85
86
101
84
80
77
94
86
93
87
88
91
77
88
79
84
78
73
81
83
75
84
87
71
85
85
81
59
71
99
94
96
88
78
73
80
79
79
92
89
86
69
84
94
84
93
69
81
81
93
94
97
89
94
96
83
82
80
60
68
87
83
65
74
92
92
65
84
79
84
84
67
68
82
75
76
85
68
72
88
81
71
72
88
80
67
76
76
97
75
85
81
72
72
72
76
80
90
79
94
81
100
79
72
79
70
79
75
71
72
69
59
70
67
89
78
88
86
77
72
60
75
76
83
85
77
71
60
78
82
85
71
71
78
74
71
66
76
76
78
68
85
83
93
62
79
78
85
79
72
90
67
100
80
79
79
75
69
70
82
73
75
70
60
88
77
69
73
88
69
82
72
85
87
84
74
68
77
75
84
82
81
64
72
84
78
68
81
82
75
77
78
79
67
68
77
82
71
84
85
78
80
72
84
71
83
77
77
65
59
79
82
65
70
75
77
69
79
73
57
66
75
65
75
78
75
75
67
70
76
67
83
73
84
80
69
75
75
70
85
72
79
81
80
64
87
83
81
74
66
67
67
86
79
75
76
64
87
66
82
88
88
70
84
78
69
74
63
73
74
93
77
80
85
91
92
80
97
80
80
57
68
70
73
82
71
79
78
68
80
80
73
71
69
81
78
84
61
93
66
76
82
89
90
81
74
102
63
65
76
66
84
85
86
84
73
95
91
73
77
78
66
81
70
76
85
78
71
74
80
86
78
74
74
96
62
81
81
62
71
81
68
87
73
62
99
75
84
66
85
78
73
84
82
70
91
80
90
71
88
76
88
67
94
91
92
91
75
78
85
80
105
73
89
87
103
76
91
87
79
79
83
105
83
84
84
88
78
84
82
82
74
92
80
85
69
97
87
83
80
77
84
100
81
85
91
101
73
92
68
108
81
78
99
87
77
80
79
76
78
81
92
118
89
100
84
75
78
111
79
91
94
82
78
95
86
81
82
84
97
92
76
93
87
87
101
78
87
94
78
87
78
79
88
85
88
89
98
86
105
86
72
82
89
93
85
79
63
93
95
70
86
77
85
91
86
99
88
69
97
80
81
75
110
91
96
82
83
87
91
109
85
82
95
110
105
83
99
84
86
88
92
91
85
81
89
94
84
76
108
95
105
121
90
90
85
85
88
82
95
96
88
90
75
79
103
86
88
75
97
109
78
101
109
79
72
87
87
89
85
97
105
97
112
98
87
88
65
90
88
95
88
96
86
86
89
88
80
88
92
89
87
114
84
99
79
103
80
73
97
103
87
90
76
79
95
99
94
84
78
92
89
98
96
88
79
93
97
83
94
93
112
92
95
93
89
87
89
75
74
84
104
98
103
90
94
88
78
74
92
100
98
97
99
82
109
93
90
96
81
86
90
95
96
84
82
85
76
80
88
105
84
90
75
89
87
92
78
94
93
87
95
105
120
70
89
97
82
83
90
80
81
104
85
95
102
92
93
87
114
97
99
93
83
81
96
83
100
108
87
83
94
94
95
72
85
111
99
89
88
86
91
80
96
92
89
85
83
99
100
67
93
87
96
106
107
90
103
78
85
105
96
100
84
78
104
87
90
65
97
100
88
72
71
90
101
78
90
92
83
101
116
92
99
88
86
109
93
95
90
85
103
79
99
103
102
92
100
97
93
95
100
80
78
88
93
99
91
85
84
97
77
89
74
92
95
110
94
82
87
84
80
91
78
93
94
83
98
82
94
90
79
102
86
90
88
84
80
84
86
78
77
87
87
74
109
79
87
64
84
76
83
106
81
83
84
81
92
72
88
81
81
89
82
89
63
99
79
97
88
96
94
85
67
82
92
77
93
90
88
92
88
79
72
82
96
87
90
87
92
66
70
79
82
98
82
72
94
89
84
86
82
70
86
83
80
86
73
82
97
105
82
95
85
74
84
79
78
68
75
63
83
92
75
64
80
86
71
72
83
89
80
81
67
74
67
94
76
94
98
77
92
84
67
79
78
72
69
77
96
85
79
68
76
74
82
75
74
75
85
82
88
89
70
74
68
84
89
75
66
83
80
93
74
82
93
93
86
82
79
72
94
86
64
76
81
81
86
67
79
82
78
71
82
79
76
74
87
87
69
80
72
106
78
69
60
84
64
81
82
78
84
79
67
62
68
75
85
67
69
71
84
75
69
84
75
77
66
77
74
76
63
71
85
86
88
77
85
70
62
66
76
82
73
72
71
95
83
83
71
82
75
80
77
73
79
97
75
76
77
82
76
74
76
62
73
74
73
60
67
88
85
99
71
78
89
82
65
84
71
70
101
63
72
69
77
78
70
83
67
74
69
74
66
67
82
60
97
80
70
69
78
63
83
70
90
53
84
80
72
74
91
73
76
68
64
71
83
67
101
76
79
68
80
77
77
74
72
75
70
58
80
77
77
86
63
73
76
65
84
81
78
73
62
95
77
82
76
72
65
79
82
67
67
86
89
76
67
76
64
76
81
72
82
78
87
92
78
81
83
85
71
76
78
84
72
78
78
78
80
76
67
84
88
74
86
58
83
83
71
65
86
85
97
101
77
76
66
72
70
60
97
73
79
91
86
64
80
78
85
74
85
74
74
79
72
82
73
69
76
92
81
87
86
78
87
71
74
81
71
73
89
65
92
80
85
82
68
77
72
85
85
78
56
88
70
102
77
79
58
82
84
87
79
71
85
88
69
104
84
98
88
78
93
97
89
84
90
66
86
78
67
86
92
82
58
83
84
71
79
76
80
72
103
80
89
83
95
79
91
91
68
77
94
83
75
69
92
82
80
74
83
85
79
90
75
91
72
87
79
95
89
72
90
81
84
74
77
69
80
81
83
80
85
95
96
88
95
79
77
84
93
82
76
85
82
87
95
94
83
91
95
80
93
75
84
95
85
83
73
85
109
85
92
71
83
96
93
88
87
82
75
105
86
81
89
80
100
99
93
84
91
89
76
93
90
103
95
72
99
88
91
78
79
89
85
78
76
93
104
92
98
80
83
76
104
100
90
97
92
97
83
82
91
88
99
81
80
94
100
84
91
94
97
95
95
108
89
93
95
88
114
83
121
92
98
82
79
74
90
82
109
88
90
93
76
107
105
95
94
89
86
86
111
82
103
83
98
75
96
108
82
107
85
97
77
101
72
87
99
100
82
105
105
90
108
89
101
102
81
87
85
98
103
101
99
88
92
81
97
73
113
83
73
96
106
113
97
77
92
99
98
109
111
112
98
90
95
94
83
101
90
81
98
78
84
94
89
98
104
105
81
74
95
107
114
90
93
101
91
91
95
64
108
92
79
101
80
104
95
90
89
100
100
109
102
92
99
88
85
94
89
90
90
105
91
84
86
86
99
100
87
94
95
114
90
86
101
98
94
62
92
85
86
91
94
103
82
78
89
89
90
111
77
73
85
93
87
106
84
88
102
83
97
95
91
77
86
98
88
96
97
85
77
10
0
0
0
0
0
0
0
0
0
0
0
0
0
0
0
0
0
0
0
0
0
0
0
0
0
0
0
0
0
0
0
0
0
0
0
0
0
0
0
0
0
0
0
0
0
0
0
0
0
0
0
0
0
0
0
0
0
0
0
0
0
0
0
0
0
0
0
0
0
0
0
0
0
0
0
0
0
0
0
0
0
0
0
0
0
0
0
0
0
0
0
0
0
0
0
0
0
0
0
0
0
0
0
0
0
0
0
0
0
0
0
0
0
0
0
0
0
0
0
0
0
0
0
0
0
0
0
0
0
0
0
0
0
0
0
0
0
0
0
0
0
0
0
0
0
0
0
0
0
0
0
0
0
0
0
0
0
0
0
0
0
0
0
0
0
0
0
0
0
0
0
0
0
0
0
0
0
0
0
0
0
0
0
0
0
0
0
0
0
0
0
0
0
0
0
0
0
0
0
0
0
0
0
0
0
0
0
0
0
0
0
0
0
0
0
0
0
0
0
0
0
0
0
0
0
0
0
0
0
0
0
0
0
0
0
0
0
0
0
0
0
0
0
0
0
0
0
0
0
0
0
0
0
0
0
0
0
0
0
0
0
0
0
0
0
0
0
0
0
0
0
0
0
0
0
0
0
0
0
0
0
0
0
0
0
0
0
0
0
0
0
0
0
0
0
0
0
0
0
0
0
0
0
0
0
0
0
0
0
0
0
0
0
0
0
0
0
0
0
0
0
0
0
0
0
0
0
0
0
0
0
0
