# Measurement time [s]: 99.350
# Dwell time [us]: 20
#
# detCounts monCounts f_SF1_Hz f_SF2_Hz
146564 2000000 91700 91700
99
223
216
222
241
245
207
218
232
241
211
236
229
212
212
220
220
241
217
219
240
218
208
208
219
239
223
220
225
198
237
231
201
249
244
215
215
218
225
202
226
224
244
195
212
212
201
208
199
232
200
204
216
225
215
225
215
204
200
191
225
238
216
226
227
212
222
223
226
220
203
226
219
211
216
216
220
184
213
187
208
207
213
224
203
209
194
188
215
204
220
201
210
205
224
202
199
185
195
209
179
201
208
213
208
205
227
213
189
199
190
196
203
216
203
218
212
209
195
226
214
215
203
190
164
198
187
230
183
180
177
198
192
182
193
184
207
200
173
169
173
169
180
202
171
195
207
177
166
164
160
191
182
185
173
191
170
186
166
190
177
179
183
185
183
180
176
184
192
162
191
178
182
186
161
172
153
173
174
171
173
175
183
197
183
173
184
197
176
164
191
203
169
182
162
169
132
189
166
187
173
171
188
165
171
152
180
164
186
175
157
184
175
170
169
164
178
166
187
185
191
163
192
169
193
171
159
180
179
192
193
173
201
191
175
170
179
170
180
187
178
206
199
162
160
164
193
186
176
169
181
197
182
192
187
169
204
169
193
189
196
154
183
205
185
202
184
179
191
200
167
207
201
201
193
194
185
204
196
188
207
200
196
179
210
180
202
189
168
210
191
210
182
208
198
201
163
185
185
194
196
191
211
206
222
211
212
195
193
198
197
228
201
187
198
201
202
190
221
191
210
207
213
201
206
187
202
214
235
214
231
215
211
213
218
251
195
220
209
224
201
212
215
225
237
229
220
221
243
210
210
247
230
242
239
229
217
229
248
227
206
259
210
231
222
220
240
222
214
224
197
212
219
256
192
225
231
221
204
228
229
217
231
240
214
197
220
235
240
197
190
216
195
205
244
203
234
233
228
242
224
218
247
190
218
244
221
239
226
224
207
202
228
211
220
236
199
230
229
220
216
213
205
200
197
213
228
220
205
210
251
222
230
197
218
213
197
190
227
218
192
208
223
235
205
205
207
202
205
216
219
189
191
216
225
201
187
245
224
195
190
217
201
198
216
192
218
209
219
212
193
182
215
198
214
185
204
198
182
189
207
214
201
212
193
209
202
182
185
182
192
187
185
195
198
222
183
178
207
179
194
225
202
181
188
191
199
196
187
198
162
177
164
209
192
184
178
194
206
217
180
185
189
195
171
167
189
192
212
160
200
188
175
183
172
204
199
159
202
200
179
184
175
161
203
181
161
187
213
186
159
178
189
195
181
209
187
172
175
194
177
197
191
186
186
170
170
175
192
154
205
187
148
186
161
199
168
145
179
171
180
176
176
204
175
171
210
182
176
188
174
175
177
212
162
191
191
173
194
169
207
199
181
183
183
167
189
193
171
159
189
185
185
197
178
185
191
184
190
189
172
181
181
171
190
199
181
180
166
179
196
187
171
190
190
183
195
171
191
186
184
189
178
162
174
182
207
172
192
218
196
225
197
182
190
203
221
184
196
173
175
205
212
199
200
204
209
208
192
199
217
193
215
211
198
192
196
202
183
197
191
232
204
205
199
185
212
204
217
216
201
209
211
189
219
215
201
221
207
234
209
219
215
196
218
206
222
217
207
213
189
231
203
219
210
197
204
223
226
225
215
206
232
192
231
218
223
224
220
195
234
235
199
223
226
155
12
0
0
0
0
0
0
0
0
0
0
0
0
0
0
0
0
0
0
0
0
0
0
0
0
0
0
0
0
0
0
0
0
0
0
0
0
0
0
0
0
0
0
0
0
0
0
0
0
0
0
0
0
0
0
0
0
0
0
0
0
0
0
0
0
0
0
0
0
0
0
0
0
0
0
0
0
0
0
0
0
0
0
0
0
0
0
0
0
0
0
0
0
0
0
0
0
0
0
0
0
0
0
0
0
0
0
0
0
0
0
0
0
0
0
0
0
0
0
0
0
0
0
0
0
0
0
0
0
0
0
0
0
0
0
0
0
0
0
0
0
0
0
0
0
0
0
0
0
0
0
0
0
0
0
0
0
0
0
0
0
0
0
0
0
0
0
0
0
0
0
0
0
0
0
0
0
0
0
0
0
0
0
0
0
0
0
0
0
0
0
0
0
0
0
0
0
0
0
0
0
0
0
0
0
0
0
0
0
0
0
0
0
0
0
0
0
0
0
0
0
0
0
0
0
0
0
0
0
0
0
0
0
0
0
0
0
0
0
0
0
0
0
0
0
0
0
0
0
0
0
0
0
0
0
0
0
0
0
0
0
0
0
0
0
0
0
0
0
0
0
0
0
0
0
0
0
0
0
0
0
0
0
0
0
0
0
0
0
0
0
0
0
0
0
0
0
0
0
0
0
0
0
0
0
0
0
0
0
0
0
0
0
0
0
0
0
0
0
0
0
0
0
0
0
0
0
0
0
0
0
0
0
0
0
0
0
0
0
0
0
0
0
0
0
0
0
0
0
0
0
0
0
0
0
0
0
0
0
0
0
0
0
0
0
0
0
0
0
0
0
0
0
0
0
0
0
0
0
0
0
0
0
0
0
0
0
0
0
0
0
0
0
0
0
0
0
0
0
0
0
0
0
0
0
0
0
0
0
0
0
0
0
0
0
0
0
0
0
0
0
0
0
0
0
0
0
0
0
0
0
0
0
0
0
0
0
0
0
0
0
0
0
0
0
0
0
0
0
0
0
0
0
0
0
0
0
0
0
0
0
0
0
0
0
0
0
0
0
0
0
0
0
0
0
0
0
0
0
0
0
0
0
0
0
0
0
0
0
0
0
0
0
0
0
0
0
0
0
0
0
0
0
0
0
0
0
0
0
0
0
0
0
0
0
0
0
0
0
0
0
0
0
0
0
0
0
0
0
0
0
0
0
0
0
0
0
0
0
0
0
0
0
0
0
0
0
0
0
0
0
0
0
0
0
0
0
0
0
0
0
0
0
0
0
0
0
0
0
0
0
0
0
0
0
0
0
0
0
0
0
0
0
0
0
0
0
0
0
0
0
0
0
0
0
0
0
0
0
0
0
0
0
0
0
0
0
0
0
0
0
0
0
0
0
0
0
0
0
0
0
0
0
0
0
0
0
0
0
0
0
0
0
0
0
0
0
0
0
0
0
0
0
0
0
0
0
0
0
0
0
0
0
0
0
0
0
0
0
0
0
0
0
0
0
0
0
0
0
0
0
0
0
0
0
0
0
0
0
0
0
0
0
0
0
0
0
0
0
0
0
0
0
0
0
0
0
0
0
0
0
0
0
0
0
0
0
0
0
0
0
0
0
0
0
0
0
0
0
0
0
0
0
0
0
0
0
0
0
0
0
0
0
0
0
0
0
0
0
0
0
0
0
0
0
0
0
0
0
0
0
0
0
0
0
0
0
0
0
0
0
0
0
0
0
0
0
0
0
0
0
0
0
0
0
0
0
0
0
0
0
0
0
0
0
0
0
0
0
0
0
0
0
0
0
0
0
0
0
0
0
0
0
0
0
0
0
0
0
0
0
0
0
0
0
0
0
0
0
0
0
0
0
0
0
0
0
0
0
0
0
0
0
0
0
0
0
0
0
0
0
0
0
0
0
0
0
0
0
0
0
0
0
0
0
0
0
0
0
0
0
0
0
0
0
0
0
0
0
0
0
0
0
0
0
0
0
0
0
0
0
0
0
0
0
0
0
0
0
0
0
0
0
0
0
0
0
0
0
0
0
0
0
0
0
0
0
0
0
0
0
0
0
0
0
0
0
0
0
0
0
0
0
0
0
0
0
0
0
0
0
0
0
0
0
0
0
0
0
0
0
0
0
0
0
0
0
0
0
0
0
0
0
0
0
0
0
0
0
0
0
0
0
0
0
0
0
0
0
0
0
0
0
0
0
0
0
0
0
0
0
0
0
0
0
0
0
0
0
0
0
0
0
0
0
0
0
0
0
0
0
0
0
0
0
0
0
0
0
0
0
0
0
0
0
0
0
0
0
0
0
0
0
0
0
0
0
0
0
0
0
0
0
0
0
0
0
0
0
0
0
0
0
0
0
0
0
0
0
0
0
0
0
0
0
0
0
0
0
0
0
0
0
0
0
0
0
0
0
0
0
0
0
0
0
0
0
0
0
0
0
0
0
0
0
0
0
0
0
0
0
0
0
0
0
0
0
0
0
0
0
0
0
0
0
0
0
0
0
0
0
0
0
0
0
0
0
0
0
0
0
0
0
0
0
0
0
0
0
0
0
0
0
0
0
0
0
0
0
0
0
0
0
0
0
0
0
0
0
0
0
0
0
0
0
0
0
0
0
0
0
0
0
0
0
0
0
0
0
0
0
0
0
0
0
0
0
0
0
0
0
0
0
0
0
0
0
0
0
0
0
0
0
0
0
0
0
0
0
0
0
0
0
0
0
0
0
0
0
0
0
0
0
0
0
0
0
0
0
0
0
0
0
0
0
0
0
0
0
0
0
0
0
0
0
0
0
0
0
0
0
0
0
0
0
0
0
0
0
0
0
0
0
0
0
0
0
0
0
0
0
0
0
0
