# Measurement time [s]: 109.386
# Dwell time [us]: 20
#
# detCounts monCounts f_SF1_Hz f_SF2_Hz
143984 2000000 91700 91700
91
137
137
150
153
150
112
150
147
144
136
156
151
155
137
158
153
149
153
147
168
159
137
147
143
141
160
144
143
130
168
128
142
154
131
127
150
158
145
156
139
174
124
160
151
142
148
144
155
148
151
158
163
160
160
141
138
153
135
125
165
161
133
145
130
151
139
154
149
118
146
136
148
143
142
150
147
129
123
134
140
155
148
133
139
134
137
146
123
138
140
125
137
140
120
133
157
130
142
139
134
112
140
145
129
132
145
140
118
149
154
124
121
136
151
130
125
121
124
146
150
113
124
140
132
149
127
125
127
145
145
135
107
158
142
140
144
118
124
138
144
123
115
128
148
144
134
125
144
148
130
110
133
127
114
147
121
119
138
126
146
137
110
117
143
133
115
115
118
135
122
137
123
115
110
135
145
118
112
131
125
113
135
108
112
117
133
143
127
123
125
122
118
126
124
133
119
127
134
125
116
123
135
126
114
130
123
110
136
129
125
106
137
120
135
136
111
108
118
116
133
117
125
126
126
130
92
104
119
127
119
128
127
111
133
122
134
120
141
115
112
148
121
115
124
104
107
114
125
113
134
111
123
126
144
123
122
104
121
106
117
117
103
129
138
115
134
113
134
131
119
122
120
134
121
115
118
137
119
130
148
118
124
120
102
123
108
125
109
133
118
116
136
122
135
121
130
99
113
129
118
118
124
119
101
127
111
129
126
109
116
128
111
132
133
103
140
126
105
129
131
148
114
133
123
133
100
120
125
114
118
120
134
121
151
133
137
139
120
153
122
119
131
131
136
120
144
111
123
125
138
147
121
137
115
116
125
143
132
120
139
132
119
142
137
155
160
130
113
142
139
144
151
133
133
133
148
144
133
115
134
163
147
133
127
130
130
141
129
143
142
158
157
156
122
136
119
132
108
128
146
145
149
134
144
147
140
144
155
130
165
158
140
121
144
156
160
132
159
133
142
143
152
157
142
138
141
126
157
146
156
144
155
130
144
150
137
163
143
134
148
144
149
141
133
142
156
136
137
140
127
150
164
169
149
156
166
150
127
148
145
138
152
145
138
138
176
159
156
161
140
140
141
132
126
149
149
151
167
150
135
160
132
142
161
145
138
134
157
148
155
158
144
160
146
142
165
146
165
159
136
139
153
154
131
148
144
144
141
182
147
148
155
146
160
125
159
161
131
150
144
155
146
141
137
147
142
172
136
129
142
171
148
148
157
147
136
143
173
128
139
164
141
163
148
140
172
135
151
164
157
140
148
129
148
152
148
142
169
150
127
142
148
170
148
151
132
137
133
164
146
139
137
131
141
142
150
145
126
149
152
160
156
134
117
148
146
165
133
160
153
151
145
125
142
135
143
163
161
132
150
144
163
156
153
144
134
158
126
147
145
133
138
137
128
161
140
154
124
152
129
112
149
148
130
155
144
127
134
112
149
114
147
144
150
112
125
140
107
133
152
138
149
130
130
155
139
149
137
138
119
134
122
146
144
153
136
147
137
129
139
140
111
141
131
134
136
135
130
131
106
116
136
143
142
117
143
141
138
127
135
122
126
131
146
129
126
135
130
128
107
111
130
131
124
128
108
119
130
132
134
130
113
130
131
118
136
104
121
122
104
114
116
137
129
140
125
115
131
130
137
118
137
131
128
146
115
112
113
137
117
113
110
116
121
118
112
132
136
125
141
136
118
115
124
108
131
115
110
116
146
138
137
132
139
136
111
119
132
113
124
116
127
121
124
117
140
126
112
128
120
134
125
126
123
128
133
124
110
131
114
110
121
119
138
131
105
96
104
126
124
118
114
113
105
139
129
127
114
107
123
136
117
108
126
150
116
129
122
146
130
123
104
122
132
127
119
116
122
120
102
133
145
115
116
115
123
130
131
117
126
127
114
117
124
126
121
145
116
119
140
103
125
135
117
133
116
139
130
122
128
124
126
125
125
125
139
124
106
142
137
112
115
129
118
148
129
132
131
124
128
114
121
130
128
120
127
118
139
119
128
115
127
125
138
112
127
139
143
131
134
130
115
143
124
125
144
133
130
145
118
146
137
133
130
130
140
111
140
124
144
116
130
121
135
126
148
121
138
147
131
140
128
142
131
139
142
139
145
132
142
163
165
142
132
127
128
146
145
133
128
148
134
133
114
149
129
129
149
136
138
129
170
126
143
144
149
156
143
154
166
149
127
122
141
135
144
139
133
139
143
132
158
131
177
145
157
136
151
145
129
150
146
161
133
116
152
146
165
148
162
155
134
160
137
153
143
159
160
151
138
135
150
147
153
150
142
161
159
141
151
161
141
149
153
163
146
133
154
158
144
139
159
147
137
177
158
144
124
151
156
148
151
157
153
157
161
149
143
163
140
142
143
169
141
144
142
126
159
150
154
166
156
164
154
153
143
142
153
165
128
123
156
146
51
0
0
0
0
0
0
0
0
0
0
0
0
0
0
0
0
0
0
0
0
0
0
0
0
0
0
0
0
0
0
0
0
0
0
0
0
0
0
0
0
0
0
0
0
0
0
0
0
0
0
0
0
0
0
0
0
0
0
0
0
0
0
0
0
0
0
0
0
0
0
0
0
0
0
0
0
0
0
0
0
0
0
0
0
0
0
0
0
0
0
0
0
0
0
0
0
0
0
0
0
0
0
0
0
0
0
0
0
0
0
0
0
0
0
0
0
0
0
0
0
0
0
0
0
0
0
0
0
0
0
0
0
0
0
0
0
0
0
0
0
0
0
0
0
0
0
0
0
0
0
0
0
0
0
0
0
0
0
0
0
0
0
0
0
0
0
0
0
0
0
0
0
0
0
0
0
0
0
0
0
0
0
0
0
0
0
0
0
0
0
0
0
0
0
0
0
0
0
0
0
0
0
0
0
0
0
0
0
0
0
0
0
0
0
0
0
0
0
0
0
0
0
0
0
0
0
0
0
0
0
0
0
0
0
0
0
0
0
0
0
0
0
0
0
0
0
0
0
0
0
0
0
0
0
0
0
0
0
0
0
0
0
0
0
0
0
0
0
0
0
0
0
0
0
0
0
0
0
0
0
0
0
0
0
0
0
0
0
0
0
0
0
0
0
0
0
0
0
0
0
0
0
0
0
0
0
0
0
0
0
0
0
0
0
0
0
0
0
0
0
0
0
0
0
0
0
0
0
0
0
0
0
0
0
0
0
0
0
0
0
0
0
0
0
0
0
0
0
0
0
0
0
0
0
0
0
0
0
0
0
0
0
0
0
0
0
0
0
0
0
0
0
0
0
0
0
0
0
0
0
0
0
0
0
0
0
0
0
0
0
0
0
0
0
0
0
0
0
0
0
0
0
0
0
0
0
0
0
0
0
0
0
0
0
0
0
0
0
0
0
0
0
0
0
0
0
0
0
0
0
0
0
0
0
0
0
0
0
0
0
0
0
0
0
0
0
0
0
0
0
0
0
0
0
0
0
0
0
0
0
0
0
0
0
0
0
0
0
0
0
0
0
0
0
0
0
0
0
0
0
0
0
0
0
0
0
0
0
0
0
0
0
0
0
0
0
0
0
0
0
0
0
0
0
0
0
0
0
0
0
0
0
0
0
0
0
0
0
0
0
0
0
0
0
0
0
0
0
0
0
0
0
0
0
0
0
0
0
0
0
0
0
0
0
0
0
0
0
0
0
0
0
0
0
0
0
0
0
0
0
0
0
0
0
0
0
0
0
0
0
0
0
0
0
0
0
0
0
0
0
0
0
0
0
0
0
0
0
0
0
0
0
0
0
0
0
0
0
0
0
0
0
0
0
0
0
0
0
0
0
0
0
0
0
0
0
0
0
0
0
0
0
0
0
0
0
0
0
0
0
0
0
0
0
0
0
0
0
0
0
0
0
0
0
0
0
0
0
0
0
0
0
0
0
0
0
0
0
0
0
0
0
0
0
0
0
0
0
0
0
0
0
0
0
0
0
0
0
0
0
0
0
0
0
0
0
0
0
0
0
0
0
0
0
0
0
0
0
0
0
0
0
0
0
0
0
0
0
0
0
0
0
0
0
0
0
0
0
0
0
0
0
0
0
0
0
0
0
0
0
0
0
0
0
0
0
0
0
0
0
0
0
0
0
0
0
0
0
0
0
0
0
0
0
0
0
0
0
0
0
0
0
0
0
0
0
0
0
0
0
0
0
0
0
0
0
0
0
0
0
0
0
0
0
0
0
0
0
0
0
0
0
0
0
0
0
0
0
0
0
0
0
0
0
0
0
0
0
0
0
0
0
0
0
0
0
0
0
0
0
0
0
0
0
0
0
0
0
0
0
0
0
0
0
0
0
0
0
0
0
0
0
0
0
0
0
0
0
0
0
0
0
0
0
0
0
0
0
0
0
0
0
0
0
0
0
0
0
0
0
0
0
0
0
0
0
0
0
0
0
0
0
0
0
0
0
0
0
0
0
0
0
0
0
0
0
0
0
0
0
0
0
0
0
0
0
0
0
0
0
0
0
0
0
0
0
0
0
0
0
0
0
0
0
0
0
0
0
0
0
0
0
0
0
0
