# Measurement time [s]: 99.350
# Dwell time [us]: 20
#
# detCounts monCounts f_SF1_Hz f_SF2_Hz
143639 2000000 91700 91700
92
143
152
124
158
122
161
157
135
143
143
145
139
166
158
145
130
148
161
122
141
136
149
147
154
123
125
137
146
144
139
133
140
136
129
149
116
146
113
164
139
142
131
137
133
140
145
125
144
139
134
135
153
106
134
124
132
138
122
162
130
111
121
139
129
157
139
135
141
133
133
113
153
143
145
144
130
146
121
133
124
131
107
123
132
132
126
127
137
131
128
141
132
142
134
136
129
135
151
155
126
140
143
147
131
125
141
139
128
121
145
126
132
133
116
122
134
114
129
118
122
121
133
124
118
129
123
122
118
122
127
123
115
139
148
120
132
114
132
113
141
141
127
112
109
118
109
141
130
110
124
124
144
119
132
103
145
121
132
117
124
142
111
142
139
116
128
110
125
128
118
109
126
136
116
129
102
117
124
122
113
119
124
134
131
103
142
100
106
126
120
100
127
115
129
122
114
113
115
125
130
132
123
118
105
115
110
131
137
100
150
111
108
108
123
138
128
125
107
121
95
99
104
117
132
108
115
127
110
137
113
107
123
111
114
118
116
133
112
127
111
101
105
106
111
113
137
118
115
114
127
131
121
137
103
128
129
129
114
99
111
102
117
118
124
121
120
113
103
122
93
108
125
136
107
110
111
125
112
119
119
127
114
128
123
123
121
111
105
98
116
116
101
106
108
130
137
143
108
130
110
130
138
126
128
112
128
122
125
121
102
126
103
123
110
126
120
112
115
94
137
128
130
107
112
122
122
126
103
126
111
109
112
103
93
119
116
133
153
132
136
121
105
124
114
125
134
109
114
105
114
115
133
106
101
114
130
124
144
117
136
132
127
122
131
133
118
151
138
119
132
134
124
143
108
111
128
108
126
139
127
106
122
127
125
134
109
150
131
123
148
123
125
155
131
121
141
126
133
125
139
154
119
112
126
108
142
121
123
135
130
121
144
121
132
141
117
124
124
125
140
123
139
146
131
133
138
149
140
136
129
146
135
156
145
127
134
121
132
149
140
137
138
138
136
143
130
152
141
128
122
152
143
137
145
143
116
148
146
135
162
154
146
141
148
129
136
139
147
143
152
151
138
143
129
161
142
145
134
147
127
147
154
153
127
132
121
143
138
150
145
136
158
130
138
144
161
149
129
138
144
150
144
168
115
136
152
153
141
158
155
141
138
145
122
142
147
145
147
143
144
154
159
158
161
145
154
132
157
141
136
155
158
148
146
146
147
143
152
149
141
137
156
132
148
137
148
131
133
154
143
144
147
144
159
133
135
147
144
145
152
144
123
132
122
123
165
122
132
145
124
147
124
138
140
138
149
139
129
123
157
144
143
121
130
143
143
143
141
140
130
129
137
146
152
159
127
152
141
138
147
144
128
156
137
156
138
125
140
127
133
129
130
128
150
145
137
137
138
130
127
137
141
131
142
135
138
129
131
140
142
153
104
104
132
143
113
141
125
114
137
142
139
118
136
129
132
125
134
123
145
139
129
144
130
142
123
125
133
130
133
137
122
144
138
112
132
107
116
133
128
123
122
123
138
144
127
139
113
148
134
128
124
114
149
120
113
113
119
128
144
125
102
108
130
112
140
107
123
128
127
119
136
133
116
102
130
114
135
133
132
143
137
119
152
127
129
114
114
121
107
143
128
133
124
119
107
146
127
130
100
114
108
122
96
121
126
120
120
128
124
106
103
126
88
105
129
114
117
125
107
131
124
111
127
121
132
126
128
121
109
132
117
117
119
134
125
132
126
128
126
111
120
108
117
117
113
119
124
112
106
124
118
122
105
124
131
123
100
115
92
119
117
98
131
107
141
129
112
110
112
103
126
106
121
119
115
107
103
114
111
111
110
110
106
117
114
110
126
116
133
94
105
118
101
123
110
112
123
113
127
127
121
105
119
110
107
115
126
118
107
113
113
129
117
100
126
104
118
101
131
122
111
114
122
105
124
123
122
122
122
132
114
113
107
123
121
125
114
126
124
100
142
127
106
99
107
117
131
123
130
111
115
118
108
132
100
125
146
111
114
129
129
117
112
119
125
109
124
114
110
128
116
116
113
120
126
106
124
120
152
116
115
134
118
112
136
132
114
146
144
104
132
130
129
120
146
127
118
105
135
123
110
127
137
122
124
137
117
131
115
133
138
128
133
125
128
132
112
142
135
129
138
120
125
124
140
130
127
134
139
114
119
133
139
125
136
145
129
141
107
144
123
137
120
141
129
137
123
131
111
137
134
112
134
126
146
101
129
129
127
127
124
129
135
128
153
134
157
125
139
143
147
167
130
151
135
142
141
143
149
154
137
128
127
146
138
124
163
122
152
134
133
127
124
158
133
152
165
124
118
137
149
151
132
139
138
120
142
152
142
135
139
143
140
148
144
142
144
138
140
132
141
139
128
156
139
144
124
164
135
136
114
151
140
160
139
156
127
140
149
143
149
130
131
156
158
149
147
136
157
146
147
157
141
147
140
150
141
167
132
156
131
144
149
134
158
139
137
141
148
153
141
140
156
164
146
159
145
142
148
70
0
0
0
0
0
0
0
0
0
0
0
0
0
0
0
0
0
0
0
0
0
0
0
0
0
0
0
0
0
0
0
0
0
1
0
0
0
0
0
0
0
0
0
0
0
0
0
0
0
0
0
0
0
0
0
0
0
0
0
0
0
0
0
0
0
0
0
0
0
0
0
0
0
0
0
0
0
0
0
0
0
0
0
0
0
0
0
0
0
0
0
0
0
0
0
0
0
0
0
0
0
0
0
0
0
0
0
0
0
0
0
0
0
0
0
0
0
0
0
0
0
0
0
0
0
0
0
0
0
0
0
0
0
0
0
0
0
0
0
0
0
0
0
0
0
0
0
0
0
0
0
0
0
0
0
0
0
0
0
0
0
0
0
0
0
0
0
0
0
0
0
0
0
0
0
0
0
0
0
0
0
0
0
0
0
0
0
0
0
0
0
0
0
0
0
0
0
0
0
0
0
0
0
0
0
0
0
0
0
0
0
0
0
0
0
0
0
0
0
0
0
0
0
0
0
0
0
0
0
0
0
0
0
0
0
0
0
0
0
0
0
0
0
0
0
0
0
0
0
0
0
0
0
0
0
0
0
0
0
0
0
0
0
0
0
0
0
0
0
0
0
0
0
0
0
0
0
0
0
0
0
0
0
0
0
0
0
0
0
0
0
0
0
0
0
0
0
0
0
0
0
0
0
0
0
0
0
0
0
0
0
0
0
0
0
0
0
0
0
0
0
0
0
0
0
0
0
0
0
0
0
0
0
0
0
0
0
0
0
0
0
0
0
0
0
0
0
0
0
0
0
0
0
0
0
0
0
0
0
0
0
0
0
0
0
0
0
0
0
0
0
0
0
0
0
0
0
0
0
0
0
0
0
0
0
0
0
0
0
0
0
0
0
0
0
0
0
0
0
0
0
0
0
0
0
0
0
0
0
0
0
0
0
0
0
0
0
0
0
0
0
0
0
0
0
0
0
0
0
0
0
0
0
0
0
0
0
0
0
0
0
0
0
0
0
0
0
0
0
0
0
0
0
0
0
0
0
0
0
0
0
0
0
0
0
0
0
0
0
0
0
0
0
0
0
0
0
0
0
0
0
0
0
0
0
0
0
0
0
0
0
0
0
0
0
0
0
0
0
0
0
0
0
0
0
0
0
0
0
0
0
0
0
0
0
0
0
0
0
0
0
0
0
0
0
0
0
0
0
0
0
0
0
0
0
0
0
0
0
0
0
0
0
0
0
0
0
0
0
0
0
0
0
0
0
0
0
0
0
0
0
0
0
0
0
0
0
0
0
0
0
0
0
0
0
0
0
0
0
0
0
0
0
0
0
0
0
0
0
0
0
0
0
0
0
0
0
0
0
0
0
0
0
0
0
0
0
0
0
0
0
0
0
0
0
0
0
0
0
0
0
0
0
0
0
0
0
0
0
0
0
0
0
0
0
0
0
0
0
0
0
0
0
0
0
0
0
0
0
0
0
0
0
0
0
0
0
0
0
0
0
0
0
0
0
0
0
0
0
0
0
0
0
0
0
0
0
0
0
0
0
0
0
0
0
0
0
0
0
0
0
0
0
0
0
0
0
0
0
0
0
0
0
0
0
0
0
0
0
0
0
0
0
0
0
0
0
0
0
0
0
0
0
0
0
0
0
0
0
0
0
0
0
0
0
0
0
0
0
0
0
0
0
0
0
0
0
0
0
0
0
0
0
0
0
0
0
0
0
0
0
0
0
0
0
0
0
0
0
0
0
0
0
0
0
0
0
0
0
0
0
0
0
0
0
0
0
0
0
0
0
0
0
0
0
0
0
0
0
0
0
0
0
0
0
0
0
0
0
0
0
0
0
0
0
0
0
0
0
0
0
0
0
0
0
0
0
0
0
0
0
0
0
0
0
0
0
0
0
0
0
0
0
0
0
0
0
0
0
0
0
0
0
0
0
0
0
0
0
0
0
0
0
0
0
0
0
0
0
0
0
0
0
0
0
0
0
0
0
0
0
0
0
0
0
0
0
0
