# Sampling Rate: 100000 S/s
#
# channel_A channel_B
0.053407 -0.541398
0.055544 -0.550859
0.053407 -0.566424
0.058901 -0.573138
0.056459 -0.592364
0.057070 -0.604877
0.057985 -0.614948
0.057680 -0.627155
0.060427 -0.636616
0.061953 -0.645772
0.063173 -0.654927
0.061953 -0.666219
0.062563 -0.678121
0.065004 -0.688803
0.066836 -0.698264
0.066530 -0.705893
0.065615 -0.716880
0.070803 -0.723289
0.063478 -0.739769
0.069277 -0.744957
0.070193 -0.751976
0.068667 -0.760216
0.071108 -0.768151
0.071413 -0.775475
0.072329 -0.780663
0.072329 -0.789514
0.072329 -0.797449
0.070193 -0.802637
0.072634 -0.808740
0.071718 -0.815149
0.071718 -0.821253
0.075991 -0.822474
0.071108 -0.834071
0.074160 -0.835902
0.075381 -0.837733
0.073550 -0.843837
0.074465 -0.845973
0.074465 -0.850856
0.080264 -0.847194
0.073855 -0.856960
0.074770 -0.858791
0.074770 -0.862148
0.079043 -0.861232
0.073550 -0.865200
0.071413 -0.868862
0.073550 -0.867641
0.072634 -0.870998
0.073244 -0.870388
0.075991 -0.867031
0.078127 -0.865810
0.075991 -0.867641
0.073855 -0.867946
0.074770 -0.863979
0.071413 -0.863979
0.075686 -0.861232
0.072024 -0.858486
0.076907 -0.852382
0.071108 -0.858791
0.067446 -0.856349
0.072329 -0.847804
0.070193 -0.844447
0.071108 -0.840175
0.071718 -0.836207
0.072634 -0.832240
0.070193 -0.825831
0.069277 -0.821863
0.066836 -0.817591
0.067446 -0.809961
0.066530 -0.805383
0.066836 -0.799890
0.066836 -0.793481
0.065004 -0.786767
0.064699 -0.778832
0.061647 -0.774255
0.062868 -0.764183
0.060427 -0.755333
0.061647 -0.748619
0.062563 -0.737327
0.060121 -0.728477
0.057680 -0.723289
0.058901 -0.711692
0.061647 -0.700095
0.055239 -0.693381
0.053102 -0.682699
0.051576 -0.673238
0.050661 -0.663778
0.052797 -0.650349
0.050661 -0.639058
0.051881 -0.626240
0.050356 -0.620441
0.046083 -0.607318
0.046693 -0.594501
0.044862 -0.583819
0.045167 -0.570086
0.041810 -0.559404
0.045778 -0.540788
0.038453 -0.535295
0.041200 -0.519425
0.039979 -0.507218
0.036622 -0.495010
0.037538 -0.479141
0.035096 -0.464797
0.036012 -0.450148
0.032960 -0.438551
0.031434 -0.423902
0.032044 -0.407117
0.028687 -0.395825
0.027772 -0.379650
0.023804 -0.366527
0.024720 -0.350352
0.024415 -0.336009
0.025636 -0.317392
0.025330 -0.304880
0.020753 -0.288095
0.017396 -0.276498
0.017090 -0.257881
0.014954 -0.243233
0.014954 -0.226753
0.014039 -0.211798
0.012513 -0.195318
0.013123 -0.177313
0.009461 -0.162358
0.006409 -0.148320
0.005493 -0.130619
0.003662 -0.117496
0.004578 -0.098575
0.001831 -0.083621
0.002441 -0.063784
0.000305 -0.048219
-0.001831 -0.034486
-0.005188 -0.016175
-0.005799 -0.000916
-0.007324 0.015259
-0.008545 0.030824
-0.004883 0.052492
-0.011292 0.062258
-0.010376 0.081484
-0.011292 0.098270
-0.015564 0.110477
-0.015564 0.130619
-0.015259 0.146184
-0.014649 0.166936
-0.018006 0.177313
-0.018921 0.195929
-0.021973 0.209052
-0.021973 0.224921
-0.022279 0.241707
-0.027772 0.255745
-0.027161 0.273141
-0.030824 0.283822
-0.028077 0.303354
-0.028993 0.318613
-0.029603 0.334178
-0.033265 0.348827
-0.035707 0.363475
-0.032960 0.381176
-0.036317 0.393384
-0.036927 0.407422
-0.039369 0.422071
-0.035707 0.439772
-0.040895 0.448927
-0.041505 0.462050
-0.039979 0.477920
-0.042421 0.494400
-0.044557 0.505081
-0.045473 0.519730
-0.045473 0.531938
-0.048830 0.543840
-0.050661 0.556352
-0.051271 0.569170
-0.050661 0.582598
-0.051271 0.594195
-0.056764 0.600909
-0.053713 0.614643
-0.051271 0.627461
-0.053102 0.639668
-0.055239 0.651875
-0.056459 0.661336
-0.057985 0.669271
-0.059206 0.682089
-0.058901 0.689718
-0.059816 0.700400
-0.059206 0.711386
-0.061953 0.718711
-0.060121 0.731223
-0.061953 0.737327
-0.063478 0.745262
-0.062868 0.756249
-0.064699 0.761437
-0.065004 0.769066
-0.065615 0.776391
-0.063478 0.785852
-0.065310 0.791650
-0.065920 0.799585
-0.067141 0.805078
-0.066530 0.811487
-0.066836 0.817286
-0.071108 0.820948
-0.067751 0.827357
-0.068361 0.831019
-0.068056 0.836207
-0.069582 0.840175
-0.067446 0.844752
-0.068972 0.847804
-0.069887 0.852687
-0.067751 0.853908
-0.067141 0.857875
-0.071108 0.859401
-0.070193 0.861538
-0.068056 0.862453
-0.069277 0.863979
-0.071108 0.866726
-0.071413 0.868557
-0.071413 0.865200
-0.069277 0.869472
-0.068972 0.869778
-0.068972 0.869778
-0.068361 0.867031
-0.069277 0.866115
-0.065920 0.868557
-0.068361 0.864895
-0.068056 0.861843
-0.071108 0.857265
-0.062258 0.862758
-0.067751 0.852687
-0.069277 0.848109
-0.069582 0.844142
-0.069582 0.839869
-0.065310 0.842311
-0.065310 0.834376
-0.060121 0.833766
-0.061342 0.825526
-0.063173 0.822169
-0.060732 0.817591
-0.061342 0.810877
-0.061037 0.805689
-0.061953 0.794702
-0.052797 0.798975
-0.065004 0.779748
-0.063173 0.772729
-0.059816 0.767235
-0.058596 0.759606
-0.057375 0.755943
-0.055544 0.743736
-0.048830 0.742515
-0.054323 0.727561
-0.054628 0.719626
-0.055239 0.709250
-0.049440 0.701926
-0.050966 0.690329
-0.052797 0.676901
-0.048524 0.672323
-0.052797 0.653401
-0.044862 0.650349
-0.044862 0.638752
-0.038759 0.630512
-0.043641 0.617084
-0.042116 0.603656
-0.037233 0.599078
-0.042116 0.580462
-0.040895 0.566729
-0.043031 0.548112
-0.030519 0.550249
-0.040284 0.526139
-0.033265 0.514237
-0.038148 0.501419
-0.032960 0.489517
-0.031739 0.477920
-0.031434 0.461135
-0.024415 0.452895
-0.028077 0.433973
-0.025941 0.420545
-0.025941 0.405591
-0.023194 0.392468
-0.023194 0.375683
-0.025025 0.358287
-0.015870 0.351878
-0.021668 0.329295
-0.014649 0.319529
-0.017396 0.302438
-0.012818 0.287484
-0.013123 0.272530
-0.012207 0.254524
-0.008545 0.242927
-0.010681 0.221259
-0.007324 0.207221
-0.007630 0.188604
-0.002747 0.180670
-0.005799 0.157170
-0.005188 0.139775
-0.003662 0.126041
-0.003967 0.107120
0.001221 0.094607
0.000610 0.075991
0.007935 0.064699
0.007324 0.047914
0.008240 0.030519
0.008545 0.014344
0.010987 -0.001831
0.012207 -0.019532
0.008240 -0.039674
0.021058 -0.043336
0.012818 -0.072024
0.017090 -0.083316
0.014954 -0.104678
0.020753 -0.120243
0.026856 -0.126347
0.019227 -0.150456
0.027467 -0.162053
0.024110 -0.183111
0.026856 -0.196844
0.024720 -0.216376
0.029908 -0.230110
0.027772 -0.245979
0.026551 -0.267647
0.035401 -0.272225
0.032044 -0.296030
0.036012 -0.307321
0.041810 -0.317698
0.039064 -0.338145
0.038453 -0.351878
0.038453 -0.370190
0.041810 -0.381787
0.040590 -0.395215
0.043641 -0.410169
0.041505 -0.428785
0.047304 -0.438856
0.044862 -0.454726
0.046693 -0.469069
0.046693 -0.481582
0.049135 -0.494095
0.048830 -0.509049
0.051576 -0.521867
0.050356 -0.533769
0.055239 -0.547197
0.053713 -0.558489
0.058901 -0.567339
0.056154 -0.583819
0.057070 -0.596332
0.056459 -0.609149
0.059816 -0.620441
0.059816 -0.630207
0.061953 -0.642415
0.062258 -0.652791
0.064089 -0.663472
0.062868 -0.673849
0.062258 -0.683309
0.070803 -0.686972
0.065004 -0.704672
0.066836 -0.711692
0.066530 -0.722373
0.067446 -0.729698
0.069582 -0.739158
0.068056 -0.747093
0.068667 -0.753502
0.068972 -0.762963
0.070803 -0.771203
0.071108 -0.779138
0.071718 -0.784936
0.072024 -0.790735
0.069887 -0.797754
0.071413 -0.805383
0.072634 -0.811182
0.071718 -0.815455
0.073550 -0.822474
0.072329 -0.827357
0.073550 -0.834681
0.074160 -0.837733
0.073550 -0.840480
0.073244 -0.843837
0.075991 -0.847804
0.075991 -0.851772
0.074160 -0.854213
0.072634 -0.858486
0.075991 -0.858791
0.075381 -0.861232
0.075686 -0.863063
0.073550 -0.865505
0.074465 -0.865505
0.072329 -0.867946
0.074160 -0.865200
0.074770 -0.867641
0.075991 -0.865810
0.074465 -0.866421
0.073550 -0.863979
0.071718 -0.866421
0.072329 -0.864895
0.073244 -0.862148
0.071413 -0.858791
0.072329 -0.858486
0.071108 -0.855739
0.071718 -0.852382
0.073244 -0.849330
0.072329 -0.844752
0.071413 -0.841090
0.069582 -0.836818
0.068056 -0.834071
0.070193 -0.826746
0.067446 -0.822474
0.068972 -0.816370
0.066225 -0.810572
0.065615 -0.805994
0.066225 -0.800195
0.066530 -0.794702
0.064699 -0.786157
0.065310 -0.777612
0.063173 -0.771508
0.062258 -0.764794
0.062258 -0.755638
0.058901 -0.749535
0.058596 -0.739769
0.060427 -0.730918
0.060121 -0.723899
0.057070 -0.712302
0.056154 -0.705588
0.056459 -0.692465
0.055544 -0.684530
0.053407 -0.674154
0.053102 -0.664388
0.051881 -0.653401
0.050966 -0.643635
0.050661 -0.631733
0.048524 -0.620441
0.048830 -0.609149
0.045167 -0.598163
0.043336 -0.587176
0.044862 -0.571917
0.042726 -0.563066
0.042726 -0.549028
0.041810 -0.534379
0.039064 -0.524308
0.036927 -0.511185
0.037233 -0.497452
0.037538 -0.484024
0.033876 -0.471206
0.034486 -0.455336
0.037843 -0.437635
0.033265 -0.426954
0.030824 -0.412915
0.028687 -0.399792
0.022279 -0.387585
0.025941 -0.369274
0.023499 -0.357067
0.024110 -0.338450
0.023499 -0.324717
0.021363 -0.308847
0.019837 -0.295419
0.018311 -0.278024
0.014039 -0.263070
0.016175 -0.246590
0.015259 -0.230110
0.013123 -0.215461
0.011902 -0.198981
0.010681 -0.182806
0.010987 -0.166021
0.007324 -0.152898
0.008240 -0.132756
0.005188 -0.119327
0.004578 -0.103458
0.001831 -0.088198
0.000916 -0.069582
0.000305 -0.054933
0.000610 -0.037233
-0.001526 -0.021363
-0.005188 -0.003052
-0.005799 0.012207
-0.006104 0.027161
-0.009766 0.043336
-0.010376 0.061647
-0.010071 0.076601
-0.010987 0.092166
-0.014344 0.108646
-0.015564 0.124516
-0.017090 0.144047
-0.016480 0.158696
-0.019532 0.173345
-0.020447 0.190130
-0.021058 0.207526
-0.021973 0.222175
-0.024415 0.235603
-0.026551 0.252083
-0.028077 0.269784
-0.028382 0.281991
-0.028077 0.301523
-0.029298 0.313730
-0.031739 0.329295
-0.031129 0.347301
-0.033570 0.359813
-0.035096 0.372631
-0.038453 0.388195
-0.037233 0.403455
-0.037538 0.418714
-0.038759 0.433058
-0.041505 0.447401
-0.042116 0.460524
-0.042421 0.473647
-0.042726 0.490127
-0.043947 0.501114
-0.046693 0.514847
-0.047304 0.528886
-0.046999 0.539262
-0.048524 0.552995
-0.050966 0.566118
-0.054018 0.574358
-0.052797 0.589923
-0.053102 0.600909
-0.053102 0.614338
-0.049440 0.629292
-0.056154 0.636006
-0.056154 0.646687
-0.057375 0.658895
-0.058901 0.670492
-0.058290 0.679037
-0.058901 0.688192
-0.057375 0.701621
-0.058901 0.709555
-0.061342 0.718101
-0.061037 0.727866
-0.063173 0.736106
-0.063478 0.743431
-0.064699 0.751671
-0.063784 0.761742
-0.064699 0.766625
-0.065615 0.775475
-0.064699 0.784020
-0.072024 0.785852
-0.066836 0.796838
-0.067141 0.802637
-0.068361 0.809046
-0.067751 0.814844
-0.067446 0.820948
-0.067751 0.825221
-0.068972 0.831629
-0.068056 0.834071
-0.069277 0.841395
-0.068361 0.842921
-0.069582 0.847194
-0.070193 0.849330
-0.068972 0.856960
-0.070498 0.857265
-0.071413 0.859096
-0.070498 0.861538
-0.069887 0.863979
-0.069582 0.865810
-0.070498 0.863674
-0.068056 0.869472
-0.069887 0.867641
-0.069887 0.870388
-0.068056 0.868252
-0.071413 0.870083
-0.068361 0.868252
-0.067141 0.868252
-0.067751 0.867336
-0.067446 0.864895
-0.068361 0.864589
-0.069582 0.861538
-0.067446 0.856655
-0.065920 0.855739
-0.068361 0.851772
-0.063173 0.852077
-0.066836 0.843532
-0.064699 0.843226
-0.065004 0.836512
-0.064394 0.831324
-0.063784 0.828883
-0.062258 0.823389
-0.063784 0.818812
-0.064394 0.811487
-0.061953 0.805078
-0.061342 0.800501
-0.060732 0.792261
-0.060732 0.785546
-0.060427 0.778527
-0.058596 0.770592
-0.054628 0.765709
-0.057375 0.755028
-0.055239 0.748314
-0.055849 0.740684
-0.054018 0.731834
-0.054323 0.722373
-0.055239 0.711997
-0.055239 0.701926
-0.048524 0.694906
-0.050050 0.682699
-0.047304 0.673544
-0.049440 0.661336
-0.046693 0.651875
-0.045473 0.641499
-0.044862 0.629902
-0.043031 0.618915
-0.042421 0.605792
-0.042116 0.597858
-0.041505 0.583209
-0.038453 0.568865
-0.038453 0.558489
-0.039369 0.545976
-0.041505 0.529801
-0.036317 0.518815
-0.033876 0.508133
-0.033265 0.494705
-0.030824 0.482192
-0.029603 0.467849
-0.028993 0.453505
-0.028382 0.437330
-0.028687 0.424818
-0.026246 0.409864
-0.024415 0.395215
-0.022279 0.380871
-0.021973 0.365001
-0.021668 0.350047
-0.017396 0.334483
-0.017701 0.319529
-0.016480 0.306711
-0.015259 0.291147
-0.014649 0.273141
-0.014344 0.260323
-0.010987 0.242927
-0.009461 0.227363
-0.007935 0.211188
-0.007935 0.194708
-0.005493 0.180670
-0.004273 0.163884
-0.003662 0.148015
-0.001221 0.131535
0.000916 0.115970
0.000610 0.100101
0.003357 0.085147
0.003967 0.067141
0.005188 0.051271
0.008240 0.033570
0.008545 0.020447
0.009766 0.003357
0.009766 -0.016480
0.012818 -0.030213
0.013733 -0.048219
0.012513 -0.063784
0.011902 -0.085147
0.016785 -0.096744
0.019227 -0.112613
0.019227 -0.130314
0.020753 -0.144353
0.021973 -0.161138
0.024415 -0.177923
0.025941 -0.194403
0.027467 -0.210883
0.028382 -0.225837
0.030519 -0.240791
0.030824 -0.256966
0.026551 -0.274361
0.031434 -0.288095
0.034486 -0.303049
0.034791 -0.320444
0.036622 -0.333872
0.036622 -0.347911
0.036927 -0.365001
0.041505 -0.378735
0.041200 -0.393689
0.043336 -0.408032
0.043641 -0.421766
0.043641 -0.436415
0.044862 -0.448927
0.044252 -0.466018
0.047304 -0.477309
0.047914 -0.493789
0.048830 -0.502945
0.051576 -0.518204
0.051576 -0.530106
0.054323 -0.542314
0.054018 -0.555132
0.055849 -0.568865
0.056154 -0.580767
0.058290 -0.592364
0.057985 -0.604877
0.057375 -0.617084
0.062868 -0.626240
0.059816 -0.638752
0.061647 -0.649129
0.061647 -0.659200
0.061953 -0.671407
0.064394 -0.680868
0.063478 -0.691855
0.065310 -0.700400
0.065310 -0.709555
0.065615 -0.718711
0.065615 -0.729392
0.068972 -0.735801
0.067446 -0.745872
0.069277 -0.754723
0.068972 -0.763573
0.069887 -0.768456
0.069582 -0.777612
0.072024 -0.783410
0.071718 -0.791040
0.069277 -0.795618
0.072024 -0.805078
0.071413 -0.809351
0.071718 -0.815455
0.071718 -0.820643
0.072634 -0.827662
0.072634 -0.830103
0.074465 -0.836512
0.072634 -0.840175
0.073855 -0.843532
0.073550 -0.846278
0.074160 -0.849940
0.074160 -0.854213
0.074465 -0.857570
0.074465 -0.860622
0.074465 -0.862148
0.075991 -0.863063
0.074160 -0.864284
0.074465 -0.866421
0.073244 -0.867336
0.072024 -0.865810
0.073244 -0.867031
0.076907 -0.863369
0.074465 -0.866421
0.073244 -0.866115
0.073550 -0.864895
0.072329 -0.863979
0.074160 -0.861538
0.072329 -0.858791
0.070193 -0.859706
0.072634 -0.855739
0.071108 -0.852382
0.070193 -0.850246
0.070803 -0.847194
0.069277 -0.842921
0.071718 -0.837733
0.068056 -0.834376
0.071108 -0.829188
0.067751 -0.825221
0.068972 -0.818506
0.068056 -0.815149
0.066836 -0.807215
0.066836 -0.802637
0.068972 -0.792566
0.064394 -0.789209
0.064394 -0.779443
0.064089 -0.776696
0.062563 -0.768456
0.059816 -0.761132
0.061037 -0.751976
0.060732 -0.743431
0.060121 -0.734886
0.060732 -0.723289
0.057680 -0.717795
0.061037 -0.704672
0.057985 -0.697653
0.056154 -0.687582
0.054323 -0.678121
0.049440 -0.671407
0.055849 -0.653096
0.050661 -0.650960
0.052492 -0.637226
0.050356 -0.625629
0.050966 -0.612201
0.048524 -0.600604
0.046083 -0.589312
0.050356 -0.574664
0.046388 -0.564898
0.043947 -0.552690
0.039369 -0.540788
0.045167 -0.523087
0.039369 -0.515152
0.036012 -0.502029
0.036012 -0.487381
0.036012 -0.476394
0.035096 -0.460219
0.036927 -0.444349
0.032960 -0.428785
0.030824 -0.417188
0.028687 -0.402539
0.028687 -0.387890
0.030213 -0.372631
0.025941 -0.359508
0.023499 -0.347606
0.028077 -0.322581
0.018311 -0.317392
0.020753 -0.298166
0.019227 -0.281686
0.016480 -0.268258
0.014954 -0.254219
0.015259 -0.235908
0.016785 -0.216987
0.011902 -0.205084
0.012818 -0.189520
0.008545 -0.173345
0.009766 -0.155034
0.005188 -0.140996
0.003662 -0.126347
0.004883 -0.106815
-0.000610 -0.094913
0.001831 -0.076296
0.001221 -0.060121
-0.000610 -0.042421
-0.002747 -0.025941
-0.003662 -0.010376
-0.001831 0.007630
-0.004273 0.021363
-0.007324 0.039369
-0.010071 0.053407
-0.005799 0.077517
-0.014039 0.086978
-0.014039 0.102542
-0.016480 0.120548
-0.015564 0.134892
-0.017090 0.151982
-0.018616 0.167852
-0.018921 0.185247
-0.018921 0.199286
-0.021668 0.216071
-0.020447 0.234993
-0.025636 0.247200
-0.026551 0.264290
-0.029603 0.276803
-0.023194 0.299387
-0.031739 0.306406
-0.028993 0.324717
-0.030824 0.340892
-0.034181 0.354625
-0.035096 0.370495
-0.036927 0.383923
-0.032960 0.401929
-0.038148 0.414747
-0.037538 0.426344
-0.039674 0.442213
-0.040284 0.456252
-0.041810 0.469069
-0.044862 0.479141
-0.044252 0.498978
-0.048524 0.506912
-0.045473 0.523392
-0.048219 0.535295
-0.047304 0.548723
-0.049135 0.564287
-0.048524 0.577715
-0.049440 0.589007
-0.052797 0.596637
-0.053713 0.608844
-0.055849 0.619526
-0.049135 0.639363
-0.057375 0.643330
-0.057680 0.650960
-0.057985 0.663778
-0.060427 0.675680
-0.060121 0.685141
-0.065310 0.691855
-0.057985 0.706809
-0.061342 0.714743
-0.060732 0.722678
-0.060732 0.735496
-0.063173 0.742515
-0.062563 0.751671
-0.065004 0.754723
-0.060121 0.771203
-0.067141 0.770287
-0.064394 0.781884
-0.064699 0.787988
-0.065310 0.794397
-0.065310 0.801111
-0.069582 0.805689
-0.063784 0.816370
-0.066836 0.822169
-0.069887 0.823389
-0.068972 0.828272
-0.066836 0.835902
-0.069277 0.839564
-0.071108 0.838954
-0.068361 0.847194
-0.069887 0.848720
-0.071108 0.852687
-0.069277 0.856655
-0.068361 0.861232
-0.069582 0.862453
-0.069887 0.861538
-0.066530 0.868252
-0.069582 0.865810
-0.068361 0.867336
-0.071413 0.866726
-0.065004 0.874050
-0.071413 0.868252
-0.071108 0.869167
-0.070193 0.867031
-0.069887 0.867336
-0.067141 0.869167
-0.068972 0.864895
-0.065615 0.865200
-0.068361 0.862453
-0.068056 0.858791
-0.067141 0.860012
-0.068056 0.855739
-0.067141 0.850551
-0.067751 0.844142
-0.062868 0.847499
-0.068361 0.838038
-0.065310 0.835597
-0.062868 0.831935
-0.062868 0.824610
-0.062258 0.818812
-0.062868 0.814844
-0.059206 0.811182
-0.062868 0.803552
-0.060121 0.795618
-0.059816 0.788903
-0.057680 0.784326
-0.057985 0.775170
-0.057985 0.768456
-0.056764 0.758385
-0.055849 0.751671
-0.056154 0.744041
-0.055544 0.733970
-0.055239 0.726035
-0.051881 0.716880
-0.052187 0.706504
-0.049440 0.699484
-0.049135 0.688192
-0.048524 0.677511
-0.052187 0.663778
-0.039674 0.663472
-0.049745 0.641499
-0.043947 0.636616
-0.044252 0.623188
-0.043947 0.609455
-0.041810 0.600909
-0.039674 0.588702
-0.034181 0.580462
-0.037843 0.563982
-0.037538 0.550859
-0.038453 0.538041
-0.036012 0.528275
-0.033876 0.510575
-0.035707 0.495010
-0.032655 0.487381
-0.034791 0.469375
-0.029298 0.458388
-0.025636 0.442518
-0.025025 0.431532
-0.024720 0.415967
-0.023194 0.401624
-0.019837 0.388806
-0.021363 0.370800
-0.019837 0.358592
-0.019227 0.342112
-0.012818 0.331431
-0.018006 0.310984
-0.015259 0.295724
-0.010681 0.284127
-0.010376 0.263985
-0.009461 0.249336
-0.010071 0.231941
-0.007324 0.218818
-0.006104 0.202948
-0.004883 0.186468
-0.003357 0.172735
-0.001221 0.154424
0.000305 0.139470
-0.001221 0.119022
0.003357 0.107730
0.000305 0.087588
0.004578 0.074770
0.004578 0.057070
0.007019 0.041810
0.009156 0.025330
0.008240 0.009461
0.012513 -0.005799
0.012513 -0.024415
0.015259 -0.039674
0.014039 -0.059511
0.021668 -0.068361
0.016175 -0.092166
0.019227 -0.108341
0.019532 -0.122684
0.018311 -0.140690
0.015564 -0.161443
0.023804 -0.171209
0.025636 -0.186468
0.026246 -0.201727
0.028077 -0.218207
0.030213 -0.233772
0.030519 -0.250252
0.032960 -0.267953
0.030824 -0.284433
0.035096 -0.295724
0.030519 -0.315867
0.038148 -0.327158
0.037538 -0.341502
0.041200 -0.358287
0.039979 -0.370800
0.042116 -0.388501
0.044862 -0.399182
0.044252 -0.415967
0.044862 -0.430311
0.046083 -0.447096
0.049440 -0.458083
0.047304 -0.472121
0.045778 -0.488296
0.050661 -0.498672
0.050661 -0.515458
0.051576 -0.524003
0.052492 -0.537126
0.055849 -0.550249
0.054933 -0.563066
0.055544 -0.577715
0.057375 -0.586566
0.056459 -0.600604
0.058596 -0.610370
0.058901 -0.622272
0.064394 -0.628681
0.059511 -0.646687
0.061647 -0.654622
0.062868 -0.665304
0.064394 -0.674764
0.062563 -0.687277
0.065310 -0.696738
0.066225 -0.704367
0.069277 -0.713218
0.065615 -0.724815
0.067751 -0.733970
0.068056 -0.739769
0.068056 -0.751061
0.066225 -0.759606
0.071413 -0.765404
0.069582 -0.775780
0.072024 -0.779138
0.075991 -0.786157
0.074465 -0.791650
0.072329 -0.799890
0.070193 -0.808435
0.075381 -0.809046
0.074465 -0.817591
0.072634 -0.822169
0.072024 -0.829798
0.074465 -0.830103
0.073244 -0.837733
0.073244 -0.845363
0.078127 -0.844447
0.073855 -0.850551
0.074770 -0.854518
0.076601 -0.855129
0.078127 -0.854823
0.075991 -0.857265
0.075686 -0.860622
0.075991 -0.861843
0.072634 -0.863369
0.076296 -0.863979
0.073244 -0.866421
0.078433 -0.861538
0.073550 -0.867336
0.076907 -0.863674
0.073550 -0.864895
0.074465 -0.863674
0.075686 -0.863979
0.071718 -0.863674
0.075381 -0.859706
0.073550 -0.857265
0.072329 -0.856655
0.071718 -0.852992
0.075381 -0.850551
0.072329 -0.847194
0.071718 -0.844752
0.071413 -0.836207
0.069277 -0.836207
0.067446 -0.834376
0.068972 -0.825221
0.067446 -0.820032
0.069277 -0.815760
0.069277 -0.809961
0.068972 -0.804468
0.067141 -0.796533
0.067141 -0.790429
0.064394 -0.784020
0.066225 -0.774865
0.062563 -0.768761
0.064089 -0.760826
0.062868 -0.754112
0.061037 -0.748009
0.060427 -0.738548
0.059816 -0.727561
0.060121 -0.718711
0.057680 -0.708945
0.057680 -0.699789
0.057680 -0.689413
0.057070 -0.680563
0.054933 -0.670492
0.054933 -0.660726
0.054018 -0.646077
0.048830 -0.642415
0.052492 -0.628376
0.050356 -0.614948
0.048830 -0.604572
0.047304 -0.594806
0.046999 -0.581072
0.046388 -0.564592
0.042116 -0.556047
0.043947 -0.541704
0.041200 -0.531022
0.042726 -0.514847
0.039369 -0.505692
0.036012 -0.492264
0.036927 -0.477004
0.035401 -0.467238
0.033265 -0.452284
0.033570 -0.433668
0.032960 -0.421461
0.032044 -0.406812
0.029908 -0.394299
0.028687 -0.377819
0.025941 -0.363475
0.025636 -0.348216
0.023194 -0.334178
0.027467 -0.314341
0.021668 -0.304880
0.021058 -0.286264
0.018311 -0.272225
0.019227 -0.254524
0.016175 -0.240181
0.016175 -0.224616
0.011902 -0.208747
0.011902 -0.193487
0.010376 -0.176397
0.010071 -0.159612
0.010681 -0.143132
0.007630 -0.128788
0.003967 -0.114139
0.004883 -0.093387
0.003357 -0.080874
0.000000 -0.064089
0.001221 -0.046693
-0.001831 -0.032044
-0.001831 -0.014649
-0.003967 0.001526
-0.003357 0.019532
-0.006714 0.034791
-0.005493 0.051271
-0.009461 0.065310
-0.012818 0.080264
-0.012513 0.098575
-0.014649 0.114139
-0.015564 0.132145
-0.014649 0.148930
-0.017701 0.163274
-0.017396 0.180364
-0.018921 0.195013
-0.021058 0.212409
-0.022584 0.227973
-0.020447 0.245064
-0.029603 0.254830
-0.027772 0.272225
-0.031434 0.287484
-0.027772 0.310068
-0.032350 0.320444
-0.032655 0.336009
-0.033570 0.349742
-0.033265 0.365307
-0.034791 0.380871
-0.036317 0.395215
-0.034181 0.408948
-0.038148 0.423292
-0.039674 0.437941
-0.040284 0.451674
-0.041505 0.466933
-0.046999 0.476089
-0.042421 0.495621
-0.042421 0.507828
-0.046999 0.516984
-0.046388 0.534684
-0.049135 0.545061
-0.046388 0.558489
-0.049440 0.572832
-0.048219 0.584429
-0.050661 0.595416
-0.051576 0.607013
-0.054018 0.618915
-0.054628 0.628071
-0.051881 0.643025
-0.056459 0.652181
-0.054628 0.662557
-0.059206 0.672933
-0.057680 0.683615
-0.059206 0.693686
-0.060427 0.704062
-0.060732 0.711692
-0.060121 0.721458
-0.061037 0.730613
-0.059206 0.738243
-0.061953 0.748009
-0.063478 0.755028
-0.066530 0.760521
-0.062258 0.773339
-0.064699 0.776391
-0.065004 0.785852
-0.063784 0.791650
-0.065310 0.799890
-0.067141 0.805689
-0.066530 0.809656
-0.063173 0.820948
-0.067141 0.824000
-0.066836 0.828883
-0.067446 0.834376
-0.067141 0.837428
-0.068361 0.842006
-0.068056 0.845058
-0.069277 0.849635
-0.069582 0.852382
-0.069887 0.855739
-0.069582 0.858791
-0.069582 0.862758
-0.068972 0.862453
-0.069277 0.866726
-0.067751 0.866726
-0.069582 0.868557
-0.068056 0.868252
-0.071718 0.866115
-0.065310 0.872829
-0.069277 0.867946
-0.069582 0.865810
-0.069582 0.865810
-0.068361 0.863979
-0.066530 0.867641
-0.067141 0.863979
-0.058290 0.871914
-0.067446 0.861232
-0.064699 0.861232
-0.064699 0.855739
-0.061953 0.854518
-0.064394 0.849025
-0.070498 0.838649
-0.058901 0.846889
-0.066530 0.833155
-0.062563 0.834376
-0.063478 0.827052
-0.062258 0.822169
-0.061037 0.819727
-0.062868 0.809656
-0.055544 0.809351
-0.066530 0.791040
-0.058290 0.792261
-0.060121 0.783105
-0.056459 0.778832
-0.056154 0.770898
-0.059816 0.758690
-0.053713 0.756554
-0.058596 0.743126
-0.050966 0.740684
-0.053407 0.726951
-0.048830 0.721152
-0.050050 0.711386
-0.050661 0.699789
-0.047609 0.693686
-0.047609 0.679647
-0.046999 0.669271
-0.049745 0.655232
-0.037233 0.655843
-0.047609 0.634785
-0.044252 0.627155
-0.047304 0.611286
-0.043641 0.600909
-0.039674 0.592059
-0.042421 0.580462
-0.032960 0.572222
-0.038148 0.556047
-0.033876 0.543535
-0.035096 0.529191
-0.032960 0.516373
-0.032350 0.505081
-0.035096 0.485244
-0.025636 0.482498
-0.031434 0.457167
-0.025941 0.451369
-0.025941 0.434584
-0.024415 0.420240
-0.023499 0.406507
-0.023194 0.390332
-0.016785 0.380566
-0.020447 0.359203
-0.018006 0.348827
-0.017396 0.328990
-0.013123 0.319224
-0.015564 0.301218
-0.017090 0.280160
-0.014344 0.268258
-0.015564 0.248115
-0.009461 0.238960
-0.008850 0.222785
-0.003357 0.210883
-0.003967 0.192877
-0.003052 0.177007
0.000000 0.160222
-0.002747 0.141301
0.000610 0.127567
-0.001221 0.108951
0.009156 0.101016
-0.003052 0.073550
0.005493 0.063478
0.004578 0.045473
0.011597 0.032350
0.009461 0.013123
0.010681 -0.004883
0.017090 -0.014954
0.015564 -0.035401
0.016175 -0.054628
0.015564 -0.070498
0.018921 -0.085147
0.020142 -0.101321
0.016480 -0.123905
0.022889 -0.131840
0.021973 -0.152898
0.027467 -0.163274
0.028077 -0.182195
0.028687 -0.196234
0.029908 -0.212409
0.028687 -0.233467
0.033876 -0.243538
0.031434 -0.262154
0.032655 -0.277413
0.032655 -0.292978
0.038148 -0.306406
0.035096 -0.325632
0.039064 -0.337535
0.039369 -0.354930
0.040590 -0.368664
0.041505 -0.383618
0.043947 -0.397961
0.042421 -0.413221
0.047304 -0.426038
0.046388 -0.439467
0.046693 -0.454115
0.047914 -0.470595
0.048830 -0.481887
0.050356 -0.495926
0.052797 -0.505997
0.054323 -0.522477
0.055544 -0.533464
0.053407 -0.548418
0.055544 -0.560625
0.055544 -0.574358
0.058901 -0.584735
0.058290 -0.596332
0.058290 -0.609455
0.061953 -0.620746
0.058290 -0.632038
0.061953 -0.641804
0.062868 -0.652791
0.064089 -0.663778
0.065615 -0.673849
0.065310 -0.684835
0.064394 -0.695822
0.067141 -0.702841
0.066225 -0.713218
0.067141 -0.722678
0.068667 -0.731834
0.069887 -0.740684
0.068056 -0.749535
0.069277 -0.755333
0.069277 -0.764489
0.069582 -0.770287
0.070803 -0.778222
0.069887 -0.786462
0.070803 -0.793481
0.072024 -0.798669
0.073550 -0.803858
0.073244 -0.812708
0.071413 -0.821863
0.073855 -0.824305
0.074160 -0.829188
0.074770 -0.831935
0.074770 -0.837123
0.076601 -0.841395
0.074465 -0.845058
0.074770 -0.849330
0.075686 -0.852382
0.075686 -0.856044
0.075686 -0.858791
0.079348 -0.859096
0.076907 -0.861538
0.077822 -0.865200
0.075381 -0.866115
0.075686 -0.867031
0.076907 -0.867946
0.076601 -0.867946
0.075381 -0.868252
0.074465 -0.867641
0.075991 -0.868557
0.074465 -0.866115
0.073550 -0.866115
0.074160 -0.863979
0.073550 -0.863979
0.074770 -0.861538
0.074770 -0.857570
0.074160 -0.856349
0.074160 -0.850246
0.072024 -0.850246
0.071718 -0.846889
0.071718 -0.842921
0.073855 -0.836818
0.066530 -0.837733
0.071718 -0.829798
0.069582 -0.822474
0.069582 -0.818201
0.068667 -0.813623
0.068667 -0.806909
0.068667 -0.800195
0.067446 -0.793481
0.066836 -0.787378
0.066225 -0.781274
0.064699 -0.772423
0.064699 -0.765709
0.063173 -0.757469
0.062258 -0.750145
0.060121 -0.743736
0.060427 -0.734275
0.061037 -0.723289
0.058290 -0.714743
0.058290 -0.704672
0.057375 -0.693075
0.056459 -0.686666
0.056154 -0.675375
0.051271 -0.666219
0.053713 -0.653706
0.052797 -0.642109
0.051271 -0.632954
0.048524 -0.621662
0.049440 -0.608539
0.048219 -0.596637
0.049745 -0.582904
0.046388 -0.574053
0.043947 -0.561541
0.043336 -0.549028
0.042421 -0.536821
0.041810 -0.520035
0.040590 -0.508438
0.039979 -0.495315
0.037233 -0.483413
0.036622 -0.469680
0.036012 -0.455947
0.030824 -0.445570
0.033876 -0.426038
0.032350 -0.413526
0.031129 -0.399182
0.028687 -0.383007
0.029298 -0.368358
0.024720 -0.354320
0.025330 -0.338145
0.025636 -0.323191
0.022889 -0.308237
0.021973 -0.293893
0.020753 -0.277413
0.018921 -0.261544
0.017090 -0.245369
0.016480 -0.230720
0.017090 -0.213630
0.009766 -0.202643
0.009461 -0.184332
0.011597 -0.167852
0.007630 -0.151372
0.008240 -0.133366
0.007019 -0.118412
0.005188 -0.101627
0.007019 -0.082095
0.003052 -0.071413
0.001526 -0.054018
0.000000 -0.037538
-0.002747 -0.021058
-0.003662 -0.004273
-0.004883 0.013733
-0.006714 0.028077
-0.006104 0.044252
-0.008850 0.059816
-0.009461 0.077822
-0.011292 0.093387
-0.011902 0.109256
-0.014344 0.126347
-0.017090 0.141301
-0.014954 0.156865
-0.018616 0.174566
-0.019227 0.190741
-0.021058 0.206305
-0.020447 0.221259
-0.022279 0.238044
-0.023804 0.253914
-0.025025 0.268563
-0.027161 0.284433
-0.026551 0.300302
-0.028382 0.314951
-0.026856 0.331736
-0.031739 0.344249
-0.031739 0.360118
-0.032655 0.373547
-0.034791 0.390637
-0.035401 0.404675
-0.037233 0.418714
-0.037538 0.433058
-0.037843 0.445265
-0.039979 0.462050
-0.041810 0.473952
-0.041810 0.489517
-0.043031 0.501114
-0.044557 0.513321
-0.047304 0.527970
-0.045473 0.540483
-0.048219 0.551775
-0.048524 0.564898
-0.048219 0.577410
-0.050050 0.589923
-0.049440 0.602435
-0.051881 0.613422
-0.053713 0.621662
-0.054323 0.636921
-0.054323 0.647603
-0.056459 0.657979
-0.055544 0.668355
-0.056154 0.679342
-0.058290 0.688803
-0.060121 0.697653
-0.059206 0.710776
-0.059206 0.716269
-0.060427 0.725730
-0.061953 0.734886
-0.062258 0.745262
-0.062258 0.753197
-0.063173 0.760826
-0.063173 0.767541
-0.062868 0.774865
-0.062563 0.782189
-0.065004 0.788598
-0.065615 0.796838
-0.065004 0.802942
-0.066836 0.808435
-0.066530 0.816370
-0.068361 0.820032
-0.067751 0.824610
-0.067141 0.831019
-0.067141 0.834376
-0.067751 0.840785
-0.068056 0.845058
-0.065004 0.849635
-0.068056 0.850246
-0.068361 0.854518
-0.069887 0.856349
-0.068972 0.858791
-0.069887 0.860622
-0.068361 0.863979
-0.068056 0.863063
-0.068972 0.867031
-0.068361 0.867641
-0.066836 0.868557
-0.062868 0.873745
-0.067751 0.870083
-0.067751 0.867946
-0.067141 0.866726
-0.065615 0.867641
-0.068361 0.867031
-0.066836 0.864589
-0.065004 0.863063
-0.067141 0.861232
-0.066530 0.860317
-0.065310 0.856349
-0.065615 0.853298
-0.065615 0.850551
-0.065920 0.846889
-0.066836 0.841090
-0.065920 0.836818
-0.065004 0.829188
-0.062563 0.828578
-0.061342 0.821863
-0.065310 0.818201
-0.059206 0.812403
-0.060732 0.807520
-0.059816 0.799585
-0.056154 0.794702
-0.062563 0.784631
-0.058901 0.780053
-0.057375 0.772118
-0.052187 0.768151
-0.056154 0.758385
-0.054323 0.750145
-0.055849 0.739464
-0.052187 0.732139
-0.053713 0.722678
-0.050966 0.714438
-0.050966 0.703452
-0.049440 0.694906
-0.049135 0.684225
-0.047609 0.673849
-0.045473 0.664083
-0.046083 0.653096
-0.046388 0.643025
-0.043947 0.631428
-0.043947 0.618305
-0.041810 0.607318
-0.040895 0.595721
-0.039979 0.585650
-0.037538 0.571307
-0.037843 0.557878
-0.035707 0.544755
-0.034181 0.534989
-0.033570 0.519425
-0.033265 0.507218
-0.030824 0.494095
-0.031434 0.481277
-0.028993 0.466323
-0.026246 0.453810
-0.026246 0.438551
-0.026856 0.424818
-0.024720 0.410474
-0.023499 0.395215
-0.022584 0.382092
-0.019837 0.367443
-0.020447 0.352184
-0.016785 0.337230
-0.015564 0.321665
-0.016480 0.308237
-0.014649 0.292367
-0.014344 0.276498
-0.010376 0.260933
-0.009766 0.244453
-0.008545 0.229194
-0.006714 0.213019
-0.006409 0.195929
-0.004273 0.180364
-0.003662 0.165716
-0.000916 0.150151
0.000000 0.133061
0.001526 0.116886
0.001526 0.100406
0.003967 0.084536
0.004578 0.067446
0.006409 0.052797
0.007019 0.034486
0.011597 0.020753
0.007935 0.001526
0.013123 -0.014649
0.012818 -0.031434
0.015259 -0.048524
0.013733 -0.064394
0.018311 -0.076296
0.019227 -0.096133
0.018921 -0.113529
0.020142 -0.127873
0.022279 -0.145268
0.023804 -0.160222
0.027467 -0.176397
0.026856 -0.192267
0.028993 -0.206915
0.029908 -0.223395
0.030213 -0.239265
0.030824 -0.259102
0.031434 -0.271920
0.035401 -0.286264
0.035707 -0.300607
0.036622 -0.317392
0.036622 -0.334483
0.038453 -0.349132
0.040284 -0.361644
0.042116 -0.378430
0.043336 -0.392468
0.043336 -0.405591
0.044252 -0.422071
0.045167 -0.436415
0.046693 -0.449538
0.049440 -0.460524
0.048524 -0.477309
0.050661 -0.490432
0.050356 -0.502945
0.051576 -0.517594
0.054018 -0.529496
0.054933 -0.543535
0.055544 -0.553606
0.057680 -0.568865
0.057070 -0.580157
0.058596 -0.590533
0.057680 -0.604877
0.060121 -0.614032
0.060121 -0.627766
0.060732 -0.638752
0.061647 -0.648518
0.064699 -0.659505
0.063173 -0.670492
0.064394 -0.679952
0.065310 -0.690023
0.066225 -0.700095
0.066836 -0.708640
0.065310 -0.720237
0.067751 -0.727256
0.068667 -0.735191
0.068972 -0.744957
0.067751 -0.753502
0.070193 -0.759301
0.070803 -0.768761
0.071108 -0.775170
0.071413 -0.782800
0.071108 -0.790735
0.072329 -0.796228
0.075686 -0.800195
0.073244 -0.807825
0.074160 -0.811792
0.073244 -0.821863
0.073550 -0.824915
0.073855 -0.831019
0.073550 -0.834376
0.072024 -0.838038
0.074770 -0.841700
0.075991 -0.846278
0.074465 -0.850551
0.073550 -0.856655
0.075991 -0.854518
0.076907 -0.857265
0.076907 -0.859401
0.077212 -0.862148
0.075991 -0.862148
0.075991 -0.864895
0.075686 -0.866115
0.075686 -0.868252
0.073550 -0.865505
0.075991 -0.866421
0.075381 -0.865200
0.075686 -0.867336
0.074160 -0.864895
0.073550 -0.862148
0.073855 -0.863063
0.072634 -0.861232
0.072634 -0.857570
0.074770 -0.854518
0.072634 -0.851466
0.073244 -0.849940
0.071413 -0.845668
0.071413 -0.842616
0.071413 -0.838343
0.072634 -0.830409
0.069582 -0.828578
0.069277 -0.824610
0.066530 -0.821253
0.068667 -0.813623
0.067446 -0.807520
0.066225 -0.802026
0.064089 -0.795007
0.064699 -0.788293
0.065004 -0.781274
0.065615 -0.774560
0.062868 -0.767541
0.061647 -0.762047
0.062258 -0.751671
0.067141 -0.738548
0.057680 -0.737327
0.059511 -0.725730
0.056154 -0.715964
0.059511 -0.705893
0.054323 -0.698569
0.053713 -0.689108
0.057680 -0.675680
0.054323 -0.668050
0.054323 -0.655843
0.051271 -0.646687
0.052492 -0.637226
0.050661 -0.624409
0.044557 -0.616474
0.049745 -0.597247
0.045167 -0.588092
0.046999 -0.576495
0.043947 -0.563982
0.043336 -0.549638
0.044252 -0.541398
0.042421 -0.525834
0.041810 -0.511185
0.038148 -0.500809
0.036927 -0.486160
0.034486 -0.474563
0.039369 -0.455641
0.034486 -0.444044
0.030824 -0.434889
0.030519 -0.418104
0.028993 -0.404370
0.028993 -0.387890
0.027467 -0.374462
0.026856 -0.355846
0.025636 -0.343944
0.025330 -0.328990
0.021363 -0.313730
0.021058 -0.296335
0.021058 -0.281686
0.016175 -0.268563
0.016785 -0.248115
0.013123 -0.238960
0.015259 -0.217902
0.016480 -0.202338
0.011597 -0.188299
0.011902 -0.171209
0.009766 -0.157476
0.009766 -0.136418
0.004883 -0.125126
0.005799 -0.107425
0.002441 -0.091556
0.007324 -0.069582
0.001221 -0.060121
-0.003662 -0.046083
-0.004883 -0.026551
-0.005188 -0.012513
-0.004273 0.006409
-0.005493 0.023499
-0.004273 0.041200
-0.008545 0.053713
-0.008850 0.071718
-0.010987 0.089419
-0.013123 0.104373
-0.013123 0.121464
-0.018006 0.134587
-0.011292 0.159917
-0.018921 0.166326
-0.021058 0.183416
-0.019532 0.200507
-0.023194 0.217902
-0.021973 0.230110
-0.026246 0.245979
-0.022584 0.267647
-0.026551 0.277718
-0.026246 0.295114
-0.030519 0.310373
-0.030213 0.324412
-0.032655 0.340587
-0.036317 0.350047
-0.032960 0.371715
-0.038148 0.382092
-0.035707 0.398877
-0.037233 0.413526
-0.036012 0.427259
-0.039674 0.444349
-0.042116 0.455336
-0.038148 0.473647
-0.043031 0.483413
-0.047609 0.495010
-0.047304 0.508438
-0.042116 0.527665
-0.045167 0.536821
-0.052797 0.545061
-0.050661 0.561541
-0.050050 0.573748
-0.050050 0.588702
-0.050966 0.597858
-0.048219 0.615558
-0.051271 0.621357
-0.051881 0.632954
-0.052797 0.646077
-0.057375 0.652791
-0.057985 0.665914
-0.058901 0.674459
-0.053713 0.692160
-0.059206 0.693991
-0.062258 0.702536
-0.061953 0.712912
-0.065310 0.720542
-0.062258 0.733665
-0.065004 0.739158
-0.060427 0.751671
-0.063478 0.757775
-0.064699 0.764489
-0.063173 0.773034
-0.063784 0.780969
-0.067751 0.786462
-0.068972 0.791345
-0.062868 0.802637
-0.070498 0.803552
-0.065920 0.813318
-0.065310 0.820643
-0.067141 0.822779
-0.067141 0.830103
-0.068972 0.833766
-0.065310 0.842311
-0.068056 0.842006
-0.068972 0.845668
-0.069277 0.850246
-0.065920 0.857265
-0.069887 0.854213
-0.072024 0.854213
-0.074465 0.858486
-0.071718 0.860622
-0.067446 0.865810
-0.068972 0.865200
-0.067141 0.870083
-0.068972 0.869167
-0.069582 0.867031
-0.065615 0.871914
-0.068972 0.867641
-0.067446 0.869472
-0.070193 0.867641
-0.061953 0.873135
-0.070193 0.862758
-0.067751 0.863063
-0.066836 0.861232
-0.067751 0.858486
-0.065920 0.857875
-0.066530 0.852382
-0.064394 0.851772
-0.065920 0.845973
-0.064394 0.843226
-0.063784 0.838649
-0.063478 0.835902
-0.063784 0.830103
-0.067141 0.822169
-0.062258 0.822169
-0.065004 0.810877
-0.061342 0.806909
-0.060427 0.801111
-0.061953 0.794702
-0.058596 0.789819
-0.058901 0.782495
-0.056154 0.775475
-0.056459 0.766015
-0.055849 0.758385
-0.056154 0.752281
-0.055239 0.744957
-0.054323 0.732749
-0.055849 0.722373
-0.051881 0.715354
-0.053713 0.704062
-0.050661 0.695517
-0.049440 0.687582
-0.044862 0.679647
-0.044862 0.668661
-0.045473 0.657063
-0.043031 0.646382
-0.044252 0.635090
-0.042726 0.622883
-0.043947 0.609455
-0.036012 0.604877
-0.041505 0.586871
-0.039979 0.575274
-0.039369 0.561235
-0.036927 0.550249
-0.036317 0.536515
-0.034791 0.523698
-0.033265 0.515458
-0.032350 0.496841
-0.031434 0.484329
-0.031739 0.472121
-0.028687 0.459914
-0.032655 0.439467
-0.030213 0.424818
-0.026551 0.416578
-0.026246 0.397351
-0.023194 0.387890
-0.020142 0.372631
-0.019227 0.359203
-0.019227 0.342112
-0.018616 0.325022
-0.017701 0.311899
-0.013428 0.296640
-0.021058 0.274056
-0.014039 0.263985
-0.006714 0.256355
-0.010987 0.231025
-0.012513 0.213935
-0.006409 0.202948
-0.007324 0.186163
-0.005188 0.168767
-0.001831 0.154118
0.000000 0.140385
0.000305 0.121464
0.000305 0.105594
0.001221 0.087588
0.004578 0.072634
0.004883 0.057070
0.000916 0.034791
0.009156 0.027161
0.007935 0.007019
0.012513 -0.006714
0.013123 -0.024720
0.014649 -0.042421
0.014954 -0.057680
0.013733 -0.075381
0.018311 -0.087893
0.019532 -0.105594
0.019532 -0.123905
0.018921 -0.141606
0.028077 -0.150456
0.022279 -0.172735
0.023804 -0.190741
0.026856 -0.204169
0.026246 -0.221564
0.027467 -0.236518
0.029298 -0.252388
0.035707 -0.265206
0.033876 -0.283517
0.033265 -0.298471
0.036927 -0.313120
0.033876 -0.330210
0.040284 -0.343028
0.036927 -0.361034
0.042421 -0.368664
0.039369 -0.390637
0.041810 -0.404370
0.044557 -0.415357
0.046083 -0.431532
0.047914 -0.446181
0.044862 -0.459914
0.050966 -0.469375
0.046693 -0.486465
0.048524 -0.500504
0.049745 -0.514237
0.055239 -0.523698
0.051881 -0.539567
0.050356 -0.555742
0.050966 -0.566118
0.051881 -0.580767
0.057070 -0.589923
0.057680 -0.599994
0.060121 -0.610370
0.059511 -0.621967
0.059816 -0.635701
0.060732 -0.643941
0.062868 -0.656148
0.062563 -0.666524
0.060121 -0.679647
0.071718 -0.683004
0.061647 -0.701010
0.065310 -0.709555
0.066225 -0.717185
0.065310 -0.725730
0.064394 -0.736412
0.065310 -0.744346
0.070193 -0.748619
0.068667 -0.759301
0.068972 -0.768761
0.068972 -0.773034
0.069582 -0.780053
0.068972 -0.791955
0.067751 -0.798059
0.073550 -0.799280
0.069887 -0.809656
0.072329 -0.813318
0.074465 -0.817896
0.074770 -0.824610
0.074770 -0.827662
0.074465 -0.832240
0.075991 -0.835597
0.073855 -0.842616
0.068972 -0.852077
0.074160 -0.850551
0.077212 -0.848415
0.075381 -0.855739
0.067751 -0.866421
0.074160 -0.861538
0.073550 -0.865200
0.075991 -0.861843
0.075381 -0.866421
0.075991 -0.865505
0.073855 -0.865200
0.074770 -0.869472
0.075381 -0.865200
0.072634 -0.867336
0.074770 -0.866115
0.074160 -0.866421
0.079348 -0.859706
0.073244 -0.864895
0.071718 -0.863674
0.071413 -0.860927
0.072634 -0.856349
0.073244 -0.853603
0.071718 -0.849635
0.073550 -0.845058
0.072024 -0.843532
0.072634 -0.840480
0.069887 -0.837733
0.069277 -0.831629
0.068056 -0.825221
0.068056 -0.823084
0.067141 -0.814234
0.066836 -0.809656
0.068056 -0.803247
0.066530 -0.797143
0.064394 -0.791650
0.062868 -0.786157
0.064394 -0.779138
0.065310 -0.769066
0.064699 -0.762352
0.063478 -0.754418
0.061647 -0.745872
0.062563 -0.735801
0.059816 -0.730308
0.055239 -0.722373
0.056154 -0.713218
0.054933 -0.702841
0.057680 -0.693075
0.053102 -0.683004
0.053713 -0.671712
0.053713 -0.662252
0.052492 -0.650044
0.051271 -0.637226
0.051271 -0.628681
0.049440 -0.616474
0.048524 -0.607013
0.050966 -0.587481
0.044252 -0.585040
0.042116 -0.571307
0.043947 -0.556352
0.041810 -0.546892
0.041505 -0.532243
0.039064 -0.519425
0.041505 -0.502029
0.038148 -0.491958
0.037538 -0.479446
0.035707 -0.464797
0.033570 -0.451369
0.031434 -0.438551
0.030824 -0.423597
0.030519 -0.406201
0.028077 -0.393078
0.022889 -0.382092
0.027772 -0.363170
0.025636 -0.347606
0.026246 -0.334178
0.021058 -0.318918
0.021363 -0.303659
0.020753 -0.288705
0.021058 -0.271920
0.016480 -0.257576
0.016175 -0.240791
0.016480 -0.226753
0.012207 -0.212714
0.010681 -0.195013
0.008240 -0.179754
0.010376 -0.159917
0.008240 -0.145268
0.006409 -0.129704
0.004578 -0.111698
0.001831 -0.097659
0.001831 -0.079958
0.000305 -0.065004
0.000000 -0.048219
0.000610 -0.032044
0.000000 -0.010681
-0.004273 -0.000610
-0.006409 0.018311
-0.005799 0.034486
-0.009766 0.049135
-0.009766 0.065920
-0.010071 0.084841
-0.012513 0.100711
-0.012818 0.116276
-0.015259 0.131535
-0.016785 0.147710
-0.018921 0.162358
-0.019227 0.178838
-0.023804 0.193793
-0.024415 0.210883
-0.025941 0.225532
-0.023194 0.242622
-0.023194 0.260323
-0.025941 0.276498
-0.028687 0.291147
-0.030519 0.304270
-0.029298 0.321665
-0.030824 0.336009
-0.033265 0.351878
-0.033570 0.365612
-0.032960 0.380566
-0.037233 0.392468
-0.040284 0.406201
-0.039979 0.423292
-0.041505 0.435804
-0.040590 0.453200
-0.042421 0.465712
-0.043947 0.480056
-0.043641 0.494095
-0.045167 0.505692
-0.048219 0.520035
-0.047304 0.531938
-0.049745 0.542619
-0.048219 0.557573
-0.048524 0.573748
-0.052797 0.580462
-0.051576 0.593890
-0.053407 0.605792
-0.053713 0.616779
-0.055239 0.625935
-0.054323 0.638447
-0.054628 0.653096
-0.056764 0.660115
-0.058290 0.672323
-0.058901 0.682699
-0.061342 0.693686
-0.058901 0.704978
-0.061342 0.709555
-0.061953 0.720237
-0.062258 0.728782
-0.060732 0.740379
-0.063784 0.747703
-0.064699 0.754112
-0.065920 0.762963
-0.065004 0.770592
-0.068056 0.777306
-0.065615 0.784326
-0.065920 0.792566
-0.067141 0.798059
-0.063784 0.807520
-0.067751 0.809656
-0.066530 0.815760
-0.069277 0.823389
-0.071108 0.825221
-0.068361 0.833155
-0.070498 0.838038
-0.068972 0.840785
-0.063478 0.850246
-0.071108 0.849025
-0.068972 0.854823
-0.071108 0.854213
-0.068361 0.858791
-0.071108 0.860927
-0.067141 0.865200
-0.072329 0.863063
-0.069582 0.865810
-0.072329 0.869167
-0.069277 0.869167
-0.070193 0.869167
-0.071413 0.867031
-0.067141 0.872524
-0.068056 0.867946
-0.069582 0.869167
-0.070193 0.865810
-0.068361 0.867336
-0.068972 0.862453
-0.070498 0.858791
-0.069277 0.861232
-0.069887 0.854213
-0.066530 0.858486
-0.067751 0.849330
-0.059206 0.853603
-0.065920 0.845973
-0.064394 0.841090
-0.064394 0.839564
-0.063173 0.832240
-0.061953 0.827052
-0.068056 0.817286
-0.056459 0.824305
-0.065920 0.807520
-0.059206 0.805689
-0.062563 0.797449
-0.060427 0.791040
-0.059816 0.784936
-0.060427 0.775170
-0.055239 0.774255
-0.057985 0.762047
-0.055239 0.755028
-0.058290 0.745872
-0.055239 0.737938
-0.054628 0.730003
-0.057680 0.716575
-0.052797 0.715354
-0.051576 0.700400
-0.047304 0.692770
-0.049135 0.682089
-0.045473 0.675680
-0.044252 0.659810
-0.045473 0.649739
-0.043947 0.642720
-0.043641 0.626850
-0.043641 0.617389
-0.046388 0.601215
-0.025941 0.612507
-0.043031 0.578326
-0.039979 0.567339
-0.043947 0.550249
-0.038759 0.542009
-0.034181 0.531938
-0.036012 0.515152
-0.029298 0.508438
-0.032655 0.489212
-0.031129 0.477004
-0.029603 0.465102
-0.028687 0.449232
-0.025941 0.439161
-0.028993 0.415662
-0.022279 0.411389
-0.027161 0.388806
-0.021668 0.378735
-0.021363 0.363475
-0.018921 0.346995
-0.018921 0.332347
-0.018616 0.316477
-0.011902 0.306101
-0.014344 0.286874
-0.015259 0.270699
-0.014649 0.252693
-0.007324 0.243538
-0.010376 0.223395
-0.012513 0.202948
-0.008545 0.190435
-0.007630 0.173345
-0.003052 0.161443
-0.002136 0.142827
0.001831 0.134587
-0.000916 0.114139
0.001526 0.097354
0.004578 0.080264
0.004578 0.064394
0.005799 0.046999
0.003357 0.027772
0.015564 0.021058
0.003967 -0.007324
0.011597 -0.015564
0.012207 -0.035401
0.015564 -0.048830
0.016175 -0.067446
0.015564 -0.087588
0.023499 -0.094302
0.019227 -0.117496
0.019837 -0.133976
0.019532 -0.150151
0.024720 -0.163274
0.023499 -0.182806
0.021973 -0.201727
0.024110 -0.212714
0.025330 -0.232856
0.030824 -0.243233
0.030213 -0.261849
0.033570 -0.276498
0.033876 -0.291147
0.035401 -0.307627
0.037233 -0.318308
0.036012 -0.337840
0.038148 -0.350658
0.037843 -0.368053
0.040590 -0.381481
0.039674 -0.397961
0.041505 -0.412610
0.042421 -0.424818
0.045778 -0.439467
0.045167 -0.452284
0.045778 -0.467849
0.048524 -0.481887
0.048219 -0.496536
0.050661 -0.507523
0.049135 -0.519730
0.050966 -0.534989
0.051881 -0.547502
0.053407 -0.558794
0.054933 -0.571001
0.054933 -0.582904
0.057375 -0.596026
0.057070 -0.607318
0.057985 -0.619221
0.057375 -0.628986
0.061037 -0.641194
0.061037 -0.652486
0.060427 -0.663778
0.062258 -0.672628
0.063478 -0.683004
0.070803 -0.687277
0.064394 -0.701010
0.065004 -0.711692
0.064699 -0.720542
0.067141 -0.729392
0.070803 -0.736717
0.067141 -0.747093
0.066530 -0.754723
0.068667 -0.761742
0.069277 -0.771203
0.068972 -0.777306
0.070193 -0.784326
0.070803 -0.793176
0.069582 -0.800501
0.070193 -0.804163
0.071413 -0.810877
0.068667 -0.819727
0.073855 -0.821253
0.072634 -0.825526
0.073244 -0.831019
0.072634 -0.834681
0.072329 -0.839869
0.078127 -0.839869
0.075686 -0.847499
0.073855 -0.850246
0.074465 -0.854518
0.074160 -0.856655
0.070193 -0.861538
0.074770 -0.860622
0.075381 -0.863063
0.074465 -0.865505
0.074465 -0.864895
0.074465 -0.866115
0.073855 -0.866115
0.074465 -0.868252
0.072634 -0.867641
0.074465 -0.864284
0.074465 -0.864284
0.073855 -0.863979
0.073244 -0.861843
0.072329 -0.860317
0.071718 -0.858486
0.075381 -0.854823
0.072024 -0.854518
0.071718 -0.852382
0.069582 -0.845973
0.071413 -0.844752
0.069277 -0.841090
0.070193 -0.835597
0.070803 -0.831324
0.068056 -0.827052
0.069277 -0.821253
0.067141 -0.817286
0.067446 -0.809046
0.064394 -0.805994
0.065004 -0.801416
0.065310 -0.791955
0.064089 -0.786767
0.061037 -0.780053
0.063478 -0.770898
0.062258 -0.762352
0.061037 -0.757164
0.061037 -0.748009
0.060427 -0.740379
0.059816 -0.730308
0.057070 -0.721458
0.057985 -0.712302
0.055849 -0.702231
0.055544 -0.694296
0.053713 -0.684225
0.055239 -0.673544
0.052797 -0.661946
0.053713 -0.653096
0.052492 -0.642415
0.048830 -0.629902
0.049440 -0.619221
0.046388 -0.608234
0.047304 -0.597247
0.045778 -0.585040
0.043641 -0.571917
0.044252 -0.558794
0.042116 -0.546587
0.040284 -0.533769
0.041810 -0.520035
0.038453 -0.508744
0.036012 -0.495010
0.035096 -0.480972
0.035707 -0.466933
0.033876 -0.454421
0.035401 -0.436415
0.031434 -0.428480
0.030213 -0.412305
0.030519 -0.397656
0.028077 -0.381176
0.026246 -0.367748
0.025330 -0.354625
0.023499 -0.338145
0.021058 -0.324412
0.023194 -0.308237
0.019532 -0.291757
0.016175 -0.278329
0.017701 -0.262154
0.016175 -0.245369
0.013733 -0.229804
0.013733 -0.214545
0.010071 -0.201727
0.009766 -0.180975
0.009461 -0.165716
0.008545 -0.149236
0.007019 -0.135197
0.003357 -0.116276
0.010681 -0.094302
0.002747 -0.085452
0.000305 -0.069887
0.000610 -0.054018
-0.003052 -0.036927
-0.003052 -0.021668
-0.005493 -0.005188
-0.005188 0.012207
-0.007935 0.028382
-0.008545 0.044862
-0.008850 0.059511
-0.012513 0.077212
-0.011902 0.094302
-0.015259 0.109561
-0.018616 0.124821
-0.017090 0.141911
-0.018616 0.158086
-0.018006 0.175787
-0.021973 0.191961
-0.022279 0.206000
-0.021973 0.222175
-0.024415 0.239875
-0.025941 0.253609
-0.027161 0.267647
-0.027161 0.287790
-0.028382 0.301523
-0.030519 0.314951
-0.033265 0.330821
-0.033265 0.345775
-0.035401 0.361339
-0.034791 0.376904
-0.037233 0.389721
-0.037233 0.405591
-0.038453 0.418104
-0.039979 0.435194
-0.043641 0.448927
-0.043641 0.460829
-0.043031 0.476394
-0.044557 0.487075
-0.045473 0.501724
-0.045473 0.515458
-0.047609 0.529191
-0.048524 0.542619
-0.049440 0.552995
-0.049440 0.566118
-0.051271 0.578326
-0.051271 0.591144
-0.053102 0.602130
-0.053407 0.614032
-0.054628 0.624104
-0.055849 0.636006
-0.056764 0.648213
-0.059816 0.658895
-0.058290 0.668966
-0.058290 0.679952
-0.059816 0.689718
-0.061037 0.698874
-0.060732 0.709250
-0.062563 0.720237
-0.062563 0.729392
-0.061342 0.737022
-0.063784 0.744652
-0.063478 0.753197
-0.062258 0.762963
-0.065310 0.768151
-0.065920 0.775170
-0.067446 0.783105
-0.065310 0.792261
-0.067751 0.799280
-0.066836 0.803858
-0.068056 0.811792
-0.067446 0.813929
-0.067446 0.821863
-0.066530 0.825221
-0.069277 0.830714
-0.068972 0.835902
-0.069582 0.840785
-0.068361 0.845668
-0.070193 0.847194
-0.070498 0.850551
-0.069887 0.853298
-0.068972 0.859096
-0.072329 0.860012
-0.071413 0.861232
-0.069582 0.865505
-0.068361 0.865810
-0.071108 0.868557
-0.069887 0.868557
-0.069582 0.867946
-0.067751 0.872524
-0.070193 0.869778
-0.071718 0.868252
-0.069887 0.868557
-0.072024 0.866115
-0.068056 0.868252
-0.068361 0.865810
-0.067141 0.863674
-0.067446 0.863674
-0.069582 0.859401
-0.066836 0.856044
-0.067141 0.853603
-0.067141 0.850246
-0.066836 0.846889
-0.065615 0.842311
-0.066530 0.839564
-0.066836 0.831935
-0.065615 0.828883
-0.064394 0.822779
-0.062868 0.818506
-0.062868 0.813929
-0.061037 0.808435
-0.061953 0.802332
-0.060427 0.792871
-0.060427 0.786157
-0.060121 0.780358
-0.059816 0.772118
-0.055239 0.770287
-0.057985 0.755943
-0.055849 0.748619
-0.056459 0.741295
-0.054018 0.733665
-0.054628 0.723289
-0.053102 0.715964
-0.052797 0.706198
-0.051271 0.695517
-0.049440 0.683920
-0.050966 0.675375
-0.048830 0.664693
-0.047609 0.653096
-0.046999 0.642720
-0.044862 0.631428
-0.043947 0.617084
-0.043947 0.608234
-0.046999 0.595416
-0.041505 0.585345
-0.039979 0.571917
-0.039369 0.560015
-0.035707 0.546281
-0.035707 0.534379
-0.035401 0.521561
-0.032960 0.508133
-0.032350 0.496231
-0.031129 0.483413
-0.031739 0.468764
-0.029603 0.453810
-0.028077 0.441908
-0.026856 0.425733
-0.026246 0.410474
-0.023194 0.395215
-0.023194 0.382092
-0.022584 0.367138
-0.020447 0.353099
-0.019227 0.338145
-0.017396 0.321665
-0.017090 0.307016
-0.012818 0.292367
-0.014649 0.275277
-0.013428 0.260933
-0.010681 0.243538
-0.010681 0.227363
-0.008240 0.213935
-0.010987 0.195929
-0.005799 0.182195
-0.003967 0.165410
-0.003662 0.148625
-0.001526 0.131840
0.000305 0.115665
0.000000 0.100711
0.000610 0.084841
0.005188 0.067141
0.006104 0.053102
0.007630 0.034486
0.009156 0.018311
0.009766 0.003052
0.010071 -0.014954
0.011597 -0.030213
0.013733 -0.049440
0.014954 -0.062563
0.017701 -0.076296
0.018616 -0.096438
0.020753 -0.110782
0.020142 -0.129398
0.021058 -0.143742
0.021668 -0.160222
0.021973 -0.177007
0.024720 -0.193793
0.026856 -0.209967
0.027772 -0.224616
0.030213 -0.241096
0.030824 -0.254219
0.034486 -0.271310
0.034486 -0.287179
0.033876 -0.303659
0.033876 -0.316172
0.033570 -0.334788
0.037843 -0.347301
0.037843 -0.362560
0.041810 -0.376293
0.041200 -0.391858
0.042116 -0.407727
0.036927 -0.426649
0.044252 -0.434278
0.046693 -0.448622
0.046693 -0.463576
0.049745 -0.476394
0.049440 -0.488296
0.051576 -0.501724
0.048830 -0.515763
0.051271 -0.531632
0.051576 -0.543535
0.054018 -0.555132
0.054933 -0.567034
0.054018 -0.580767
0.057680 -0.592059
0.057680 -0.601520
0.059511 -0.613727
0.058901 -0.627155
0.061037 -0.637837
0.060732 -0.649129
0.061647 -0.658895
0.061647 -0.668355
0.062868 -0.679952
0.062258 -0.690023
0.063173 -0.698569
0.064394 -0.710166
0.064699 -0.718406
0.067141 -0.726951
0.066836 -0.736106
0.069277 -0.745262
0.067446 -0.752892
0.069887 -0.760826
0.067751 -0.769066
0.070193 -0.776086
0.071108 -0.782495
0.072024 -0.790124
0.070803 -0.797449
0.072634 -0.802942
0.068972 -0.811487
0.071108 -0.815455
0.073550 -0.819727
0.074160 -0.824915
0.073244 -0.830409
0.073550 -0.834681
0.074160 -0.841395
0.073550 -0.843226
0.073855 -0.846889
0.075686 -0.849635
0.073550 -0.852687
0.074160 -0.855129
0.075686 -0.858486
0.075381 -0.861538
0.074160 -0.860622
0.075381 -0.863979
0.074465 -0.866115
0.072634 -0.865505
0.074770 -0.866115
0.075991 -0.865810
0.074160 -0.868557
0.074160 -0.867031
0.075381 -0.865810
0.073244 -0.865200
0.074465 -0.863674
0.073244 -0.862758
0.072024 -0.859706
0.072634 -0.857265
0.072024 -0.855129
0.073855 -0.850856
0.073244 -0.846889
0.068972 -0.847499
0.069887 -0.842311
0.070193 -0.838649
0.069582 -0.834071
0.068667 -0.829188
0.069582 -0.824610
0.068056 -0.817591
0.067446 -0.814234
0.067751 -0.807215
0.065310 -0.802637
0.064394 -0.796533
0.067446 -0.788903
0.065615 -0.780053
0.064394 -0.773034
0.060121 -0.767541
0.061037 -0.757469
0.062563 -0.750450
0.061953 -0.741905
0.057070 -0.734275
0.060427 -0.722678
0.056154 -0.715659
0.051881 -0.708945
0.054933 -0.696738
0.054323 -0.689718
0.053407 -0.676595
0.053102 -0.665914
0.052492 -0.657063
0.052492 -0.645772
0.050966 -0.634785
0.050966 -0.621357
0.049135 -0.610981
0.048219 -0.599078
0.041810 -0.589618
0.049745 -0.571001
0.041200 -0.566118
0.043947 -0.551775
0.042116 -0.537736
0.041810 -0.525834
0.039674 -0.513321
0.037538 -0.501114
0.039674 -0.483718
0.036927 -0.473342
0.034791 -0.460524
0.032655 -0.446181
0.033265 -0.430311
0.030824 -0.418104
0.028077 -0.405591
0.028687 -0.386670
0.025330 -0.376293
0.025941 -0.356761
0.025330 -0.343333
0.023194 -0.327769
0.022889 -0.312815
0.020142 -0.296945
0.019532 -0.279550
0.018311 -0.265511
0.014344 -0.252083
0.014649 -0.235298
0.019227 -0.214545
0.009156 -0.204779
0.010376 -0.188299
0.008240 -0.170904
0.007935 -0.158391
0.007630 -0.138859
0.004883 -0.122684
0.004578 -0.106204
0.004883 -0.090030
0.001526 -0.073855
0.000916 -0.057070
-0.000916 -0.041810
-0.003662 -0.026551
-0.007935 -0.012818
0.000610 0.012818
-0.009766 0.019837
-0.007324 0.040895
-0.008545 0.057070
-0.012513 0.070803
-0.010987 0.089114
-0.013428 0.105594
-0.013123 0.124516
-0.015564 0.138554
-0.014954 0.153508
-0.018921 0.168767
-0.019837 0.186773
-0.021363 0.200812
-0.024110 0.214545
-0.021363 0.231941
-0.027161 0.245369
-0.025636 0.265206
-0.026246 0.279550
-0.027161 0.296640
-0.030213 0.311594
-0.029298 0.326548
-0.027772 0.344249
-0.033265 0.354930
-0.035707 0.370190
-0.037843 0.384228
-0.032655 0.406201
-0.039369 0.412610
-0.043031 0.422681
-0.041810 0.442824
-0.040590 0.456252
-0.043031 0.471816
-0.044252 0.484634
-0.042421 0.499588
-0.045167 0.511795
-0.046693 0.525529
-0.048219 0.539567
-0.046999 0.550554
-0.049440 0.561541
-0.052187 0.575884
-0.049135 0.590228
-0.056764 0.594195
-0.051271 0.610675
-0.053713 0.621967
-0.053407 0.632954
-0.055239 0.644551
-0.057680 0.654927
-0.054323 0.668966
-0.058901 0.676901
-0.059206 0.685751
-0.059816 0.695212
-0.055849 0.710776
-0.062258 0.712912
-0.061342 0.722983
-0.064394 0.732749
-0.063478 0.740989
-0.062868 0.751976
-0.065615 0.758995
-0.063173 0.767541
-0.065310 0.775475
-0.065310 0.780969
-0.065615 0.792566
-0.065004 0.796228
-0.063173 0.806604
-0.068972 0.805994
-0.060732 0.822169
-0.071108 0.817591
-0.067751 0.825221
-0.068361 0.830714
-0.068361 0.834376
-0.067751 0.838954
-0.071108 0.842006
-0.065004 0.851466
-0.068972 0.853298
-0.069582 0.855739
-0.069582 0.857875
-0.069277 0.860622
-0.069887 0.860927
-0.074465 0.860317
-0.067751 0.869778
-0.074160 0.863674
-0.068056 0.868252
-0.068361 0.871303
-0.067141 0.871303
-0.069887 0.869778
-0.069277 0.871914
-0.067141 0.872524
-0.069582 0.868252
-0.068361 0.869167
-0.068361 0.865810
-0.063478 0.870388
-0.068361 0.861843
-0.069277 0.858180
-0.067141 0.858791
-0.067446 0.853908
-0.067446 0.851466
-0.066836 0.849025
-0.063478 0.845363
-0.064699 0.840785
-0.060121 0.836207
-0.063478 0.833155
-0.062868 0.827662
-0.061953 0.820338
-0.065004 0.812708
-0.056764 0.814844
-0.065920 0.802026
-0.058596 0.798364
-0.058901 0.788598
-0.058596 0.784936
-0.059206 0.775170
-0.060427 0.765709
-0.055544 0.761437
-0.055239 0.750755
-0.054018 0.745567
-0.054628 0.736717
-0.051271 0.728172
-0.054323 0.716269
-0.058290 0.700705
-0.049135 0.700095
-0.053407 0.686056
-0.048524 0.679342
-0.048524 0.668966
-0.044252 0.659810
-0.041810 0.649739
-0.045167 0.635090
-0.042116 0.628376
-0.041505 0.615864
-0.042116 0.602435
-0.039369 0.590228
-0.035096 0.581683
-0.040895 0.560625
-0.035096 0.553911
-0.037843 0.539262
-0.035401 0.525834
-0.033265 0.514542
-0.031434 0.499588
-0.028687 0.487686
-0.028993 0.473647
-0.028993 0.458083
-0.027772 0.444349
-0.027772 0.431837
-0.024415 0.418104
-0.025025 0.400708
-0.020447 0.392163
-0.024110 0.370800
-0.019837 0.356456
-0.017701 0.345164
-0.015870 0.327769
-0.016785 0.312510
-0.017396 0.297250
-0.011902 0.283822
-0.012207 0.269784
-0.011292 0.250557
-0.010376 0.234077
-0.004883 0.221259
-0.007935 0.202033
-0.005799 0.186773
-0.005493 0.169988
-0.002136 0.154424
-0.001831 0.137638
0.001221 0.123600
0.000610 0.105899
0.001221 0.089724
0.002441 0.073855
0.008545 0.058290
0.005799 0.039674
0.009461 0.027467
0.007630 0.007630
0.015259 -0.003967
0.009766 -0.027772
0.014954 -0.038453
0.014039 -0.057985
0.016175 -0.071413
0.015259 -0.090945
0.017396 -0.107120
0.021363 -0.120548
0.021363 -0.135197
0.021668 -0.153813
0.023804 -0.171209
0.026551 -0.186468
0.028077 -0.202033
0.023804 -0.222175
0.032960 -0.230415
0.030824 -0.249947
0.032960 -0.265511
0.034486 -0.281075
0.035401 -0.296030
0.035096 -0.312204
0.039979 -0.323496
0.039369 -0.339366
0.038453 -0.355846
0.040284 -0.372936
0.041810 -0.388501
0.046388 -0.398267
0.042421 -0.416272
0.047914 -0.429395
0.045778 -0.444044
0.046999 -0.459914
0.047304 -0.471206
0.048830 -0.486160
0.050356 -0.497757
0.052797 -0.509659
0.051576 -0.526139
0.054933 -0.535905
0.054933 -0.550554
0.054323 -0.563372
0.054933 -0.576800
0.061647 -0.580462
0.054323 -0.601215
0.060732 -0.607929
0.058596 -0.621967
0.061953 -0.632649
0.060121 -0.644246
0.060732 -0.655538
0.062868 -0.663472
0.061953 -0.679342
0.065310 -0.686056
0.065310 -0.694601
0.067751 -0.703452
0.067446 -0.713523
0.064394 -0.727561
0.070193 -0.730003
0.065310 -0.743126
0.070193 -0.748924
0.070193 -0.757164
0.070803 -0.764183
0.071413 -0.770592
0.071413 -0.780053
0.072024 -0.784326
0.071718 -0.792871
0.072024 -0.800195
0.071108 -0.806909
0.077822 -0.808435
0.072024 -0.819727
0.074770 -0.822474
0.069582 -0.828883
0.073550 -0.832240
0.073855 -0.836207
0.075381 -0.841395
0.078433 -0.839259
0.072329 -0.850246
0.074770 -0.850246
0.075686 -0.849635
0.077822 -0.855129
0.075381 -0.858791
0.072634 -0.862758
0.078738 -0.858486
0.074465 -0.863979
0.075381 -0.863979
0.073550 -0.865810
0.076601 -0.865505
0.075686 -0.865200
0.075991 -0.867031
0.075686 -0.861843
0.072634 -0.865810
0.076296 -0.860622
0.073244 -0.861843
0.074160 -0.857265
0.071108 -0.860317
0.071108 -0.858180
0.072024 -0.852382
0.071718 -0.851466
0.068972 -0.848109
0.072024 -0.842921
0.070193 -0.838343
0.070803 -0.832240
0.067141 -0.829188
0.071108 -0.824610
0.068972 -0.820643
0.069582 -0.813013
0.066225 -0.809961
0.067751 -0.800195
0.065004 -0.797449
0.066530 -0.790124
0.064699 -0.781579
0.064089 -0.776086
0.061647 -0.769982
0.064699 -0.757164
0.062868 -0.751061
0.060427 -0.744041
0.061953 -0.736717
0.060121 -0.725120
0.057985 -0.719016
0.058596 -0.710471
0.054018 -0.701926
0.056459 -0.690023
0.054323 -0.682394
0.053713 -0.671407
0.051271 -0.660726
0.051881 -0.648213
0.051881 -0.636311
0.049135 -0.625935
0.051881 -0.613727
0.047304 -0.605182
0.046693 -0.592364
0.044862 -0.580767
0.047304 -0.563372
0.042421 -0.556352
0.040590 -0.545976
0.039064 -0.530717
0.040590 -0.518204
0.037538 -0.504166
0.037233 -0.490127
0.037843 -0.476394
0.035707 -0.462355
0.034791 -0.450148
0.033876 -0.435804
0.032655 -0.419935
0.032960 -0.406812
0.026856 -0.393689
0.028382 -0.375378
0.025330 -0.364086
0.027467 -0.345470
0.024415 -0.330821
0.024720 -0.316172
0.023804 -0.303049
0.020753 -0.287790
0.021058 -0.269173
0.017090 -0.254219
0.016785 -0.238655
0.014954 -0.225227
0.013123 -0.206305
0.013733 -0.192877
0.011902 -0.175481
0.009156 -0.159612
0.007935 -0.143437
0.007935 -0.130009
0.005799 -0.112613
0.005188 -0.093387
0.003052 -0.079653
0.001221 -0.062258
0.002747 -0.046083
-0.001221 -0.033265
-0.003052 -0.014954
-0.005188 0.000916
-0.002136 0.020447
-0.010071 0.033570
-0.006104 0.050966
-0.010681 0.066225
-0.013123 0.080569
-0.012513 0.102542
-0.015259 0.116276
-0.013428 0.135197
-0.016480 0.150456
-0.018921 0.164800
-0.018006 0.181890
-0.018006 0.196539
-0.019532 0.212104
-0.025025 0.225227
-0.023194 0.245979
-0.028687 0.254219
-0.026856 0.274361
-0.027772 0.290841
-0.030213 0.304880
-0.030213 0.322275
-0.030519 0.336009
-0.032655 0.351573
-0.033265 0.367138
-0.035401 0.381787
-0.038759 0.395520
-0.032655 0.413526
-0.039979 0.422681
-0.037843 0.439772
-0.041810 0.453505
-0.040895 0.465102
-0.044557 0.481277
-0.044557 0.493789
-0.043031 0.507828
-0.046999 0.519120
-0.046693 0.534684
-0.046083 0.547807
-0.046999 0.560320
-0.046999 0.571612
-0.050050 0.582293
-0.053102 0.594806
-0.051881 0.607624
-0.053407 0.618610
-0.053407 0.629902
-0.054323 0.643025
-0.054323 0.652791
-0.055544 0.663778
-0.055849 0.674764
-0.056154 0.685751
-0.057680 0.693686
-0.061037 0.702841
-0.056764 0.715354
-0.060732 0.721458
-0.060732 0.733360
-0.062258 0.739464
-0.060732 0.748619
-0.063784 0.757775
-0.062258 0.764489
-0.064394 0.771813
-0.062258 0.780053
-0.064699 0.787072
-0.064699 0.794702
-0.066836 0.802026
-0.065004 0.807215
-0.068361 0.810572
-0.065615 0.820643
-0.068361 0.823389
-0.068361 0.828883
-0.065310 0.834071
-0.068056 0.837428
-0.067751 0.842921
-0.067751 0.845363
-0.068972 0.851161
-0.067446 0.855434
-0.069277 0.856349
-0.069887 0.857875
-0.067751 0.861843
-0.071413 0.863063
-0.068361 0.866115
-0.068056 0.867336
-0.068361 0.867946
-0.068972 0.868557
-0.069582 0.870083
-0.067751 0.870693
-0.068056 0.870083
-0.068972 0.869167
-0.067141 0.869778
-0.069277 0.867641
-0.066836 0.867641
-0.069887 0.862453
-0.060427 0.871609
-0.070193 0.858180
-0.065004 0.858486
-0.068056 0.851772
-0.064699 0.851772
-0.064394 0.851466
-0.065310 0.845058
-0.061342 0.845058
-0.064394 0.836818
-0.061342 0.836207
-0.065310 0.828883
-0.060732 0.824610
-0.059816 0.818506
-0.067141 0.806604
-0.058290 0.809656
-0.064394 0.792261
-0.058290 0.795007
-0.058290 0.783105
-0.056154 0.779443
-0.055239 0.771813
-0.057680 0.761132
-0.054018 0.758385
-0.054628 0.746178
-0.052187 0.738548
-0.056459 0.726035
-0.046388 0.724815
-0.049745 0.712302
-0.051271 0.697958
-0.051576 0.690939
-0.050661 0.677511
-0.047609 0.671407
-0.046388 0.660421
-0.040895 0.654927
-0.042421 0.639058
-0.043947 0.628681
-0.041810 0.618000
-0.044557 0.604572
-0.043641 0.587481
-0.041810 0.574969
-0.031739 0.575884
-0.038453 0.552995
-0.032960 0.545976
-0.035096 0.530106
-0.032655 0.518815
-0.032350 0.505387
-0.031739 0.491653
-0.028077 0.480056
-0.029603 0.461745
-0.027772 0.448927
-0.026856 0.433058
-0.023499 0.423292
-0.022584 0.408032
-0.026856 0.387585
-0.019532 0.379040
-0.023499 0.358592
-0.016480 0.350047
-0.016480 0.332041
-0.013428 0.319834
-0.013123 0.302744
-0.015259 0.284127
-0.010987 0.274361
-0.012818 0.253914
-0.009461 0.239265
-0.010376 0.220344
-0.000916 0.212409
-0.007630 0.190130
-0.003662 0.174871
-0.006409 0.157476
-0.001831 0.142216
0.000610 0.127873
-0.000610 0.109867
0.009156 0.102542
0.003357 0.078738
0.003052 0.059206
0.007324 0.046083
0.007019 0.028993
0.009461 0.014344
0.010376 -0.003967
0.019837 -0.011292
0.009766 -0.040590
0.015564 -0.052492
0.015259 -0.069582
0.019227 -0.084841
0.017701 -0.102237
0.017090 -0.120853
0.026551 -0.127567
0.022279 -0.151372
0.024720 -0.166021
0.025330 -0.184637
0.029908 -0.196539
0.028993 -0.214240
0.026551 -0.234382
0.030519 -0.245369
0.029298 -0.263680
0.032960 -0.277108
0.033265 -0.293893
0.036927 -0.306101
0.037843 -0.322275
0.037843 -0.337535
0.040284 -0.354015
0.042116 -0.369884
0.039979 -0.383923
0.042421 -0.396435
0.043947 -0.411084
0.044862 -0.428175
0.046388 -0.441603
0.047914 -0.456252
0.048830 -0.469680
0.049440 -0.482498
0.049745 -0.495926
0.052797 -0.506607
0.053102 -0.523392
