# Sampling Rate: 100000 S/s
#
# channel_A channel_B
0.038453 -0.440077
0.039979 -0.435804
0.039369 -0.436720
0.039369 -0.440382
0.037538 -0.438856
0.037843 -0.437941
0.037843 -0.438551
0.038148 -0.436415
0.037538 -0.438246
0.037233 -0.437941
0.037233 -0.437635
0.038453 -0.435194
0.038453 -0.436720
0.038148 -0.435194
0.037843 -0.433058
0.040284 -0.432142
0.038148 -0.432142
0.037843 -0.431532
0.036012 -0.431837
0.039369 -0.427564
0.036012 -0.427564
0.035096 -0.428480
0.033876 -0.427564
0.037538 -0.421766
0.036012 -0.422987
0.035096 -0.419324
0.035707 -0.419935
0.035401 -0.417798
0.035401 -0.415967
0.037233 -0.414747
0.034486 -0.411695
0.032655 -0.411389
0.032655 -0.409253
0.037233 -0.404370
0.033570 -0.407117
0.035401 -0.403150
0.033570 -0.400403
0.035401 -0.397351
0.033876 -0.393078
0.032044 -0.392163
0.035401 -0.385754
0.034486 -0.385754
0.032960 -0.385144
0.032655 -0.381481
0.032960 -0.379650
0.032960 -0.377209
0.032960 -0.374157
0.030519 -0.370190
0.030824 -0.369274
0.028077 -0.366527
0.029908 -0.361034
0.028077 -0.358592
0.030519 -0.354015
0.027772 -0.353710
0.030519 -0.346690
0.028993 -0.345775
0.030519 -0.339976
0.024720 -0.339061
0.031434 -0.332347
0.026856 -0.332652
0.027772 -0.327158
0.026246 -0.324717
0.026551 -0.318918
0.025636 -0.316477
0.026856 -0.313425
0.026246 -0.308847
0.025636 -0.303964
0.025330 -0.299692
0.024415 -0.296945
0.024415 -0.292978
0.024415 -0.289621
0.022279 -0.285653
0.023804 -0.279550
0.021363 -0.277108
0.023194 -0.271310
0.022889 -0.266121
0.020753 -0.262154
0.021668 -0.259407
0.021973 -0.255440
0.021363 -0.249336
0.019532 -0.246284
0.020142 -0.240181
0.019837 -0.235908
0.019837 -0.229804
0.019227 -0.225532
0.015259 -0.227058
0.017701 -0.216987
0.015564 -0.212714
0.016480 -0.205084
0.017701 -0.202643
0.019227 -0.196234
0.018311 -0.192267
0.015259 -0.186468
0.016785 -0.181585
0.014954 -0.177923
0.014649 -0.170293
0.012207 -0.169378
0.019532 -0.155034
0.011597 -0.156865
0.012207 -0.152898
0.010987 -0.147710
0.011597 -0.141606
0.011597 -0.136418
0.009766 -0.132450
0.014954 -0.120243
0.009766 -0.120548
0.009766 -0.113834
0.007019 -0.109867
0.007935 -0.104068
0.009461 -0.097049
0.003357 -0.098270
0.010987 -0.083621
0.001831 -0.085757
0.007935 -0.073855
0.007630 -0.072329
0.007630 -0.065310
0.004883 -0.059511
0.003357 -0.057680
0.007935 -0.044252
0.003052 -0.044862
0.008545 -0.036012
-0.001526 -0.036622
0.004883 -0.026551
-0.000610 -0.024720
-0.002747 -0.020142
-0.000916 -0.011292
-0.001831 -0.008545
0.001221 0.001831
-0.000610 0.004883
0.003967 0.015870
0.000916 0.016785
0.000305 0.023194
-0.000610 0.028687
-0.003052 0.031129
0.000000 0.039674
-0.005493 0.041200
0.003052 0.058290
-0.006104 0.052797
-0.004883 0.060427
-0.007324 0.065004
-0.008545 0.068361
-0.007324 0.077822
-0.009461 0.081790
0.004578 0.100406
-0.008240 0.092166
-0.007324 0.099796
-0.008850 0.103763
-0.007324 0.109867
-0.008850 0.114444
-0.012818 0.115055
-0.005493 0.130314
-0.012207 0.127262
-0.005799 0.138249
-0.012207 0.138859
-0.010681 0.146489
-0.012818 0.151067
-0.008545 0.158696
-0.008545 0.165410
-0.014649 0.166326
-0.014954 0.172735
-0.017396 0.174871
-0.011902 0.184942
-0.014649 0.188299
-0.018006 0.188910
-0.018616 0.196234
-0.022584 0.195929
-0.015259 0.208441
-0.017396 0.211493
-0.012818 0.220954
-0.018616 0.222175
-0.016785 0.226753
-0.017701 0.232551
-0.017701 0.234077
-0.017090 0.239265
-0.018921 0.241707
-0.013123 0.256966
-0.021668 0.250862
-0.017701 0.257576
-0.022279 0.261544
-0.021058 0.263985
-0.021668 0.271920
-0.022279 0.274056
-0.018921 0.282907
-0.022584 0.285348
-0.021668 0.289315
-0.023499 0.292673
-0.022584 0.296640
-0.025025 0.298776
-0.026551 0.301523
-0.020142 0.314646
-0.027161 0.309153
-0.022279 0.318003
-0.024720 0.322886
-0.024110 0.326243
-0.026551 0.328379
-0.025941 0.330821
-0.024110 0.339061
-0.025941 0.339061
-0.026551 0.342418
-0.027161 0.346385
-0.024415 0.351573
-0.031434 0.350963
-0.025025 0.356151
-0.028687 0.359203
-0.028382 0.363781
-0.028382 0.365917
-0.026856 0.369579
-0.031129 0.371715
-0.028382 0.374767
-0.029603 0.378735
-0.030213 0.380261
-0.029298 0.383618
-0.028993 0.385754
-0.031129 0.388806
-0.029603 0.391552
-0.030519 0.393078
-0.030213 0.397351
-0.030519 0.399182
-0.030519 0.403150
-0.028687 0.401013
-0.030213 0.405896
-0.029298 0.408032
-0.029298 0.410474
-0.028382 0.414136
-0.030824 0.413221
-0.030824 0.413526
-0.030519 0.417798
-0.031129 0.417798
-0.031739 0.419935
-0.033876 0.418104
-0.030213 0.424818
-0.032655 0.425733
-0.033876 0.424207
-0.030519 0.430006
-0.032350 0.428175
-0.032350 0.430006
-0.033570 0.431227
-0.032350 0.431837
-0.032350 0.433973
-0.031739 0.434889
-0.034181 0.432752
-0.030519 0.436415
-0.032960 0.437025
-0.032960 0.437941
-0.032350 0.439772
-0.030824 0.441603
-0.032350 0.437941
-0.031739 0.441298
-0.033265 0.441298
-0.031739 0.440077
-0.031434 0.440687
-0.034791 0.442518
-0.033265 0.440077
-0.031129 0.442518
-0.032655 0.440077
-0.031129 0.441298
-0.031129 0.440382
-0.033570 0.439467
-0.031129 0.440687
-0.030519 0.439772
-0.031739 0.439772
-0.030519 0.438246
-0.032960 0.438551
-0.034181 0.437025
-0.031129 0.437025
-0.032960 0.434889
-0.030519 0.432447
-0.032655 0.433058
-0.032655 0.431837
-0.030213 0.433058
-0.031129 0.430616
-0.029603 0.429090
-0.031434 0.426649
-0.029298 0.426344
-0.027772 0.426649
-0.030213 0.423902
-0.031129 0.421766
-0.029603 0.419324
-0.027772 0.417798
-0.028382 0.415052
-0.026856 0.413526
-0.028993 0.412305
-0.028687 0.412000
-0.025636 0.407422
-0.026551 0.406507
-0.026551 0.404065
-0.028077 0.401624
-0.026551 0.398572
-0.026856 0.395520
-0.025025 0.396435
-0.028077 0.391858
-0.024110 0.389721
-0.026856 0.387280
-0.026551 0.384228
-0.025941 0.381176
-0.024110 0.378735
-0.024415 0.375072
-0.024415 0.374157
-0.023804 0.370800
-0.022279 0.370495
-0.023194 0.365612
-0.021668 0.362560
-0.022279 0.357677
-0.022584 0.356761
-0.022279 0.352184
-0.022279 0.346995
-0.023499 0.344554
-0.021668 0.341807
-0.021363 0.337535
-0.021058 0.333262
-0.021668 0.327769
-0.023194 0.327158
-0.019837 0.322275
-0.020447 0.319224
-0.019227 0.316172
-0.018616 0.312510
-0.018616 0.306406
-0.018616 0.306101
-0.019227 0.299997
-0.018616 0.296640
-0.017701 0.292367
-0.017090 0.286569
-0.017396 0.284127
-0.017396 0.276803
-0.015259 0.274056
-0.015564 0.270394
-0.015259 0.266121
-0.015870 0.260933
-0.013123 0.256966
-0.018006 0.246284
-0.014649 0.248115
-0.013428 0.244453
-0.013428 0.239875
-0.013123 0.234077
-0.012207 0.227668
-0.010681 0.223090
-0.010987 0.218818
-0.012207 0.214240
-0.008850 0.211798
-0.008545 0.206915
-0.010071 0.199896
-0.007935 0.195013
-0.008240 0.191351
-0.008850 0.184942
-0.008240 0.180059
-0.005188 0.175481
-0.007324 0.169073
-0.008545 0.165410
-0.005799 0.160222
-0.004273 0.155644
-0.004883 0.149541
-0.004883 0.144963
-0.003357 0.140690
-0.004273 0.133671
-0.000916 0.129093
-0.003052 0.122684
0.001831 0.122990
-0.001221 0.111393
-0.002747 0.107120
-0.000610 0.102237
0.000610 0.096133
0.000305 0.090640
-0.000610 0.083926
0.000610 0.079348
0.001831 0.072634
0.001526 0.069582
0.000610 0.064394
0.002747 0.057375
0.002747 0.051576
0.003052 0.046388
0.001831 0.038759
0.003967 0.035096
0.003967 0.030824
0.004883 0.025025
0.005493 0.019837
0.006104 0.014344
0.007019 0.009461
0.007630 0.004578
0.007630 -0.002136
0.009156 -0.008850
0.008240 -0.012513
0.008240 -0.020142
0.007324 -0.026246
0.009156 -0.030213
0.008545 -0.035401
0.011597 -0.042116
0.009461 -0.048219
0.012513 -0.052492
0.012818 -0.058596
0.011902 -0.063173
0.014649 -0.067446
0.014954 -0.074465
0.014649 -0.080264
0.012513 -0.086673
0.014344 -0.090030
0.016175 -0.096438
0.013733 -0.103458
0.017701 -0.107425
0.016480 -0.112003
0.017396 -0.117191
0.017701 -0.121769
0.016480 -0.129704
0.019227 -0.133976
0.018311 -0.139775
0.018921 -0.145573
0.018921 -0.149236
0.019227 -0.153203
0.019837 -0.159307
0.021058 -0.166326
0.021973 -0.170598
0.021668 -0.174871
0.021973 -0.179754
0.021668 -0.185247
0.021363 -0.189825
0.022889 -0.195013
0.023499 -0.201117
0.021058 -0.205084
0.023804 -0.209357
0.026551 -0.211798
0.027467 -0.218513
0.025636 -0.223701
0.024415 -0.230720
0.025941 -0.233467
0.026246 -0.238655
0.025636 -0.242622
0.026551 -0.249947
0.028077 -0.252388
0.025941 -0.256050
0.028077 -0.259713
0.028993 -0.265511
0.027467 -0.270394
0.028993 -0.273446
0.027467 -0.277413
0.030824 -0.283212
0.031129 -0.285958
0.030824 -0.292673
0.030519 -0.293588
0.030519 -0.299081
0.029298 -0.304270
0.031129 -0.307321
0.029908 -0.315256
0.034486 -0.310678
0.032350 -0.319834
0.033265 -0.321970
0.034486 -0.326853
0.033570 -0.329295
0.034486 -0.334178
0.032655 -0.337535
0.033876 -0.341197
0.033265 -0.343638
0.034486 -0.347911
0.032960 -0.351573
0.033265 -0.354625
0.035707 -0.357372
0.036622 -0.361034
0.035401 -0.362865
0.036927 -0.364696
0.037538 -0.370190
0.034791 -0.372631
0.034791 -0.375378
0.036622 -0.379345
0.035401 -0.382092
0.035707 -0.383007
0.033265 -0.390027
0.035401 -0.389721
0.037233 -0.389721
0.036927 -0.393689
0.042116 -0.395520
0.037233 -0.399182
0.037843 -0.403455
0.036927 -0.404675
0.038453 -0.405591
0.036927 -0.410169
0.039064 -0.411695
0.037538 -0.413221
0.039064 -0.413526
0.038148 -0.413831
0.040284 -0.417493
0.039064 -0.419019
0.038148 -0.422376
0.039979 -0.422376
0.039064 -0.424818
0.039064 -0.426344
0.039064 -0.426344
0.039674 -0.429090
0.039979 -0.428785
0.039064 -0.432142
0.039979 -0.432752
0.038453 -0.432142
0.039064 -0.433668
0.039369 -0.433363
0.040284 -0.434889
0.041200 -0.433973
0.039369 -0.437941
0.039979 -0.438246
0.037843 -0.439467
0.037233 -0.440382
0.039064 -0.437941
0.041505 -0.436415
0.039979 -0.439772
0.036622 -0.442824
0.038453 -0.439772
0.040284 -0.437635
0.038453 -0.440077
0.039979 -0.438551
0.037843 -0.438551
0.037843 -0.439772
0.041200 -0.435804
0.041200 -0.436415
0.038453 -0.436415
0.038453 -0.436720
0.038453 -0.437941
0.040284 -0.435804
0.039369 -0.435194
0.039369 -0.432142
0.039369 -0.435194
0.040284 -0.432142
0.037538 -0.432142
0.037538 -0.430616
0.038453 -0.429395
0.037843 -0.428480
0.038148 -0.427259
0.037233 -0.425123
0.036622 -0.424512
0.038453 -0.422071
0.035707 -0.421766
0.036012 -0.420850
0.037538 -0.417493
0.036927 -0.416272
0.036012 -0.415052
0.034791 -0.413831
0.035707 -0.411084
0.035707 -0.409558
0.035096 -0.406201
0.036012 -0.403760
0.034486 -0.403455
0.034486 -0.400098
0.035707 -0.397961
0.034486 -0.395215
0.033876 -0.394604
0.033876 -0.390942
0.032655 -0.390332
0.032350 -0.384228
0.032960 -0.382092
0.033876 -0.380871
0.032960 -0.379040
0.031434 -0.375072
0.032350 -0.372021
0.031129 -0.368053
0.031434 -0.365917
0.029908 -0.363781
0.031129 -0.358287
0.028687 -0.356456
0.029298 -0.352184
0.030519 -0.350352
0.031129 -0.346995
0.028077 -0.342723
0.028382 -0.340587
0.028077 -0.334483
0.029298 -0.332652
0.030213 -0.327158
0.027467 -0.324717
0.028077 -0.320444
0.027467 -0.316172
0.024720 -0.313425
0.026246 -0.308847
0.026856 -0.306406
0.027772 -0.298471
0.026246 -0.296335
0.024720 -0.292673
0.023194 -0.289621
0.022889 -0.284127
0.024110 -0.280465
0.024110 -0.276498
0.023804 -0.271920
0.022279 -0.266732
0.021363 -0.262459
0.022279 -0.260933
0.024110 -0.251167
0.017701 -0.250862
0.020753 -0.245674
0.020142 -0.240181
0.020142 -0.235298
0.019532 -0.230720
0.020753 -0.225532
0.021668 -0.220649
0.017701 -0.216987
0.017701 -0.212104
0.018616 -0.206915
0.015259 -0.204169
0.015259 -0.196844
0.015259 -0.192267
0.015259 -0.184637
0.016175 -0.184027
0.016175 -0.176397
0.013733 -0.172735
0.008545 -0.172430
0.013123 -0.164190
0.012513 -0.156560
0.012818 -0.152898
0.012818 -0.146184
0.012513 -0.140996
0.011597 -0.136723
0.012513 -0.130924
0.008545 -0.125126
0.007630 -0.120243
0.010681 -0.114444
0.010987 -0.108341
0.010071 -0.103763
0.007935 -0.097964
0.007019 -0.093997
0.006409 -0.088198
0.007630 -0.083010
0.005799 -0.076907
0.005493 -0.072329
0.005799 -0.066225
0.003662 -0.061037
0.005188 -0.056154
-0.002136 -0.055544
0.003967 -0.045167
0.003052 -0.038453
0.003967 -0.032044
0.000305 -0.029298
0.002747 -0.021363
0.000610 -0.016480
0.004578 -0.009461
-0.001526 -0.005799
0.000000 -0.000916
-0.003662 0.003662
0.001526 0.012207
-0.003662 0.017090
-0.005493 0.018616
-0.003967 0.026551
-0.005188 0.030213
0.000305 0.041200
-0.003357 0.043947
0.000916 0.052797
-0.005188 0.053713
-0.005188 0.059816
-0.004273 0.066530
-0.005188 0.071413
-0.005188 0.077822
-0.007935 0.080569
-0.002747 0.091556
-0.010376 0.089419
-0.009766 0.097354
-0.007630 0.103763
-0.009766 0.106815
-0.009461 0.114139
-0.009766 0.118717
-0.007630 0.129398
-0.009766 0.130924
-0.010987 0.135807
-0.010681 0.139775
-0.012818 0.146184
-0.012513 0.151982
-0.012513 0.157170
-0.010987 0.164495
-0.015870 0.162969
-0.012818 0.173650
-0.012818 0.177923
-0.012207 0.181890
-0.014039 0.190130
-0.017396 0.191656
-0.014039 0.199286
-0.017090 0.201422
-0.015564 0.207221
-0.018616 0.210578
-0.014649 0.220344
-0.017701 0.220649
-0.020142 0.222480
-0.021058 0.229499
-0.021973 0.233467
-0.017396 0.240181
-0.019837 0.244758
-0.017701 0.252388
-0.018006 0.253609
-0.020142 0.257271
-0.022279 0.263985
-0.021058 0.268563
-0.019837 0.270699
-0.023499 0.273141
-0.017701 0.286264
-0.019837 0.288705
-0.021363 0.288705
-0.023804 0.293588
-0.023194 0.298166
-0.023499 0.301523
-0.024415 0.303659
-0.021973 0.314646
-0.025025 0.313730
-0.024415 0.317087
-0.026246 0.321360
-0.025941 0.324107
-0.024720 0.330515
-0.031129 0.328379
-0.023194 0.340281
-0.028687 0.336619
-0.027161 0.343028
-0.027161 0.346385
-0.025941 0.349437
-0.027161 0.352489
-0.028382 0.354015
-0.024415 0.363781
-0.028687 0.361644
-0.028382 0.367443
-0.030824 0.367138
-0.024110 0.377209
-0.031739 0.372021
-0.030824 0.374462
-0.030824 0.379040
-0.030213 0.380871
-0.028687 0.385754
-0.032960 0.387280
-0.026856 0.392773
-0.029298 0.394299
-0.031129 0.396741
-0.031129 0.399487
-0.033265 0.400708
-0.031129 0.404065
-0.034791 0.401318
-0.026551 0.412610
-0.033876 0.405286
-0.030824 0.413221
-0.031434 0.413221
-0.030824 0.415662
-0.031739 0.418104
-0.032655 0.417798
-0.030824 0.422681
-0.030824 0.424512
-0.036012 0.420240
-0.032350 0.427259
-0.032655 0.428480
-0.032655 0.428175
-0.035401 0.427869
-0.032655 0.431532
-0.034791 0.430921
-0.031434 0.433973
-0.032655 0.435194
-0.031434 0.437635
-0.031129 0.437941
-0.033570 0.437941
-0.032350 0.440382
-0.032655 0.438246
-0.033570 0.437941
-0.035401 0.439161
-0.028077 0.445875
-0.036317 0.437941
-0.037233 0.440077
-0.035707 0.440077
-0.032350 0.439161
-0.032655 0.441298
-0.032655 0.439772
-0.030213 0.446181
-0.031739 0.442213
-0.032960 0.441908
-0.032655 0.443129
-0.031739 0.441603
-0.033265 0.440382
-0.035707 0.435499
-0.028687 0.444044
-0.033876 0.436415
-0.031129 0.439161
-0.029603 0.438246
-0.031434 0.437330
-0.032350 0.435194
-0.031129 0.434889
-0.027772 0.437635
-0.031129 0.431837
-0.032350 0.431837
-0.032350 0.428480
-0.028077 0.431227
-0.030213 0.428480
-0.034791 0.421766
-0.032960 0.422376
-0.032350 0.422071
-0.028993 0.422681
-0.030519 0.419630
-0.026246 0.421155
-0.028077 0.417798
-0.028993 0.415052
-0.026551 0.415052
-0.029603 0.411389
-0.028687 0.408643
-0.031129 0.405286
-0.022584 0.409253
-0.028993 0.400098
-0.028687 0.399792
-0.027772 0.397961
-0.029603 0.394299
-0.028077 0.393994
-0.028077 0.391858
-0.024720 0.388501
-0.027161 0.384228
-0.025025 0.382092
-0.024415 0.378430
-0.025636 0.377209
-0.022584 0.377514
-0.027772 0.366222
-0.023194 0.372021
-0.026551 0.361644
-0.024110 0.363781
-0.022584 0.359203
-0.023194 0.355846
-0.023194 0.352489
-0.023804 0.347606
-0.018616 0.346995
-0.025941 0.338450
-0.021363 0.335704
-0.023499 0.335093
-0.019227 0.332347
-0.022279 0.324412
-0.024415 0.316172
-0.021363 0.317698
-0.022279 0.314035
-0.018921 0.312815
-0.021363 0.307321
-0.018006 0.304575
-0.019227 0.300302
-0.019227 0.293588
-0.016785 0.294504
-0.019227 0.285958
-0.017701 0.282296
-0.018616 0.276498
-0.010376 0.280160
-0.019227 0.267342
-0.016785 0.263985
-0.017090 0.259407
-0.017090 0.254524
-0.011902 0.255135
-0.012207 0.247810
-0.010987 0.245979
-0.013123 0.238044
-0.012818 0.231941
-0.017701 0.224311
-0.011902 0.224311
-0.011902 0.219733
-0.014344 0.211188
-0.008850 0.211188
-0.014039 0.200507
-0.003662 0.207221
-0.008545 0.195929
-0.009766 0.188910
-0.009766 0.183416
-0.008240 0.179144
-0.006104 0.177007
-0.008240 0.168462
-0.005799 0.164190
-0.005188 0.159307
-0.004883 0.155034
-0.006104 0.147710
-0.008850 0.139775
-0.006409 0.137333
-0.006104 0.129704
-0.002747 0.128483
-0.002747 0.123295
0.000610 0.121464
-0.002136 0.111698
-0.003052 0.105899
-0.000610 0.102542
-0.001526 0.096133
-0.001831 0.088809
-0.001526 0.082705
0.003967 0.082400
0.000305 0.075381
0.001221 0.068667
0.002747 0.062868
-0.001221 0.055239
0.000610 0.048830
0.002747 0.045778
0.005188 0.044252
0.003357 0.035096
0.003357 0.029908
0.003662 0.022279
0.005188 0.018921
0.004578 0.013733
0.002441 0.002441
0.005493 0.003052
0.005493 -0.006409
0.007019 -0.007935
0.007630 -0.012513
0.007935 -0.019532
0.009766 -0.026246
0.009766 -0.031129
0.010071 -0.033876
0.009766 -0.042116
0.010681 -0.047914
0.008545 -0.054018
0.016175 -0.052797
0.009461 -0.067141
0.009461 -0.072024
0.010987 -0.076296
0.010987 -0.082095
0.012818 -0.084231
0.012207 -0.089114
0.014954 -0.095828
0.014039 -0.100711
0.014954 -0.107425
0.014649 -0.112918
0.013123 -0.119633
0.015564 -0.125431
0.016175 -0.130924
0.019837 -0.133061
0.013733 -0.141911
0.017701 -0.144353
0.019532 -0.147404
0.020753 -0.154424
0.019532 -0.159612
0.018616 -0.165716
0.022279 -0.167852
0.021668 -0.175787
0.019532 -0.180059
0.019532 -0.186163
0.021363 -0.189215
0.019837 -0.196539
0.017701 -0.204169
0.021363 -0.208747
0.019837 -0.214850
0.025636 -0.215766
0.024110 -0.220649
0.026856 -0.224006
0.024415 -0.228278
0.025636 -0.234382
0.025330 -0.238655
0.026856 -0.243538
0.025636 -0.249336
0.025636 -0.254830
0.032960 -0.252388
0.023194 -0.265206
0.029908 -0.267953
0.027772 -0.272225
0.027772 -0.275582
0.026856 -0.281686
0.028993 -0.286264
0.030519 -0.287179
0.030824 -0.292367
0.027467 -0.298471
0.031129 -0.300607
0.030519 -0.304270
0.030519 -0.308847
0.030213 -0.312815
0.031129 -0.317392
0.028993 -0.321665
0.032044 -0.322275
0.032960 -0.326548
0.034486 -0.328684
0.030519 -0.333872
0.032350 -0.339061
0.032655 -0.341197
0.033265 -0.346690
0.035096 -0.347301
0.036012 -0.350047
0.035707 -0.353710
0.033876 -0.360424
0.032350 -0.363475
0.032350 -0.365917
0.034486 -0.368358
0.034486 -0.370495
0.035096 -0.374767
0.037538 -0.376904
0.035401 -0.379650
0.036622 -0.381787
0.033876 -0.386364
0.036012 -0.387585
0.036012 -0.390332
0.033265 -0.394604
0.039369 -0.391247
0.034791 -0.402539
0.036927 -0.401929
0.038148 -0.401624
0.037843 -0.406507
0.037538 -0.405896
0.036622 -0.410779
0.038453 -0.409558
0.038148 -0.413831
0.037538 -0.415052
0.039064 -0.415052
0.037538 -0.418104
0.036622 -0.421766
0.033570 -0.424207
0.037233 -0.422071
0.035096 -0.428480
0.038148 -0.425123
0.038453 -0.426954
0.039674 -0.428175
0.038453 -0.429395
0.037538 -0.433058
0.040590 -0.430921
0.037538 -0.433363
0.037843 -0.433668
0.037843 -0.435194
0.041200 -0.432142
0.036927 -0.440077
0.037843 -0.438856
0.037538 -0.440992
0.039064 -0.438856
0.040284 -0.440077
0.036622 -0.438246
0.040284 -0.437941
0.038148 -0.440992
0.037233 -0.439772
0.037843 -0.440687
0.039064 -0.439467
0.037538 -0.440382
0.037843 -0.440687
0.037843 -0.440077
0.036622 -0.441908
0.038453 -0.438856
0.040284 -0.439772
0.037233 -0.441908
0.037843 -0.438856
0.038148 -0.437635
0.038453 -0.433668
0.038148 -0.436110
0.039064 -0.435804
0.037843 -0.435194
0.039064 -0.433363
0.036927 -0.432752
0.035096 -0.433668
0.035401 -0.432142
0.033265 -0.432752
0.035707 -0.428480
0.037538 -0.427259
0.037538 -0.422987
0.038453 -0.424818
0.036927 -0.423597
0.036012 -0.419935
0.035707 -0.419324
0.035707 -0.416883
0.036622 -0.413831
0.040284 -0.410169
0.032960 -0.413221
0.033570 -0.411695
0.034791 -0.408948
0.030824 -0.407117
0.033265 -0.404675
0.033265 -0.401013
0.035096 -0.397351
0.033265 -0.396435
0.032350 -0.395215
0.025941 -0.399792
0.032960 -0.388195
0.032350 -0.385144
0.032960 -0.380871
0.037843 -0.376293
0.032044 -0.376904
0.030824 -0.375988
0.029298 -0.372326
0.032655 -0.369579
0.030213 -0.365001
0.030213 -0.363781
0.029298 -0.358898
0.028687 -0.357067
0.028077 -0.354015
0.030213 -0.348827
0.028687 -0.347301
0.028077 -0.343028
0.028382 -0.342112
0.024415 -0.338450
0.027467 -0.333262
0.026856 -0.328990
0.025941 -0.326853
0.026246 -0.321970
0.026551 -0.318613
0.025330 -0.315561
0.024415 -0.307627
0.026856 -0.305490
0.024415 -0.302133
0.023499 -0.297555
0.023499 -0.292673
0.021058 -0.290231
0.023804 -0.283517
0.024110 -0.281075
0.021973 -0.277413
0.022889 -0.272835
0.021668 -0.267647
0.023194 -0.265816
0.019227 -0.258797
0.021363 -0.255135
0.021668 -0.249641
0.020142 -0.245369
0.019227 -0.242927
0.018921 -0.236824
0.016785 -0.233467
0.017090 -0.229194
0.018921 -0.222785
0.018921 -0.218513
0.016785 -0.212409
0.017701 -0.207831
0.016480 -0.202948
0.015259 -0.197760
0.015259 -0.192877
0.014954 -0.187384
0.014649 -0.181890
0.017396 -0.175481
0.010681 -0.174566
0.013123 -0.169683
0.010376 -0.164495
0.009766 -0.161138
0.012207 -0.153203
0.009461 -0.148625
0.012818 -0.139470
0.009461 -0.135502
0.011597 -0.130314
0.009156 -0.125126
0.012207 -0.117496
0.006409 -0.118107
0.009156 -0.111698
0.013733 -0.097659
0.003357 -0.102542
0.008545 -0.092776
0.005799 -0.089419
0.006104 -0.083316
0.005188 -0.078127
0.002747 -0.072329
0.009766 -0.062258
0.003357 -0.061953
0.004578 -0.056154
0.000916 -0.050966
0.005188 -0.044252
0.002747 -0.038148
-0.000610 -0.037233
0.002441 -0.024720
-0.005799 -0.028382
0.002747 -0.013428
-0.000610 -0.010681
0.003052 -0.002747
0.000000 0.000916
-0.001831 0.003967
0.003662 0.017396
-0.004273 0.016480
-0.004273 0.021668
-0.007935 0.023804
0.002441 0.041505
-0.005799 0.037843
-0.006104 0.040895
-0.010071 0.046693
-0.008545 0.051576
-0.005188 0.063784
-0.007935 0.065310
-0.003662 0.077212
-0.007324 0.076296
-0.007630 0.082095
-0.008240 0.089419
-0.008240 0.094607
-0.008545 0.096133
-0.013123 0.100101
-0.002136 0.118412
-0.014039 0.108951
-0.008850 0.120853
-0.013428 0.121158
-0.013123 0.130619
-0.012207 0.136113
-0.014649 0.139164
-0.009766 0.149846
-0.014344 0.150151
-0.014039 0.157170
-0.015870 0.162053
-0.012207 0.167852
-0.014039 0.172735
-0.019532 0.173040
-0.014039 0.183416
-0.019532 0.182501
-0.014344 0.195013
-0.017396 0.195929
-0.014344 0.203864
-0.015870 0.205084
-0.017701 0.211798
-0.015564 0.220954
-0.019227 0.222785
-0.019532 0.225532
-0.021363 0.229499
-0.014344 0.242927
-0.021973 0.240486
-0.019837 0.243843
-0.024110 0.248115
-0.025025 0.250862
-0.019532 0.261544
-0.023194 0.261238
-0.017090 0.273141
-0.022279 0.272225
-0.021058 0.278634
-0.017396 0.288705
-0.022279 0.285348
-0.023194 0.290231
-0.029298 0.286874
-0.018921 0.305185
-0.028993 0.296030
-0.024415 0.308847
-0.026856 0.308237
-0.024415 0.313425
-0.026856 0.317698
-0.027772 0.319224
-0.023194 0.329600
-0.026551 0.329600
-0.026856 0.331736
-0.024720 0.337535
-0.025636 0.342112
-0.028687 0.344859
-0.029603 0.344859
-0.028687 0.350047
-0.028993 0.351268
-0.029298 0.356761
-0.027772 0.358898
-0.028382 0.364391
-0.028687 0.367748
-0.029603 0.369579
-0.024720 0.377209
-0.031434 0.374767
-0.029603 0.379040
-0.030519 0.381481
-0.029298 0.385449
-0.031739 0.385754
-0.030519 0.389721
-0.029298 0.392163
-0.030519 0.396130
-0.031434 0.396130
-0.030519 0.400098
-0.024110 0.408948
-0.031434 0.403760
-0.032655 0.405286
-0.030519 0.408948
-0.032655 0.411084
-0.032350 0.412610
-0.032350 0.413526
-0.033265 0.417188
-0.031739 0.418104
-0.032960 0.419935
-0.033265 0.422681
-0.034791 0.421155
-0.031739 0.426038
-0.033265 0.426649
-0.033265 0.429395
-0.032655 0.429090
-0.033876 0.431532
-0.036317 0.430921
-0.034791 0.433363
-0.035401 0.433668
-0.034181 0.433668
-0.034181 0.436110
-0.033570 0.435804
-0.034791 0.436415
-0.035096 0.435194
-0.031434 0.440382
-0.030213 0.442518
-0.033570 0.440077
-0.032655 0.441298
-0.034181 0.440382
-0.032960 0.441908
-0.033876 0.440382
-0.035096 0.440687
-0.034181 0.440382
-0.034791 0.443129
-0.032655 0.442518
-0.033876 0.441908
-0.032960 0.441603
-0.033265 0.442824
-0.031739 0.441298
-0.033265 0.441603
-0.031434 0.441298
-0.035401 0.438551
-0.031129 0.442518
-0.032960 0.438246
-0.033265 0.435194
-0.032960 0.435499
-0.031739 0.436110
-0.032655 0.434889
-0.028993 0.436415
-0.030824 0.434889
-0.032350 0.431227
-0.032960 0.431227
-0.030824 0.428785
-0.032655 0.427869
-0.031739 0.426954
-0.031434 0.426344
-0.030213 0.423597
-0.030519 0.422071
-0.031434 0.420240
-0.029603 0.419630
-0.030519 0.417188
-0.031129 0.416578
-0.028993 0.412915
-0.030519 0.412000
-0.028993 0.411389
-0.028687 0.407422
-0.028382 0.405286
-0.029603 0.402844
-0.030519 0.400708
-0.028077 0.398877
-0.027772 0.395520
-0.029603 0.394299
-0.028382 0.391552
-0.026246 0.387890
-0.026856 0.386059
-0.026856 0.383618
-0.027772 0.378430
-0.024110 0.381176
-0.025636 0.372936
-0.024720 0.372021
-0.026246 0.368053
-0.025025 0.365001
-0.025941 0.364391
-0.024110 0.357982
-0.026246 0.355541
-0.023804 0.352489
-0.023499 0.348521
-0.023499 0.344554
-0.017396 0.346995
-0.023194 0.338145
-0.023499 0.335398
-0.020447 0.329905
-0.022584 0.325022
-0.022584 0.322886
-0.020142 0.320139
-0.019837 0.315256
-0.021668 0.313120
-0.020142 0.307932
-0.021363 0.302744
-0.018616 0.300302
-0.019227 0.296030
-0.020142 0.291452
-0.017396 0.288095
-0.016480 0.283822
-0.017090 0.279244
-0.017090 0.274972
-0.017090 0.270089
-0.016785 0.264290
-0.017396 0.261238
-0.016785 0.256355
-0.014954 0.250862
-0.016480 0.245674
-0.015259 0.243233
-0.012818 0.238044
-0.013428 0.235603
-0.014344 0.230110
-0.014344 0.223701
-0.012513 0.220038
-0.013428 0.215461
-0.011292 0.211188
-0.011902 0.207221
-0.010071 0.200201
-0.010376 0.193793
-0.009461 0.191656
-0.009766 0.184332
-0.009461 0.179449
-0.007935 0.175481
-0.007630 0.170904
-0.007324 0.166936
-0.008545 0.161748
-0.009766 0.154424
-0.007324 0.148930
-0.007935 0.144353
-0.005493 0.139164
-0.005493 0.132756
-0.003662 0.127262
-0.005799 0.123295
-0.003967 0.116886
-0.002136 0.114444
-0.001221 0.107425
-0.003052 0.100101
0.000000 0.096438
-0.001526 0.091861
-0.001831 0.086062
-0.002136 0.078433
0.000305 0.075076
-0.000916 0.069582
-0.000610 0.063784
0.002747 0.059511
0.001831 0.052492
0.001526 0.045778
0.000305 0.042116
0.002441 0.037233
0.004578 0.030213
0.004578 0.024415
0.002441 0.018616
0.003357 0.014039
0.005493 0.007935
0.004578 0.002441
0.009766 0.000610
0.006409 -0.008240
0.006409 -0.014344
0.007630 -0.017090
0.007324 -0.024110
0.008240 -0.029908
0.007935 -0.035707
0.012207 -0.039979
0.010071 -0.047304
0.010071 -0.053102
0.009461 -0.060427
0.009461 -0.064699
0.010987 -0.068972
0.011902 -0.075381
0.013123 -0.079653
0.014649 -0.083316
0.011597 -0.091861
0.013123 -0.096133
0.011597 -0.104678
0.014649 -0.104984
0.015564 -0.112003
0.014039 -0.117191
0.015259 -0.123600
0.015259 -0.127873
0.015259 -0.134281
0.019532 -0.137944
0.016175 -0.145268
0.017701 -0.150151
0.017090 -0.154729
0.017396 -0.159612
0.018311 -0.164495
0.018921 -0.169683
0.019227 -0.175176
0.021668 -0.180364
0.019532 -0.184942
0.021668 -0.191351
0.021363 -0.196234
0.021668 -0.198675
0.023194 -0.206610
0.022279 -0.209052
0.021668 -0.214545
0.024110 -0.220954
0.024720 -0.221259
0.024110 -0.229499
0.022889 -0.232856
0.025636 -0.240486
0.026551 -0.241707
0.024720 -0.245979
0.024720 -0.252388
0.027772 -0.256661
0.026246 -0.260628
0.027772 -0.267647
0.026551 -0.270089
0.026856 -0.273446
0.028077 -0.279855
0.026856 -0.282296
0.028993 -0.286874
0.028382 -0.291147
0.028077 -0.295419
0.028993 -0.300607
0.028993 -0.303659
0.029298 -0.309153
0.030213 -0.310678
0.031129 -0.317698
0.031434 -0.318613
0.031129 -0.323191
0.030824 -0.325022
0.031434 -0.327158
0.032350 -0.333872
0.032044 -0.336924
0.030824 -0.342418
0.035096 -0.344859
0.033570 -0.348216
0.033265 -0.350658
0.033876 -0.354625
0.036012 -0.359508
0.033265 -0.361034
0.032960 -0.365001
0.037843 -0.363475
0.032960 -0.369884
0.034791 -0.371105
0.034791 -0.376598
0.035096 -0.379040
0.036927 -0.382397
0.035707 -0.384533
0.034791 -0.387890
0.035401 -0.391247
0.034791 -0.394299
0.036012 -0.395215
0.032960 -0.401318
0.034791 -0.399487
0.035401 -0.401624
0.036622 -0.404675
0.037538 -0.406201
0.036622 -0.409253
0.037843 -0.409558
0.035096 -0.411389
0.037233 -0.415357
0.036622 -0.417188
0.037843 -0.419019
0.037843 -0.419324
0.037843 -0.422071
0.037843 -0.423902
0.036927 -0.426649
0.037538 -0.425428
0.039064 -0.425428
0.038148 -0.427259
0.036012 -0.429090
0.037233 -0.432142
0.036927 -0.432142
0.038148 -0.431837
0.039064 -0.433973
0.039674 -0.435804
0.039369 -0.434278
0.039369 -0.437330
0.039674 -0.437330
0.037233 -0.437330
0.036622 -0.440382
0.038453 -0.438246
0.038453 -0.439772
0.036622 -0.438551
0.039674 -0.440382
0.038453 -0.439772
0.038148 -0.440687
0.036622 -0.439772
0.038148 -0.440992
0.037843 -0.440077
0.036012 -0.440992
0.038453 -0.438246
0.038148 -0.439467
0.036927 -0.440687
0.036927 -0.438856
0.036012 -0.436415
0.039064 -0.438856
0.038148 -0.436415
0.039064 -0.436720
0.035707 -0.436110
0.037233 -0.435194
0.037538 -0.434278
0.037538 -0.432142
0.036927 -0.430616
0.038148 -0.427259
0.036622 -0.429090
0.034486 -0.427259
0.036012 -0.426038
0.037233 -0.422987
0.036012 -0.423597
0.034791 -0.422681
0.033876 -0.421766
0.035096 -0.418409
0.034791 -0.419019
0.037233 -0.415052
0.033876 -0.413221
0.036012 -0.411695
0.033876 -0.410474
0.033265 -0.408338
0.032044 -0.407117
0.035707 -0.402234
0.034486 -0.401929
0.033265 -0.397961
0.033876 -0.394604
0.032960 -0.396435
0.032350 -0.392163
0.032655 -0.390027
0.032350 -0.385754
0.033265 -0.383312
0.031434 -0.381481
0.032044 -0.376598
0.028993 -0.376598
0.031129 -0.372021
0.031434 -0.369579
0.031434 -0.365307
0.030213 -0.363475
0.031129 -0.359508
0.030519 -0.354625
0.029908 -0.352489
0.028687 -0.349742
0.026856 -0.347301
0.033570 -0.338450
0.027467 -0.340281
0.026246 -0.336314
0.024720 -0.332347
0.025330 -0.329295
0.027772 -0.326243
0.025636 -0.321665
0.026551 -0.319529
0.024720 -0.314341
0.023804 -0.309763
0.025941 -0.305490
0.025330 -0.300912
0.023804 -0.299081
0.023804 -0.294504
0.024720 -0.289621
0.021973 -0.284433
0.021363 -0.282296
0.021668 -0.277718
0.021973 -0.274667
0.021363 -0.267953
0.023804 -0.263985
0.019532 -0.260018
0.021058 -0.253914
0.021668 -0.250557
0.019227 -0.247505
0.018921 -0.240486
0.019227 -0.235298
0.018921 -0.231941
0.015259 -0.226753
0.018921 -0.221564
0.012818 -0.222480
0.017396 -0.210883
0.016175 -0.209357
0.016175 -0.202033
0.014954 -0.196844
0.014039 -0.195318
0.013733 -0.189825
0.014649 -0.182501
0.013123 -0.177618
0.013123 -0.173040
0.012513 -0.168767
0.012513 -0.163274
0.013733 -0.157781
0.009766 -0.153508
0.010071 -0.148930
0.010987 -0.141911
0.011597 -0.137944
0.008240 -0.130924
0.010071 -0.126041
0.009156 -0.120853
0.007935 -0.115055
0.004883 -0.112613
0.007324 -0.105594
0.008240 -0.098575
0.005493 -0.093997
0.007324 -0.088809
0.006104 -0.082705
0.006409 -0.077822
0.004883 -0.072024
0.005188 -0.067446
0.005799 -0.060121
0.003662 -0.055239
0.002441 -0.052492
0.003357 -0.046388
0.002441 -0.038453
0.002441 -0.032960
0.000305 -0.027467
0.003357 -0.021058
-0.002136 -0.018006
0.000000 -0.010987
-0.003357 -0.006104
-0.001831 -0.002136
-0.004273 0.003052
0.001831 0.013733
-0.000610 0.017396
-0.001831 0.021363
-0.004273 0.026246
-0.003052 0.034791
-0.007324 0.037538
-0.003357 0.043641
-0.008850 0.043641
-0.002136 0.057680
-0.007630 0.057680
-0.003357 0.067446
0.000305 0.079653
-0.006104 0.077517
-0.007630 0.084231
-0.007935 0.087588
-0.005188 0.095523
-0.008545 0.097964
-0.010987 0.103153
-0.011292 0.106510
-0.008545 0.117801
-0.010376 0.119938
-0.013123 0.121464
-0.010376 0.130924
-0.015870 0.132756
-0.012513 0.140385
-0.010681 0.145573
-0.013123 0.151677
-0.011902 0.157476
-0.012818 0.160833
-0.012818 0.168767
-0.012818 0.172735
-0.014039 0.177313
-0.018921 0.179144
-0.011902 0.193793
-0.018616 0.190130
-0.015564 0.195318
-0.015870 0.199896
-0.018006 0.206610
-0.014649 0.214240
-0.020142 0.215766
-0.015564 0.223395
-0.019227 0.227363
-0.018921 0.230415
-0.017396 0.236824
-0.019532 0.239265
-0.020142 0.245064
-0.024415 0.246895
-0.016785 0.259102
-0.024415 0.256355
-0.018616 0.264290
-0.020142 0.268563
-0.020447 0.271920
-0.023194 0.276803
-0.023194 0.279550
-0.019837 0.288705
-0.023194 0.290231
-0.024415 0.294198
-0.024110 0.296945
-0.022279 0.303659
-0.025025 0.303659
-0.027161 0.306711
-0.023499 0.314035
-0.028077 0.314951
-0.023499 0.321665
-0.025636 0.323191
-0.023804 0.330515
-0.024720 0.332957
-0.026246 0.337840
-0.024720 0.345164
-0.027161 0.343333
-0.027161 0.346385
-0.027772 0.349132
-0.021973 0.360118
-0.031434 0.354320
-0.026246 0.359203
-0.029603 0.362560
-0.028687 0.365917
-0.028382 0.369274
-0.029603 0.372326
-0.026551 0.375683
-0.029298 0.379345
-0.030824 0.380871
-0.027161 0.385144
-0.028382 0.386975
-0.029603 0.388806
-0.033876 0.387890
-0.026551 0.399487
-0.033265 0.392468
-0.028993 0.399487
-0.031129 0.403455
-0.031129 0.404065
-0.031739 0.405896
-0.032960 0.406812
-0.028687 0.412610
-0.030213 0.413221
-0.029603 0.414136
-0.034181 0.415052
-0.029298 0.419935
-0.032350 0.419019
-0.033876 0.419019
-0.033570 0.423902
-0.032960 0.422376
-0.033265 0.427869
-0.032655 0.428785
-0.031434 0.429090
-0.033876 0.428480
-0.033570 0.431532
-0.031434 0.434584
-0.031739 0.435499
-0.032655 0.433668
-0.034181 0.430921
-0.026551 0.443739
-0.032655 0.434584
-0.031434 0.440382
-0.035096 0.437635
-0.032960 0.437941
-0.033570 0.442518
-0.033265 0.439772
-0.032655 0.444044
-0.031434 0.440687
-0.033265 0.440687
-0.033265 0.442518
-0.030213 0.444655
-0.032350 0.441603
-0.036012 0.438246
-0.030519 0.444960
-0.036012 0.439161
-0.035707 0.437635
-0.033265 0.443739
-0.030824 0.441908
-0.030824 0.442518
-0.033570 0.439772
-0.028993 0.441908
-0.033265 0.439161
-0.031434 0.437635
-0.033876 0.435499
-0.028993 0.440382
-0.032655 0.434889
-0.032655 0.431532
-0.032350 0.432752
-0.033876 0.431837
-0.028993 0.432447
-0.033570 0.429395
-0.028993 0.431532
-0.031129 0.427259
-0.028993 0.426954
-0.030213 0.427869
-0.031739 0.422681
-0.028993 0.421461
-0.031129 0.416883
-0.026551 0.421766
-0.035401 0.411389
-0.028687 0.414441
-0.028382 0.413221
-0.029603 0.410169
-0.028382 0.410169
-0.029298 0.405286
-0.024720 0.405591
-0.028077 0.399487
-0.028077 0.399182
-0.028687 0.396130
-0.025025 0.395520
-0.027161 0.389721
-0.026551 0.388806
-0.026246 0.386975
-0.028687 0.383923
-0.027772 0.380566
-0.025941 0.376598
-0.023499 0.375988
-0.025636 0.372631
-0.025025 0.367443
-0.022279 0.366222
-0.025636 0.360729
-0.023804 0.360424
-0.024110 0.353710
-0.017090 0.358898
-0.024415 0.346385
-0.024110 0.345164
-0.021058 0.341197
-0.022584 0.338450
-0.022584 0.333262
-0.021668 0.330515
-0.020447 0.329600
-0.018921 0.324717
-0.019837 0.319834
-0.019227 0.317392
-0.019227 0.313120
-0.018616 0.308847
-0.021973 0.301828
-0.017090 0.303354
-0.020447 0.292062
-0.017396 0.291452
-0.017701 0.289010
-0.017090 0.284738
-0.018921 0.280770
-0.016480 0.276193
-0.012513 0.273446
-0.014344 0.267037
-0.015870 0.263070
-0.014039 0.258492
-0.008850 0.256966
-0.014039 0.249641
-0.013428 0.242927
-0.014954 0.239875
-0.014954 0.231941
-0.014344 0.229499
-0.011902 0.225532
-0.010376 0.221259
-0.010987 0.214545
-0.010376 0.210883
-0.008240 0.207221
-0.016480 0.197455
-0.010681 0.195318
-0.010071 0.192572
-0.006409 0.190435
-0.010681 0.177313
-0.005188 0.177923
-0.005799 0.169988
-0.005493 0.165410
-0.006714 0.159001
-0.006104 0.155339
-0.006409 0.151677
-0.005188 0.145573
-0.006104 0.139164
-0.004273 0.134281
-0.003052 0.131840
-0.003052 0.122684
-0.005188 0.116886
-0.003052 0.115665
-0.003357 0.106815
-0.001526 0.103458
0.000000 0.096744
-0.000610 0.091556
0.000000 0.084841
-0.001831 0.080264
0.002747 0.077822
0.000305 0.067446
0.003052 0.064394
0.003357 0.059206
0.006104 0.057985
0.001526 0.046083
0.003967 0.041505
0.004578 0.035096
0.003357 0.030213
0.003662 0.025025
0.004578 0.021058
0.007935 0.017701
0.005799 0.009461
0.007630 0.003357
0.008240 -0.001526
0.007019 -0.007630
0.007935 -0.012207
0.005188 -0.021973
0.012207 -0.019532
0.006104 -0.032655
0.011597 -0.033570
0.009156 -0.039979
0.010987 -0.044252
0.011902 -0.050356
0.010376 -0.058290
0.014344 -0.060732
0.011597 -0.069582
0.013123 -0.072939
0.011597 -0.079653
0.014344 -0.082705
0.013123 -0.090030
0.013123 -0.098270
0.016480 -0.097659
0.014039 -0.107425
0.013733 -0.110172
0.013733 -0.116886
0.016785 -0.121158
0.019227 -0.126652
0.018616 -0.134587
0.018921 -0.134892
0.017396 -0.143742
0.018921 -0.148320
0.018616 -0.153508
0.024415 -0.155339
0.019837 -0.167852
0.021668 -0.168767
0.019837 -0.175176
0.021668 -0.180059
0.021363 -0.185553
0.021668 -0.189825
0.022889 -0.192877
0.022279 -0.196539
0.021668 -0.203558
0.024415 -0.208136
0.026246 -0.212409
0.023194 -0.217597
0.021973 -0.226142
0.027772 -0.222785
0.021973 -0.236213
0.024720 -0.238350
0.024720 -0.242622
0.026551 -0.245369
0.027467 -0.251167
0.025330 -0.256355
0.030824 -0.257881
0.034791 -0.259713
0.028687 -0.267953
0.027772 -0.274361
0.028382 -0.276803
0.029298 -0.282296
0.028993 -0.285958
0.028687 -0.289010
0.028993 -0.296030
0.031434 -0.297861
0.029298 -0.303964
0.030824 -0.307016
0.031129 -0.310373
0.032655 -0.314035
0.032960 -0.317392
0.030213 -0.322275
0.032655 -0.325022
0.031434 -0.331736
0.035401 -0.329600
0.031129 -0.336924
0.035096 -0.339366
0.032960 -0.344554
0.035707 -0.347911
0.033265 -0.349132
0.032655 -0.356761
0.035707 -0.356761
0.034791 -0.359508
0.035096 -0.363475
0.033876 -0.367138
0.035707 -0.370495
0.035401 -0.372326
0.033876 -0.377209
0.037233 -0.377514
0.035401 -0.382092
0.037538 -0.380871
0.036012 -0.385144
0.037538 -0.388501
0.036622 -0.390637
0.036012 -0.394604
0.039979 -0.395215
0.035401 -0.397961
0.037538 -0.401318
0.037843 -0.403455
0.042116 -0.402539
0.035096 -0.409253
0.036622 -0.410779
0.036012 -0.410474
0.037843 -0.415052
0.036927 -0.416272
0.039369 -0.415357
0.039674 -0.417188
0.038148 -0.419630
0.039369 -0.420545
0.038148 -0.421461
0.037538 -0.424818
0.038453 -0.426344
0.038148 -0.429090
0.042421 -0.424207
0.036622 -0.433058
0.039979 -0.429395
0.039064 -0.431532
0.038453 -0.431837
0.039064 -0.433973
0.039979 -0.435804
0.039979 -0.435194
0.039979 -0.435194
0.039674 -0.436110
0.039979 -0.439467
0.040590 -0.435804
0.038453 -0.438856
0.038453 -0.440077
0.039979 -0.437635
0.040590 -0.437941
0.039369 -0.438551
0.039064 -0.440382
0.039979 -0.440077
0.037843 -0.439467
0.039369 -0.438246
0.039979 -0.436415
0.038453 -0.437635
0.036927 -0.437635
0.037233 -0.439467
0.039979 -0.435804
0.037843 -0.437941
0.039369 -0.436110
0.037233 -0.433973
0.037538 -0.433668
0.037233 -0.432142
0.037538 -0.431532
0.038453 -0.433668
0.043641 -0.425428
0.037538 -0.429701
0.039674 -0.426038
0.036012 -0.426954
0.037538 -0.425428
0.035096 -0.424818
0.042116 -0.418104
0.034486 -0.422071
0.038453 -0.419935
0.034791 -0.418409
0.035707 -0.415357
0.035707 -0.415662
0.036927 -0.410779
0.037233 -0.408643
0.039064 -0.408338
0.035096 -0.406201
0.035096 -0.403455
0.035401 -0.400098
0.034486 -0.401318
0.033876 -0.401318
0.033876 -0.393384
0.032655 -0.394299
0.030824 -0.391247
0.031434 -0.388806
0.034486 -0.383923
0.032960 -0.383007
0.034486 -0.380871
0.037233 -0.372936
0.031129 -0.372631
0.031129 -0.370495
0.030213 -0.369274
0.032044 -0.363781
0.030213 -0.363475
0.030824 -0.357982
0.031129 -0.356456
0.030519 -0.352184
0.030213 -0.349132
0.029908 -0.344859
0.024415 -0.345164
0.030519 -0.336314
0.028077 -0.334483
0.030213 -0.329905
0.028382 -0.328990
0.027772 -0.324717
0.024720 -0.323191
0.032044 -0.311899
0.026551 -0.313730
0.026551 -0.309763
0.024720 -0.304880
0.020753 -0.302744
0.025941 -0.295114
0.024110 -0.292978
0.023194 -0.288705
0.023804 -0.284433
0.023194 -0.279550
0.023804 -0.274667
0.023499 -0.270394
0.021973 -0.266732
0.021668 -0.263680
0.021668 -0.256966
0.020142 -0.255135
0.019837 -0.250252
0.022889 -0.245674
0.020753 -0.240181
0.021058 -0.234687
0.020142 -0.231330
0.021363 -0.224921
0.020753 -0.222480
0.017090 -0.216376
0.015564 -0.215766
0.017701 -0.204779
0.016175 -0.201727
0.015564 -0.200507
0.014649 -0.192877
0.013123 -0.190741
0.017701 -0.181585
0.015259 -0.178228
0.018616 -0.167852
0.014954 -0.164495
0.014344 -0.161443
0.013123 -0.155034
0.012207 -0.151372
0.014649 -0.145268
0.009766 -0.144047
0.017090 -0.126347
0.006409 -0.134892
0.011902 -0.125126
0.008545 -0.123295
0.009461 -0.115360
0.014649 -0.104678
0.009461 -0.105594
0.014039 -0.093997
0.007630 -0.093692
0.008240 -0.087588
0.003967 -0.083316
0.006104 -0.076601
0.005493 -0.071413
0.001831 -0.069582
0.006409 -0.059816
0.000000 -0.059816
0.007019 -0.046693
0.003662 -0.044557
0.006104 -0.038453
0.002747 -0.032044
0.003967 -0.028077
0.003967 -0.018921
0.000916 -0.018921
0.000610 -0.012207
-0.002747 -0.008850
0.004883 0.006104
-0.001831 0.003662
-0.001221 0.008545
-0.003967 0.013123
-0.001526 0.019227
-0.000916 0.025941
-0.003357 0.031129
-0.000916 0.041505
-0.004273 0.043336
-0.003967 0.052187
-0.003052 0.056764
-0.005799 0.061342
-0.004883 0.066225
-0.008240 0.067446
0.001221 0.083316
-0.008240 0.078738
-0.005188 0.089419
-0.006714 0.092471
-0.007935 0.097659
-0.009766 0.102847
-0.008545 0.107730
-0.005799 0.120853
-0.008240 0.119938
-0.008545 0.125431
-0.011902 0.126347
-0.010376 0.134892
-0.011292 0.139775
-0.015259 0.139470
-0.013428 0.151677
-0.019227 0.150456
-0.010987 0.163274
-0.016785 0.163274
-0.012818 0.172430
-0.015564 0.173650
-0.013428 0.181890
-0.012513 0.191046
-0.017090 0.191351
-0.014954 0.195929
-0.018921 0.198370
-0.010376 0.209967
-0.018921 0.210578
-0.018616 0.214240
-0.021058 0.217597
-0.019227 0.220954
-0.017090 0.231330
-0.017701 0.234077
-0.015870 0.243843
-0.021058 0.242927
-0.019227 0.249336
-0.019837 0.256661
-0.021973 0.258187
-0.021668 0.261238
-0.021363 0.263985
-0.014954 0.280770
-0.024720 0.271920
-0.021363 0.278939
-0.025025 0.283212
-0.022279 0.287790
-0.023804 0.290841
-0.024720 0.294198
-0.019532 0.305795
-0.021973 0.304575
-0.025025 0.308542
-0.023804 0.313120
-0.024720 0.314035
-0.024720 0.320139
-0.030213 0.320750
-0.021058 0.331126
-0.028382 0.327158
-0.021973 0.337840
-0.025636 0.339671
-0.025941 0.343028
-0.025636 0.346995
-0.028687 0.349437
-0.025636 0.353099
-0.026856 0.356456
-0.027772 0.358287
-0.028382 0.363781
-0.024110 0.367748
-0.029298 0.368358
-0.030824 0.368358
-0.028993 0.374157
-0.027161 0.376293
-0.026551 0.379040
-0.028993 0.383312
-0.025636 0.387890
-0.030519 0.389721
-0.027772 0.390637
-0.030824 0.393078
-0.029603 0.397656
-0.029298 0.399792
-0.025941 0.404675
-0.031434 0.403150
-0.028077 0.405896
-0.030824 0.406201
-0.030519 0.408948
-0.028382 0.413526
-0.030213 0.415967
-0.028993 0.415967
-0.029298 0.417188
-0.030824 0.419324
-0.029603 0.422376
-0.032350 0.421155
-0.031129 0.423597
-0.031739 0.426038
-0.032655 0.426038
-0.030824 0.427259
-0.030824 0.429395
-0.032350 0.432447
-0.030213 0.430311
-0.032655 0.432447
-0.032960 0.435194
-0.032960 0.433058
-0.032655 0.436415
-0.030519 0.436415
-0.033265 0.438246
-0.032655 0.439467
-0.031129 0.439467
-0.031129 0.438246
-0.031434 0.440687
-0.033265 0.439161
-0.031434 0.439161
-0.031739 0.439467
-0.032960 0.440687
-0.032350 0.439467
-0.031434 0.442518
-0.032655 0.440077
-0.031129 0.439161
-0.031739 0.439772
-0.033876 0.437635
-0.031739 0.439772
-0.029603 0.438246
-0.033876 0.438551
-0.031129 0.437941
-0.030519 0.438246
-0.031129 0.437635
-0.032960 0.431837
-0.031739 0.435499
-0.030213 0.434584
-0.030824 0.435194
-0.035096 0.429090
-0.029603 0.430616
-0.030213 0.431532
-0.029603 0.428785
-0.029603 0.428785
-0.030213 0.427259
-0.028993 0.425123
-0.028993 0.423902
-0.029298 0.423292
-0.031739 0.421461
-0.030519 0.419630
-0.030824 0.417188
-0.029298 0.415357
-0.028077 0.415052
-0.027772 0.412000
-0.028993 0.408948
-0.028382 0.407422
-0.026246 0.404370
-0.026551 0.403455
-0.026856 0.402234
-0.028687 0.400708
-0.026246 0.396435
-0.025941 0.394910
-0.026856 0.391858
-0.026551 0.388806
-0.026551 0.387890
-0.026551 0.386059
-0.026551 0.381787
-0.024720 0.380566
-0.025636 0.373547
-0.025025 0.373547
-0.025025 0.370495
-0.023499 0.368358
-0.023194 0.364391
-0.024110 0.360424
-0.023194 0.359203
-0.021973 0.354015
-0.023499 0.349742
-0.022279 0.348827
-0.023804 0.345164
-0.020447 0.341197
-0.021363 0.338450
-0.021973 0.335093
-0.021363 0.330515
-0.020447 0.325327
-0.019837 0.322581
-0.019532 0.320139
-0.018006 0.313425
-0.019532 0.310984
-0.019837 0.308237
-0.018921 0.303354
-0.020142 0.297861
-0.018921 0.294198
-0.015259 0.293283
-0.015259 0.285348
-0.014954 0.285958
-0.014954 0.279855
-0.017090 0.271920
-0.014649 0.271004
-0.015259 0.265206
-0.013123 0.260628
-0.014649 0.256050
-0.016785 0.247505
-0.014649 0.247200
-0.012818 0.242317
-0.011292 0.239265
-0.013123 0.235908
-0.013428 0.228584
-0.012207 0.222785
-0.011292 0.219733
-0.011902 0.212409
-0.009461 0.209967
-0.007630 0.205390
-0.007630 0.199896
-0.010071 0.192877
-0.008850 0.188910
-0.006714 0.183721
-0.011902 0.177923
-0.004883 0.177313
-0.006714 0.170293
-0.006409 0.167547
-0.006409 0.159307
-0.005799 0.155339
-0.005799 0.148625
-0.005188 0.143742
-0.003967 0.138249
-0.004273 0.133061
-0.003662 0.127873
-0.002136 0.122990
0.000916 0.120853
-0.003662 0.112308
0.000305 0.104678
-0.002136 0.101016
0.001221 0.095828
0.000305 0.092166
0.000305 0.085147
0.001221 0.078127
0.000305 0.074770
0.000610 0.069277
0.003357 0.063784
0.003357 0.057985
0.003357 0.053102
0.003662 0.045778
0.004883 0.041505
0.003662 0.034791
0.006409 0.030824
0.004578 0.024415
0.005188 0.019532
0.003662 0.012207
0.007019 0.007935
0.007935 0.001221
0.007935 -0.002136
0.007019 -0.010071
0.008240 -0.014649
0.009156 -0.019532
0.009156 -0.024720
0.010376 -0.031434
0.011597 -0.035707
0.012207 -0.041505
0.011597 -0.047914
0.012513 -0.053102
0.010376 -0.059206
0.011597 -0.066530
0.014954 -0.068972
0.012818 -0.073855
0.012513 -0.080874
0.013123 -0.086978
0.014649 -0.090945
0.016175 -0.096133
0.016175 -0.101016
0.015259 -0.106815
0.016480 -0.112613
0.017701 -0.117191
0.017396 -0.122990
0.019532 -0.126652
0.018921 -0.134587
0.018311 -0.139470
0.017701 -0.143132
0.018616 -0.151982
0.021363 -0.154424
0.019837 -0.161748
0.020753 -0.164190
0.020142 -0.169683
0.021973 -0.175787
0.021058 -0.179754
0.021973 -0.185247
0.023499 -0.191046
0.022279 -0.194098
0.022889 -0.200507
0.025941 -0.207221
0.022889 -0.209967
0.022279 -0.216071
0.023804 -0.218818
0.024720 -0.226142
0.024415 -0.228889
0.025330 -0.233772
0.025636 -0.241707
0.025941 -0.242622
0.026551 -0.245979
0.025941 -0.252388
0.028077 -0.257576
0.028077 -0.261238
0.031434 -0.264595
0.028077 -0.270699
0.030213 -0.274361
0.029908 -0.279550
0.028993 -0.282296
0.032350 -0.286569
0.028382 -0.291757
0.030519 -0.295419
0.030213 -0.299387
0.030824 -0.306406
0.029908 -0.308542
0.032350 -0.310678
0.031129 -0.315256
0.033570 -0.317392
0.032960 -0.322581
0.031434 -0.326548
0.032044 -0.331126
0.034791 -0.334178
0.033265 -0.338450
0.035401 -0.339976
0.034486 -0.345470
0.035096 -0.347606
0.033876 -0.352489
0.035707 -0.354930
0.036012 -0.357067
0.034791 -0.360118
0.035096 -0.363170
0.034791 -0.367443
0.035096 -0.369579
0.035707 -0.371105
0.036927 -0.375988
0.035707 -0.376904
0.036927 -0.382092
0.034791 -0.385144
0.037233 -0.387280
0.036012 -0.391247
0.037538 -0.391247
0.039064 -0.394604
0.039674 -0.397351
0.037233 -0.400403
0.036927 -0.399792
0.038148 -0.404981
0.038148 -0.406201
0.038148 -0.408338
0.036012 -0.410779
0.039064 -0.412915
0.038453 -0.415357
0.039064 -0.416883
0.038148 -0.419630
0.039979 -0.420545
0.037538 -0.421461
0.037843 -0.422071
0.038148 -0.426038
0.037843 -0.426954
0.039064 -0.428480
0.039064 -0.427259
0.040590 -0.429701
0.040590 -0.430616
0.037233 -0.433058
0.039369 -0.432142
0.039369 -0.433668
0.039064 -0.436720
0.040284 -0.434278
0.039369 -0.436110
0.039979 -0.435194
0.040284 -0.438551
0.039369 -0.437635
0.039064 -0.438856
0.039979 -0.438551
0.039979 -0.439772
0.041200 -0.439772
0.039064 -0.439772
0.039979 -0.438246
0.037538 -0.440687
0.039674 -0.438856
0.039369 -0.439772
0.040590 -0.438246
0.040284 -0.438551
0.037538 -0.439772
0.040590 -0.438551
0.042421 -0.433363
0.040284 -0.436415
0.039979 -0.437635
0.039979 -0.435804
0.039064 -0.436110
0.040284 -0.433973
0.039064 -0.434889
0.039064 -0.433973
0.038453 -0.430616
0.035707 -0.433363
0.039979 -0.428785
0.039064 -0.430616
0.038453 -0.426649
0.037843 -0.424818
0.037538 -0.423902
0.037233 -0.422071
0.037843 -0.420850
0.039064 -0.417493
0.036622 -0.417798
0.036927 -0.417493
0.033265 -0.419935
0.036622 -0.412610
0.035096 -0.410779
0.036927 -0.408948
0.036012 -0.406201
0.033570 -0.407727
0.035096 -0.404065
0.036927 -0.400403
0.034791 -0.397961
0.034486 -0.395215
0.033570 -0.393689
0.033265 -0.390027
0.032350 -0.388806
0.034486 -0.386059
0.032350 -0.384228
0.032655 -0.379345
0.036622 -0.375378
0.031434 -0.373241
0.030213 -0.372631
0.032350 -0.370190
0.030824 -0.364696
0.029908 -0.361950
0.029298 -0.359508
0.030213 -0.356761
0.029298 -0.354015
0.028993 -0.350352
0.029298 -0.345470
0.028993 -0.343944
0.028382 -0.339976
0.029298 -0.335398
0.028687 -0.333567
0.028993 -0.328684
0.026246 -0.324717
0.026856 -0.320444
0.027467 -0.317392
0.026246 -0.313730
0.028077 -0.308847
0.025330 -0.306101
0.027467 -0.299692
0.026856 -0.299387
0.025941 -0.293893
0.025330 -0.289315
0.024415 -0.283517
0.023499 -0.281381
0.023194 -0.275582
0.023194 -0.273446
0.022889 -0.267647
0.025941 -0.257881
0.024415 -0.258492
0.022889 -0.254219
0.018921 -0.249641
0.020142 -0.245369
0.021058 -0.240791
0.018311 -0.236213
0.020142 -0.231330
0.019227 -0.225532
0.018616 -0.221564
0.016785 -0.218513
0.016480 -0.212714
0.016175 -0.206915
0.017396 -0.202643
0.017396 -0.197455
0.017090 -0.194098
0.014954 -0.187384
0.015564 -0.183721
0.014649 -0.175787
0.012207 -0.173650
0.014649 -0.168157
0.014954 -0.163274
0.015259 -0.156560
0.014039 -0.149236
0.010681 -0.149846
0.012513 -0.142521
0.010376 -0.136723
0.010987 -0.130009
0.011597 -0.126041
0.009766 -0.122074
0.008545 -0.113529
0.008240 -0.110477
0.009461 -0.105899
0.008545 -0.098575
0.007630 -0.094302
0.007019 -0.087893
0.007630 -0.084536
0.007019 -0.077822
0.003967 -0.072024
0.005188 -0.066836
0.003967 -0.061647
0.005493 -0.056459
0.002747 -0.050966
0.004578 -0.046388
0.003967 -0.037233
0.004578 -0.032960
0.003967 -0.028077
0.002747 -0.022279
0.000610 -0.018616
0.001221 -0.013123
0.000916 -0.008850
0.003967 0.002441
-0.000610 0.005188
0.000610 0.010681
-0.001831 0.016480
-0.001526 0.021973
-0.002136 0.028077
-0.005493 0.027467
0.000305 0.041200
-0.005493 0.041200
-0.000916 0.049135
-0.003357 0.054933
-0.003357 0.060427
-0.004273 0.065310
-0.002747 0.075686
-0.002136 0.079653
-0.005188 0.080569
-0.003967 0.089724
-0.008545 0.091250
-0.004883 0.101932
-0.008545 0.101321
-0.010376 0.104373
-0.010071 0.112308
-0.014039 0.117191
-0.010071 0.125126
-0.010376 0.129093
-0.008545 0.137333
-0.007935 0.141606
-0.010987 0.145573
-0.010071 0.152898
-0.013123 0.155339
-0.012818 0.161748
-0.015259 0.165410
-0.008240 0.177007
-0.016785 0.173650
-0.014649 0.180059
-0.015259 0.186468
-0.016785 0.190130
-0.015870 0.196234
-0.016785 0.200507
-0.013123 0.211188
-0.015870 0.211493
-0.019227 0.214545
-0.017701 0.223090
-0.018921 0.225837
-0.017090 0.231635
-0.022279 0.232246
-0.015259 0.242622
-0.022584 0.242317
-0.018616 0.250252
-0.020142 0.254524
-0.018616 0.260323
-0.020142 0.263985
-0.021973 0.266121
-0.017701 0.274361
-0.022584 0.276193
-0.023194 0.280770
-0.021363 0.284127
-0.021058 0.292673
-0.024110 0.292062
-0.027161 0.292978
-0.024415 0.299997
-0.027161 0.299692
-0.024110 0.311289
-0.024415 0.312510
-0.023499 0.317392
-0.025025 0.320139
-0.024415 0.325022
-0.024415 0.329600
-0.028077 0.331736
-0.024110 0.335398
-0.028687 0.337535
-0.021363 0.348521
-0.030824 0.340281
-0.027161 0.346690
-0.028382 0.354015
-0.028993 0.352489
-0.026246 0.360729
-0.029603 0.360118
-0.025941 0.368358
-0.028687 0.368358
-0.028687 0.372021
-0.028993 0.374462
-0.026856 0.377514
-0.034791 0.375072
-0.033570 0.381176
-0.026856 0.392163
-0.032960 0.382702
-0.029298 0.390637
-0.027161 0.394910
-0.028993 0.396130
-0.028993 0.398572
-0.032350 0.399487
-0.027161 0.408338
-0.030519 0.405591
-0.032350 0.408338
-0.031129 0.409253
-0.027161 0.415967
-0.031129 0.412610
-0.035401 0.412305
-0.032960 0.417493
-0.033265 0.416578
-0.031129 0.421155
-0.033876 0.419935
-0.028993 0.426344
-0.031129 0.427869
-0.032960 0.427259
-0.031129 0.429090
-0.031434 0.430616
-0.031434 0.431227
-0.036012 0.430616
-0.027161 0.438246
-0.034181 0.432447
-0.032960 0.435499
-0.031434 0.436110
-0.035096 0.435804
-0.033265 0.437025
-0.032960 0.437635
-0.030213 0.439467
-0.037233 0.435804
-0.032655 0.440077
-0.031739 0.441298
-0.031129 0.441298
-0.031739 0.442213
-0.034791 0.439161
-0.031434 0.442518
-0.036927 0.437635
-0.031739 0.442518
-0.030824 0.441298
-0.032655 0.439772
-0.033265 0.441603
-0.032960 0.440687
-0.031129 0.442518
-0.032655 0.438246
-0.033876 0.441298
-0.033876 0.437941
-0.019532 0.450453
-0.031739 0.437025
-0.037843 0.430616
-0.033570 0.434584
-0.032655 0.433058
-0.031129 0.433668
-0.030824 0.433363
-0.028382 0.433973
-0.030824 0.430006
-0.030519 0.428785
-0.030824 0.428175
-0.030519 0.426344
-0.030824 0.426344
-0.032655 0.422071
-0.025636 0.428480
-0.031434 0.417798
-0.028382 0.419019
-0.028382 0.416883
-0.030213 0.414441
-0.029603 0.411389
-0.030213 0.411389
-0.026246 0.411084
-0.029298 0.405286
-0.027772 0.403150
-0.030519 0.403150
-0.027772 0.400098
-0.029298 0.397656
-0.030213 0.392468
-0.027161 0.393994
-0.026551 0.390637
-0.026246 0.388806
-0.025941 0.385754
-0.025636 0.381176
-0.025636 0.380566
-0.025025 0.379040
-0.022279 0.376904
-0.026246 0.371715
-0.026551 0.368053
-0.025941 0.362255
-0.019227 0.363475
-0.025636 0.356456
-0.026551 0.349437
-0.025025 0.351573
-0.025636 0.345470
-0.023194 0.344554
-0.023499 0.338755
-0.018616 0.341197
-0.024110 0.332347
-0.021668 0.331431
-0.020447 0.328379
-0.019227 0.321360
-0.019837 0.319529
-0.022584 0.312510
-0.017090 0.314646
-0.020142 0.303659
-0.018616 0.301828
-0.021973 0.295419
-0.017701 0.295419
-0.018006 0.289926
-0.017701 0.286874
-0.006714 0.293588
-0.017090 0.278024
-0.017396 0.272835
-0.016785 0.268258
-0.013428 0.265511
-0.018616 0.260323
-0.017701 0.252998
-0.014649 0.249336
-0.017701 0.244758
-0.013123 0.245064
-0.010376 0.237739
-0.011902 0.234687
-0.011902 0.227973
-0.012513 0.224311
-0.008850 0.221870
-0.010987 0.214545
-0.009766 0.209967
-0.011292 0.202948
-0.006714 0.202643
-0.012513 0.192572
-0.010987 0.186773
-0.011902 0.183721
-0.013428 0.172430
-0.007630 0.174566
-0.008240 0.166936
-0.005493 0.164495
-0.006714 0.158696
-0.005493 0.153203
-0.007630 0.150151
-0.005188 0.143437
-0.004883 0.138554
-0.005188 0.131535
0.001526 0.132756
-0.006714 0.121158
-0.003052 0.115055
-0.002747 0.111698
-0.003357 0.102847
0.000305 0.101321
-0.003357 0.095828
0.001831 0.093997
-0.001221 0.083316
0.000305 0.079653
-0.001221 0.073244
0.001221 0.070498
0.000000 0.062258
-0.002136 0.052797
0.001526 0.050661
-0.001221 0.041810
0.003052 0.041505
0.004883 0.036317
0.003662 0.031129
0.004883 0.025330
0.004578 0.017090
0.007324 0.017090
0.006104 0.008240
0.005799 0.004578
0.007019 -0.004883
0.010681 -0.005493
0.005493 -0.016785
0.005493 -0.023499
0.007630 -0.028382
0.007019 -0.035401
0.005188 -0.039674
0.008240 -0.043336
0.012513 -0.046388
0.010376 -0.054933
0.010071 -0.059816
0.012207 -0.063173
0.012818 -0.070498
0.012513 -0.074160
0.010681 -0.082095
0.014039 -0.083621
0.011597 -0.094607
0.014649 -0.097964
0.014344 -0.100711
0.014039 -0.109561
0.014954 -0.112308
0.013733 -0.117191
0.017396 -0.120853
0.016480 -0.129398
0.015564 -0.133366
0.016480 -0.140080
0.017701 -0.144353
0.018921 -0.150456
0.016785 -0.158086
0.017396 -0.163274
0.017396 -0.167241
0.020753 -0.170904
0.020753 -0.176092
0.021058 -0.180059
0.020753 -0.186773
0.021363 -0.191046
0.023194 -0.195013
0.021973 -0.201727
0.021973 -0.205695
0.021973 -0.210273
0.027467 -0.210273
0.023194 -0.222785
0.020753 -0.227668
0.022279 -0.231635
0.023194 -0.237129
0.025330 -0.237129
0.024110 -0.243843
0.027772 -0.247200
0.024720 -0.252388
0.027772 -0.256355
0.025941 -0.262154
0.027772 -0.266121
0.028077 -0.268868
0.025636 -0.276498
0.032350 -0.275582
0.024110 -0.285043
0.030213 -0.288400
0.030519 -0.291147
0.030213 -0.297250
0.028687 -0.300607
0.029908 -0.304575
0.032960 -0.306101
0.029298 -0.313120
0.031434 -0.316172
0.030824 -0.320139
0.030213 -0.324107
0.032655 -0.328990
0.028687 -0.333262
0.031434 -0.335704
0.029908 -0.339976
0.031434 -0.342418
0.033876 -0.343944
0.033876 -0.346690
0.032960 -0.352794
0.033265 -0.357067
0.031434 -0.358592
0.033265 -0.362560
0.032350 -0.365612
0.033570 -0.366222
0.037843 -0.368358
0.033570 -0.373241
0.032350 -0.379650
0.035401 -0.378735
0.034486 -0.383007
0.035707 -0.386670
0.036622 -0.388806
0.037843 -0.389111
0.036012 -0.393384
0.035096 -0.395520
0.039064 -0.396435
0.037538 -0.400098
0.038148 -0.401929
0.036622 -0.407727
0.036927 -0.406507
0.034486 -0.411084
0.039064 -0.411695
0.039369 -0.411084
0.037538 -0.413526
0.037233 -0.415357
0.038148 -0.419019
0.039064 -0.417188
0.038453 -0.421766
0.037843 -0.423597
0.037843 -0.425428
0.039674 -0.422987
0.036622 -0.428785
0.036012 -0.432142
0.035096 -0.432752
0.036622 -0.433363
0.038453 -0.431837
0.038148 -0.433973
0.039674 -0.432752
0.039064 -0.433363
0.039064 -0.435194
0.037538 -0.436110
0.039064 -0.438246
0.039674 -0.436110
0.039674 -0.438551
0.044557 -0.434889
0.037843 -0.440382
0.039369 -0.440992
0.039369 -0.438246
0.040590 -0.439772
0.038148 -0.442824
0.038148 -0.440687
0.039064 -0.439772
0.036622 -0.439772
0.037233 -0.438246
0.037233 -0.439467
0.036927 -0.442518
0.035707 -0.438856
0.035707 -0.441603
0.037233 -0.438246
0.037233 -0.440077
0.039064 -0.437330
0.037538 -0.436110
0.037843 -0.433973
0.038453 -0.434278
0.036012 -0.433668
0.037233 -0.430616
0.042116 -0.426954
0.038453 -0.431532
0.037233 -0.429701
0.041505 -0.424512
0.036622 -0.427564
0.035096 -0.428480
0.036927 -0.425428
0.034791 -0.422071
0.035401 -0.419630
0.037233 -0.419019
0.037843 -0.414747
0.035707 -0.415357
0.033570 -0.412915
0.035096 -0.410779
0.035096 -0.408032
0.036012 -0.408032
0.033876 -0.406201
0.034791 -0.399792
0.032044 -0.402234
0.032960 -0.398877
0.032655 -0.395825
0.034486 -0.393689
0.032044 -0.390637
0.032655 -0.390942
0.034791 -0.385449
0.033265 -0.383312
0.031129 -0.381481
0.031129 -0.379040
0.032044 -0.375072
0.031434 -0.372326
0.029298 -0.370190
0.028687 -0.365307
0.028687 -0.361644
0.032044 -0.361034
0.033570 -0.353404
0.031434 -0.352489
0.029298 -0.349742
0.028687 -0.346080
0.027467 -0.342723
0.027467 -0.342112
0.028687 -0.336619
0.028382 -0.331431
0.030824 -0.323191
0.025941 -0.326853
0.024110 -0.320139
0.026856 -0.318308
0.025941 -0.314341
0.024720 -0.311899
0.022889 -0.306711
0.017396 -0.305490
0.023804 -0.298471
0.023804 -0.293588
0.022889 -0.290536
0.021973 -0.284433
0.022279 -0.278329
0.021973 -0.277108
0.021973 -0.273141
0.021668 -0.268563
0.020142 -0.263985
0.023194 -0.257576
0.021668 -0.252998
0.021973 -0.249336
0.019532 -0.246590
0.019532 -0.242012
0.019227 -0.235908
0.016785 -0.232551
0.017396 -0.227668
0.019227 -0.218818
0.015564 -0.217902
0.013733 -0.214240
0.015259 -0.206915
0.015259 -0.204169
0.015564 -0.198675
0.016175 -0.191656
0.015259 -0.187689
0.014649 -0.183111
0.012818 -0.179754
0.013733 -0.171819
0.014344 -0.167241
0.012513 -0.164190
0.010681 -0.159001
0.019532 -0.143437
0.007019 -0.150151
0.010071 -0.141606
0.008240 -0.139470
0.009461 -0.130924
0.010681 -0.125126
0.007935 -0.122074
0.012818 -0.108341
0.003967 -0.112613
0.007324 -0.103763
0.005188 -0.100406
0.006104 -0.092166
0.007630 -0.087283
0.003662 -0.085452
0.008240 -0.074160
0.000000 -0.073244
0.007019 -0.062868
0.003052 -0.061953
0.006104 -0.053407
0.004883 -0.048524
-0.000916 -0.049745
0.003967 -0.035096
-0.000610 -0.033876
0.000305 -0.029298
-0.001526 -0.024720
0.005493 -0.010071
0.000305 -0.011292
-0.001831 -0.008850
-0.003357 -0.001526
-0.003967 0.003967
0.005188 0.018921
-0.004273 0.014039
0.001831 0.026551
-0.003357 0.028993
-0.002747 0.035096
-0.006409 0.037843
-0.005188 0.043641
-0.003357 0.050356
-0.007630 0.052187
0.001221 0.070193
-0.011902 0.061953
-0.005799 0.072024
-0.010071 0.074770
-0.007935 0.080874
-0.008850 0.089419
-0.007935 0.092166
-0.005493 0.103458
-0.009461 0.102847
-0.009461 0.109867
-0.010376 0.115055
-0.010071 0.119327
-0.009461 0.125736
-0.017396 0.125736
-0.008545 0.140690
-0.015870 0.137333
-0.010071 0.148930
-0.014649 0.150456
-0.010681 0.159307
-0.013428 0.161138
-0.013428 0.166326
-0.012207 0.177007
-0.016480 0.177007
-0.015564 0.182806
-0.018921 0.184027
-0.012818 0.196539
-0.017090 0.198370
-0.021363 0.197760
-0.020142 0.204169
-0.021668 0.206305
-0.014039 0.220038
-0.018616 0.220344
-0.015564 0.231330
-0.018006 0.231330
-0.018006 0.238044
-0.016480 0.244453
-0.019227 0.244453
-0.020142 0.250862
-0.023194 0.252388
-0.014344 0.267647
-0.024110 0.262154
-0.022584 0.267953
-0.025941 0.272530
-0.024110 0.275277
-0.023194 0.281075
-0.025636 0.283517
-0.017701 0.295114
-0.024110 0.291452
-0.022584 0.299692
-0.026856 0.302438
-0.025636 0.305795
-0.025025 0.312510
-0.027772 0.309153
-0.021363 0.322886
-0.030213 0.319224
-0.024415 0.326548
-0.028993 0.327158
-0.026551 0.333872
-0.026246 0.336314
-0.025941 0.339061
-0.023804 0.347606
-0.027772 0.349437
-0.026246 0.351268
-0.031129 0.354015
-0.027772 0.357677
-0.028993 0.360729
-0.030213 0.364696
-0.029298 0.367443
-0.029603 0.370190
-0.033265 0.370495
-0.029298 0.376293
-0.029298 0.378735
-0.028687 0.381787
-0.029603 0.384838
-0.030213 0.388195
-0.030519 0.390332
-0.030213 0.393994
-0.031129 0.394910
-0.029298 0.399487
-0.032350 0.397656
-0.030824 0.404065
-0.032655 0.405286
-0.031434 0.408643
-0.031129 0.408948
-0.031739 0.410169
-0.032655 0.412000
-0.030824 0.414747
-0.032655 0.415662
-0.033876 0.419324
-0.033570 0.419630
-0.031739 0.423597
-0.031739 0.424512
-0.032655 0.427259
-0.031129 0.426344
-0.032655 0.428480
-0.031434 0.431227
-0.033876 0.432752
-0.033265 0.433058
-0.034791 0.431837
-0.033570 0.434889
-0.032655 0.435804
-0.034791 0.437330
-0.038148 0.433668
-0.033570 0.439467
-0.035096 0.439467
-0.034181 0.437941
-0.033570 0.442213
-0.032655 0.442213
-0.032960 0.441908
-0.033570 0.440687
-0.032350 0.440687
-0.032960 0.442213
-0.032655 0.441908
-0.033265 0.441603
-0.034791 0.442824
-0.032350 0.442518
-0.032655 0.443129
-0.033570 0.442824
-0.033265 0.443739
-0.033265 0.441298
-0.031434 0.441908
-0.035401 0.439467
-0.031434 0.441603
-0.032655 0.441603
-0.035096 0.437941
-0.032655 0.438246
-0.032960 0.437330
-0.032960 0.435804
-0.030824 0.435194
-0.033570 0.434584
-0.032960 0.434584
-0.030519 0.431837
-0.031129 0.430616
-0.030519 0.431227
-0.031129 0.429090
-0.031434 0.428785
-0.029298 0.426649
-0.029603 0.425123
-0.030213 0.422376
-0.032960 0.422071
-0.028993 0.419630
-0.029298 0.418714
-0.027772 0.417493
-0.031434 0.412610
-0.028993 0.412000
-0.030519 0.412000
-0.031434 0.408338
-0.028077 0.404675
-0.028993 0.403150
-0.029603 0.402234
-0.026856 0.401013
-0.028687 0.395215
-0.027772 0.394299
-0.029298 0.390637
-0.028382 0.388501
-0.027772 0.385449
-0.027772 0.383618
-0.027161 0.379650
-0.024110 0.377209
-0.024415 0.374157
-0.024415 0.371410
-0.026551 0.368969
-0.024110 0.365917
-0.023194 0.363170
-0.023804 0.358898
-0.023804 0.356456
-0.024720 0.353404
-0.023804 0.349437
-0.024415 0.344554
-0.023499 0.340587
-0.023499 0.337840
-0.021973 0.336314
-0.022279 0.330821
-0.023194 0.327769
-0.023499 0.323801
-0.019837 0.319834
-0.020447 0.315561
-0.021363 0.313425
-0.020142 0.309153
-0.019837 0.305185
-0.020447 0.299081
-0.018616 0.296030
-0.021668 0.289315
-0.018006 0.288095
-0.018921 0.283822
-0.016480 0.279550
-0.017701 0.274361
-0.017396 0.269784
-0.015259 0.266427
-0.017396 0.260323
-0.015564 0.257271
-0.015870 0.251473
-0.014039 0.248421
-0.014039 0.244453
-0.015870 0.239875
-0.014039 0.236824
-0.016480 0.227363
-0.011292 0.224616
-0.010071 0.220344
-0.012818 0.214240
-0.011902 0.208441
-0.010681 0.205084
-0.008545 0.201422
-0.010376 0.195929
-0.010376 0.191351
-0.010987 0.184942
-0.007630 0.180364
-0.010071 0.175481
-0.007324 0.169988
-0.009766 0.165410
-0.006409 0.159612
-0.007630 0.154729
-0.004883 0.149541
-0.006104 0.144353
-0.006409 0.139164
-0.005188 0.132756
-0.004883 0.128178
-0.005799 0.123905
-0.005799 0.115665
-0.002136 0.112003
-0.001526 0.107120
-0.001526 0.101016
-0.003052 0.097659
-0.003052 0.090030
-0.002136 0.086062
0.000000 0.080569
-0.000916 0.076296
-0.001526 0.067141
0.001526 0.065004
0.002441 0.057680
0.001526 0.053713
0.000610 0.047609
0.001526 0.040284
0.002441 0.036927
0.004578 0.028687
0.004578 0.025941
0.005188 0.020753
0.006104 0.012818
0.006104 0.009156
0.004883 0.002441
0.004883 -0.002136
0.007630 -0.008240
0.007935 -0.012207
0.007935 -0.020753
0.007935 -0.024110
0.010376 -0.028993
0.005799 -0.036012
0.008545 -0.042116
0.007935 -0.046999
0.010681 -0.050966
0.011902 -0.057070
0.010376 -0.062563
0.010376 -0.069582
0.010376 -0.075076
0.010987 -0.081179
0.013733 -0.084231
0.014039 -0.090335
0.014954 -0.096438
0.014039 -0.101016
0.017090 -0.106204
0.013733 -0.114750
0.014344 -0.116276
0.016785 -0.120853
0.014954 -0.127873
0.017701 -0.133061
0.015259 -0.140690
0.017701 -0.142216
0.016480 -0.148015
0.018616 -0.153508
0.019532 -0.157476
0.019837 -0.163884
0.019532 -0.171209
0.020753 -0.173345
0.020142 -0.179144
0.019837 -0.187689
0.020142 -0.189520
0.021363 -0.194098
0.023804 -0.199896
0.024110 -0.204169
0.021973 -0.211188
0.024720 -0.212409
0.021363 -0.219428
0.024720 -0.222785
0.023499 -0.228889
0.024415 -0.233467
0.022279 -0.240791
0.024415 -0.242622
0.025941 -0.246590
0.024720 -0.251167
0.025330 -0.256966
0.026551 -0.259102
0.028382 -0.266427
0.026246 -0.269173
0.027772 -0.274361
0.028993 -0.277718
0.028382 -0.281991
0.028687 -0.286264
0.028077 -0.289315
0.030824 -0.296030
0.028382 -0.297861
0.030213 -0.303964
0.028993 -0.304270
0.035707 -0.304880
0.029298 -0.315561
0.032350 -0.317698
0.032350 -0.320750
0.032044 -0.326548
0.028077 -0.333262
0.030824 -0.334178
0.033265 -0.336314
0.032350 -0.341502
0.031434 -0.344554
0.032655 -0.345775
0.030213 -0.353404
0.032044 -0.354320
0.032044 -0.356761
0.031434 -0.359508
0.033876 -0.361950
0.032960 -0.368053
0.033265 -0.369579
0.034486 -0.371105
0.033876 -0.374767
0.034486 -0.379955
0.034791 -0.380566
0.032960 -0.383923
0.034791 -0.386364
0.035401 -0.388501
0.034791 -0.392163
0.038148 -0.395215
0.039979 -0.394910
0.037538 -0.397656
0.035707 -0.401013
0.036622 -0.403455
0.036012 -0.405896
0.035707 -0.408338
0.036012 -0.409558
0.036012 -0.411084
0.036012 -0.413831
0.037233 -0.416883
0.037538 -0.419324
0.036927 -0.417798
0.038148 -0.420545
0.037843 -0.422681
0.038453 -0.422987
0.037233 -0.424512
0.037538 -0.426344
0.038453 -0.427564
0.036622 -0.430921
0.038148 -0.428785
0.036927 -0.431837
0.037538 -0.433058
0.037233 -0.433668
0.037843 -0.433058
0.039064 -0.435804
0.037843 -0.436415
0.038148 -0.437635
0.038453 -0.438246
0.038148 -0.438551
0.039064 -0.437330
0.037233 -0.439772
0.039064 -0.439467
0.037233 -0.437941
0.039674 -0.439772
0.037538 -0.440077
0.038148 -0.440687
0.038148 -0.440687
0.037843 -0.438856
0.038148 -0.439467
0.037843 -0.438551
0.039674 -0.436415
0.038148 -0.437635
0.038453 -0.436720
0.039064 -0.438246
0.038148 -0.435499
0.036622 -0.438246
0.037538 -0.435194
0.036927 -0.437330
0.036927 -0.434889
0.037843 -0.432752
0.035096 -0.433058
0.035096 -0.434278
0.036012 -0.430311
0.035707 -0.428480
0.036012 -0.428175
0.035707 -0.427259
0.036622 -0.424512
0.038148 -0.422376
0.035707 -0.422071
0.035707 -0.420240
0.033570 -0.419019
0.034791 -0.416272
0.029908 -0.419935
0.033570 -0.413831
0.034486 -0.411695
0.035707 -0.408032
0.032655 -0.407727
0.033265 -0.403760
0.032960 -0.403455
0.033876 -0.400403
0.034486 -0.399792
0.032350 -0.397046
0.033570 -0.393078
0.032350 -0.390027
0.032350 -0.388195
0.030824 -0.386059
0.030824 -0.383312
0.030519 -0.379650
0.028687 -0.379345
0.032044 -0.375072
0.029908 -0.372021
0.031129 -0.369579
0.029298 -0.365307
0.029908 -0.364086
0.028687 -0.358592
0.029298 -0.357982
0.028993 -0.352489
0.028687 -0.351878
0.028382 -0.346995
0.021668 -0.350658
0.027467 -0.339366
0.028077 -0.334788
0.026551 -0.331431
0.028077 -0.328684
0.027772 -0.325327
0.025330 -0.320444
0.026551 -0.316782
0.025330 -0.313425
0.026246 -0.309153
0.022889 -0.306101
0.025330 -0.300607
0.025330 -0.298166
0.023194 -0.293588
0.023194 -0.288095
0.023499 -0.284433
0.023194 -0.281686
0.022279 -0.277413
0.021363 -0.271920
0.021363 -0.268868
0.021668 -0.263985
0.021058 -0.259713
0.020142 -0.255135
0.019227 -0.251778
0.019532 -0.244758
0.019532 -0.242927
0.018311 -0.237129
0.018616 -0.231635
0.017396 -0.227973
0.017396 -0.222785
0.017701 -0.216681
0.017396 -0.210883
0.015564 -0.206305
0.014954 -0.202338
0.014039 -0.198065
0.015564 -0.192877
0.014344 -0.188604
0.014039 -0.182806
0.015259 -0.177618
0.013123 -0.172735
0.014649 -0.164495
0.011902 -0.162664
0.011902 -0.158086
0.012513 -0.151982
0.009766 -0.147710
0.009766 -0.142521
0.009766 -0.136113
0.010376 -0.131840
0.007630 -0.125736
0.008240 -0.119327
0.007630 -0.114750
0.005799 -0.113834
0.006409 -0.104678
0.006409 -0.098880
0.009156 -0.093692
0.007935 -0.089419
0.007630 -0.081179
0.005799 -0.078433
0.005493 -0.072024
0.004883 -0.066225
0.003052 -0.060427
0.004578 -0.054018
-0.002136 -0.052492
0.003357 -0.041505
0.001221 -0.039064
0.001831 -0.033570
0.001526 -0.027772
0.000305 -0.023804
0.000305 -0.015259
0.000916 -0.012207
-0.000916 -0.003967
0.000305 0.000305
-0.001831 0.004883
-0.000916 0.011597
-0.005188 0.011597
0.000305 0.027161
-0.005493 0.024415
-0.002136 0.035401
-0.003357 0.040284
-0.005493 0.046388
-0.004883 0.050050
-0.006104 0.053713
-0.001526 0.063784
-0.005188 0.068056
-0.006409 0.071718
-0.008240 0.077517
-0.004273 0.086062
-0.008240 0.087283
-0.012207 0.090640
-0.008240 0.101321
-0.010681 0.101932
-0.010071 0.110172
-0.010987 0.115970
-0.010987 0.122684
-0.009766 0.126041
-0.010987 0.130924
-0.011292 0.138554
-0.011902 0.141301
-0.012207 0.146489
-0.015870 0.148320
-0.007630 0.165410
-0.015259 0.160833
-0.014344 0.167852
-0.015564 0.171209
-0.014039 0.177618
-0.015259 0.182501
-0.015259 0.187994
-0.015870 0.192572
-0.017396 0.197455
-0.017090 0.201422
-0.017396 0.208441
-0.021668 0.211188
-0.018921 0.216681
-0.021363 0.219123
-0.015259 0.227668
-0.021363 0.229804
-0.018921 0.234993
-0.019227 0.241096
-0.019837 0.245064
-0.020142 0.250252
-0.015870 0.259407
-0.019227 0.264290
-0.019532 0.265206
-0.018921 0.270699
-0.021058 0.272530
-0.018616 0.280770
-0.024415 0.279855
-0.026551 0.283822
-0.024720 0.287790
-0.022279 0.295419
-0.025941 0.299081
-0.025025 0.300607
-0.024720 0.306711
-0.025636 0.309153
-0.024720 0.315256
-0.023499 0.319224
-0.024415 0.322275
-0.025636 0.326243
-0.028993 0.325938
-0.021668 0.339671
-0.030213 0.334178
-0.025636 0.340587
-0.028077 0.342723
-0.027772 0.347606
-0.027772 0.350963
-0.029298 0.353099
-0.026246 0.360424
-0.026246 0.360729
-0.028993 0.363781
-0.029603 0.366832
-0.029298 0.370495
-0.031129 0.372021
-0.032655 0.372631
-0.029298 0.380261
-0.032655 0.379040
-0.029298 0.386059
-0.029603 0.388806
-0.031129 0.389721
-0.028687 0.393994
-0.030824 0.396435
-0.028382 0.401929
-0.030519 0.401318
-0.032350 0.401013
-0.031739 0.403150
-0.026551 0.414136
-0.032350 0.406812
-0.033265 0.410169
-0.032960 0.413221
-0.033876 0.414136
-0.031434 0.415662
-0.032655 0.416883
-0.029603 0.422071
-0.032655 0.422376
-0.031434 0.424512
-0.031434 0.426649
-0.032655 0.427259
-0.031739 0.429395
-0.034791 0.426038
-0.028993 0.433668
-0.035707 0.427869
-0.033265 0.433668
-0.030213 0.436110
-0.032350 0.437025
-0.032655 0.436110
-0.033265 0.435804
-0.030213 0.440687
-0.035096 0.438246
-0.032350 0.440077
-0.035096 0.441298
-0.029298 0.445875
-0.033570 0.441908
-0.032655 0.440687
-0.032655 0.442824
-0.034181 0.441298
-0.035096 0.441908
-0.032960 0.443129
-0.032655 0.444655
-0.031434 0.442824
-0.033265 0.441298
-0.030213 0.444655
-0.031739 0.441298
-0.032655 0.443129
-0.035401 0.437635
-0.027772 0.448622
-0.033265 0.439161
-0.031129 0.438551
-0.032960 0.440077
-0.033570 0.437025
-0.031739 0.437635
-0.034181 0.437025
-0.031129 0.437941
-0.031129 0.437941
-0.030824 0.435194
-0.033570 0.433668
-0.029603 0.433058
-0.032350 0.431227
-0.033265 0.425733
-0.028687 0.431532
-0.030519 0.424818
-0.030213 0.426344
-0.028687 0.422376
-0.028382 0.424818
-0.031739 0.418104
-0.029298 0.419019
-0.028382 0.419630
-0.028382 0.415052
-0.028993 0.411084
-0.028993 0.408643
-0.025025 0.412610
-0.032350 0.400708
-0.028687 0.402234
-0.028687 0.400708
-0.025025 0.399792
-0.030519 0.396130
-0.028077 0.394910
-0.026856 0.392163
-0.026856 0.389721
-0.026551 0.385754
-0.024720 0.385754
-0.026856 0.382702
-0.027161 0.375072
-0.028382 0.373547
-0.019837 0.378124
-0.025941 0.366832
-0.022584 0.365612
-0.024110 0.363475
-0.025636 0.358898
-0.023194 0.355846
-0.024415 0.353099
-0.020142 0.353099
-0.023499 0.346385
-0.024720 0.339671
-0.021973 0.339671
-0.019837 0.336619
-0.020142 0.332041
-0.023499 0.324717
-0.018921 0.325938
-0.021973 0.318308
-0.019227 0.316477
-0.019837 0.312510
-0.018921 0.309153
-0.019227 0.304880
-0.019227 0.301523
-0.017090 0.300302
-0.019532 0.292978
-0.018616 0.288400
-0.018006 0.282296
-0.010987 0.284738
-0.017090 0.275277
-0.018616 0.272530
-0.015564 0.269478
-0.014649 0.260933
-0.016480 0.255745
-0.015564 0.252693
-0.014344 0.250862
-0.014954 0.245979
-0.013428 0.239875
-0.013123 0.235603
-0.010681 0.231941
-0.011292 0.226447
-0.013428 0.218818
-0.007324 0.220038
-0.015564 0.208747
-0.008850 0.207526
-0.009461 0.202643
-0.008240 0.196539
-0.010987 0.191046
-0.010376 0.184637
-0.006409 0.184027
-0.007935 0.175176
-0.005799 0.172124
-0.006714 0.166936
-0.004883 0.161748
-0.007630 0.154729
-0.007935 0.149846
-0.006104 0.144963
-0.006104 0.136418
-0.005799 0.136113
-0.003052 0.129398
-0.003357 0.122990
-0.003052 0.119938
-0.001526 0.114444
-0.000916 0.110477
-0.001526 0.104984
-0.001831 0.096744
-0.002136 0.090030
0.003967 0.093081
-0.003052 0.079958
0.000916 0.075076
0.000305 0.071108
0.002441 0.064699
0.003052 0.061342
0.002441 0.052797
0.006104 0.050356
0.002747 0.041505
0.002441 0.037538
0.004578 0.033570
0.005188 0.025636
0.003967 0.019837
0.002441 0.012513
0.008545 0.013733
0.004578 0.002441
0.007935 -0.001526
0.010376 -0.006714
0.009156 -0.012513
0.008545 -0.016785
0.008240 -0.023499
0.010681 -0.027467
0.008240 -0.033265
0.009461 -0.039064
0.010987 -0.046693
0.016175 -0.045778
0.011597 -0.059206
0.011597 -0.063173
0.010987 -0.067141
0.012207 -0.075076
0.011902 -0.079653
0.014039 -0.084536
0.013733 -0.089419
0.014344 -0.094607
0.011902 -0.103153
0.016480 -0.103458
0.015564 -0.112003
0.016785 -0.115360
0.014954 -0.125126
0.021058 -0.123600
0.015259 -0.135502
0.020753 -0.134892
0.019532 -0.141301
0.020142 -0.145268
0.017701 -0.153508
0.017090 -0.160222
0.024415 -0.159307
0.020142 -0.168157
0.019532 -0.173956
0.020753 -0.178228
0.023194 -0.182806
0.022279 -0.188910
0.018616 -0.195624
0.024720 -0.196844
0.020142 -0.206610
0.023804 -0.208747
0.027772 -0.209967
0.024415 -0.216987
0.023499 -0.220954
0.027467 -0.222785
0.027467 -0.230415
0.024720 -0.236824
0.024415 -0.241096
0.024415 -0.247505
0.030213 -0.244148
0.024110 -0.256966
0.026856 -0.260933
0.026246 -0.263375
0.029908 -0.269173
0.026551 -0.273446
0.028687 -0.274972
0.028993 -0.280160
0.025636 -0.285958
0.029298 -0.289010
0.029908 -0.293283
0.031434 -0.300302
0.031434 -0.300912
0.028687 -0.308847
0.032960 -0.306406
0.029908 -0.318003
0.032655 -0.318003
0.031434 -0.321665
0.033876 -0.324412
0.030519 -0.332347
0.032960 -0.333262
0.035096 -0.335704
0.032960 -0.338755
0.032655 -0.340892
0.032960 -0.347301
0.035707 -0.347606
0.033570 -0.354320
0.034791 -0.354930
0.035096 -0.360118
0.035401 -0.361950
0.036012 -0.366222
0.034791 -0.369274
0.035707 -0.371105
0.035707 -0.373852
0.035096 -0.377514
0.037538 -0.379955
0.037233 -0.383618
0.036622 -0.386364
0.033570 -0.390637
0.039064 -0.387585
0.033570 -0.395825
0.036622 -0.394299
0.037843 -0.397656
0.037233 -0.397961
0.037843 -0.403150
0.036927 -0.406812
0.039674 -0.404675
0.037538 -0.408338
0.037538 -0.411084
0.036927 -0.414441
0.039674 -0.413831
0.038148 -0.418104
0.034791 -0.420240
0.039369 -0.418409
0.036622 -0.424207
0.037538 -0.422987
0.039369 -0.425123
0.039369 -0.424818
0.038453 -0.425428
0.037843 -0.429395
0.039369 -0.426344
0.039369 -0.431227
0.038453 -0.432142
0.036622 -0.433058
0.040284 -0.430921
0.039064 -0.435194
0.041200 -0.433973
0.040284 -0.435194
0.039674 -0.436415
0.040284 -0.436415
0.039064 -0.439467
0.043641 -0.433668
0.039369 -0.437941
0.040284 -0.437941
0.040590 -0.438856
0.042116 -0.438856
0.038453 -0.438551
0.037233 -0.439772
0.039674 -0.436110
0.037843 -0.440992
0.039674 -0.437941
0.039979 -0.436720
0.038453 -0.437941
0.039674 -0.437941
0.039064 -0.437635
0.039674 -0.436110
0.038148 -0.435194
0.038453 -0.435194
0.036622 -0.435499
0.042421 -0.429701
0.037538 -0.432142
0.039674 -0.430311
0.037538 -0.429395
0.037843 -0.428480
0.037233 -0.427564
0.036622 -0.427564
0.036012 -0.424207
0.036012 -0.422071
0.038148 -0.422376
0.037538 -0.419630
0.037233 -0.419019
0.034486 -0.419019
0.035096 -0.417188
0.038453 -0.411389
0.032960 -0.414747
0.036012 -0.409253
0.034486 -0.409558
0.036622 -0.405591
0.032044 -0.408643
0.034791 -0.399487
0.034486 -0.397961
0.033265 -0.395215
0.033265 -0.395215
0.032960 -0.392163
0.030213 -0.391858
0.034791 -0.384533
0.030824 -0.385754
0.033876 -0.382092
0.031434 -0.382397
0.036012 -0.374462
0.032350 -0.372936
0.028687 -0.370800
0.031129 -0.367748
0.032044 -0.364086
0.032655 -0.361034
0.030824 -0.359508
0.030519 -0.355235
0.029298 -0.352184
0.032350 -0.345470
0.028382 -0.347911
0.027772 -0.341197
0.028993 -0.339061
0.028382 -0.334483
0.026856 -0.331431
0.027467 -0.327464
0.028077 -0.324412
0.028993 -0.319529
0.027467 -0.316477
0.028687 -0.311594
0.025330 -0.308542
0.024415 -0.305490
0.023804 -0.303659
0.025330 -0.294504
0.023499 -0.293283
0.024415 -0.288705
0.025636 -0.284433
0.023499 -0.279244
0.023194 -0.275582
0.022889 -0.272225
0.023499 -0.265511
0.023499 -0.259713
0.022889 -0.256966
0.021668 -0.253304
0.019532 -0.249336
0.019837 -0.244148
0.019532 -0.239570
0.018921 -0.235298
0.017701 -0.230110
0.018921 -0.224616
0.019532 -0.220344
0.018921 -0.216376
0.018921 -0.208747
0.015564 -0.205695
0.016175 -0.202948
0.017090 -0.195929
0.016480 -0.192267
0.014039 -0.189520
0.021363 -0.172735
0.012513 -0.178228
0.017090 -0.171209
0.012818 -0.167241
0.010987 -0.164495
0.010376 -0.157781
0.020753 -0.140996
0.017396 -0.141301
0.008545 -0.141911
0.013733 -0.132450
0.009461 -0.130924
0.010071 -0.122990
0.007935 -0.120243
0.006409 -0.118412
0.009461 -0.107425
0.006409 -0.108036
0.010987 -0.094913
0.009461 -0.090335
0.009156 -0.086673
0.007630 -0.081179
0.008240 -0.075076
0.009461 -0.067446
0.007019 -0.066530
0.005493 -0.061037
0.000305 -0.058596
0.009766 -0.043336
0.000610 -0.045167
0.005799 -0.036622
-0.001221 -0.036622
0.000916 -0.029298
0.000916 -0.022279
0.000305 -0.018921
0.004883 -0.007324
0.001221 -0.005799
0.001221 0.000916
-0.001831 0.005493
0.001831 0.012513
-0.001221 0.017701
-0.006714 0.018311
0.003052 0.032960
-0.008545 0.031739
0.000916 0.043031
-0.002136 0.043947
-0.001526 0.050356
-0.003967 0.056154
-0.005188 0.061647
-0.000610 0.070803
-0.004273 0.073244
-0.006409 0.074770
-0.010376 0.080874
-0.002747 0.089114
-0.007324 0.092166
-0.012818 0.091861
-0.010681 0.103763
-0.010681 0.105594
-0.005493 0.117191
-0.006714 0.120853
-0.005799 0.128483
-0.006714 0.134281
-0.011902 0.133976
-0.010376 0.143437
-0.010071 0.147710
-0.010681 0.152898
-0.013428 0.155339
-0.004883 0.169988
-0.015259 0.162969
-0.013123 0.172735
-0.015564 0.173650
-0.015564 0.179449
-0.014039 0.188604
-0.016480 0.190741
-0.010681 0.201422
-0.015870 0.200507
-0.014954 0.207526
-0.015870 0.210883
-0.017701 0.218818
-0.016480 0.221870
-0.021363 0.220344
-0.021058 0.229804
-0.021973 0.230415
-0.017396 0.241707
-0.018616 0.245674
-0.016480 0.251778
-0.019532 0.256355
-0.020447 0.258187
-0.017090 0.267647
-0.020142 0.267342
-0.020142 0.273446
-0.024415 0.274361
-0.015870 0.286569
-0.023804 0.283212
-0.021973 0.288095
-0.024415 0.290841
-0.025941 0.297250
-0.021363 0.302744
-0.025025 0.303659
-0.019227 0.315561
-0.025025 0.311594
-0.023499 0.317087
-0.024720 0.321360
-0.025636 0.325022
-0.023499 0.328684
-0.029298 0.328379
-0.021973 0.342112
-0.027161 0.336619
-0.025636 0.344554
-0.025025 0.345470
-0.026246 0.349132
-0.028077 0.353099
-0.027772 0.355541
-0.028993 0.359813
-0.028077 0.362255
-0.028382 0.365307
-0.028077 0.369884
-0.028382 0.372326
-0.026856 0.378124
-0.028993 0.378430
-0.026856 0.379650
-0.028993 0.383007
-0.028993 0.384838
-0.028993 0.388806
-0.028077 0.393994
-0.029298 0.392773
-0.029603 0.397046
-0.030213 0.398572
-0.028382 0.402844
-0.030519 0.404065
-0.031129 0.405896
-0.031129 0.408338
-0.032655 0.409864
-0.031129 0.410474
-0.030519 0.415357
-0.029603 0.416883
-0.031129 0.417798
-0.031129 0.419019
-0.030824 0.422376
-0.035707 0.418104
-0.031434 0.423597
-0.032655 0.424207
-0.031434 0.427869
-0.032655 0.429090
-0.033876 0.427259
-0.031129 0.431532
-0.032655 0.433058
-0.030213 0.432752
-0.031739 0.434584
-0.030824 0.435194
-0.028077 0.439161
-0.033570 0.436415
-0.033570 0.439161
-0.037233 0.432447
-0.032655 0.438551
-0.036012 0.437330
-0.032655 0.439467
-0.031129 0.439467
-0.031739 0.441298
-0.030824 0.443129
-0.032655 0.440687
-0.032350 0.440382
-0.032655 0.440687
-0.030824 0.441298
-0.031434 0.442213
-0.032655 0.442213
-0.030519 0.440382
-0.032350 0.440687
-0.031739 0.440687
-0.031434 0.439161
-0.033265 0.440687
-0.032350 0.439467
-0.031129 0.438246
-0.031129 0.437635
-0.028687 0.437025
-0.031739 0.435804
-0.030824 0.433058
-0.031434 0.433363
-0.029298 0.433058
-0.031129 0.430311
-0.030519 0.430311
-0.029298 0.427869
-0.028993 0.427259
-0.029603 0.425123
-0.029603 0.426954
-0.028687 0.423902
-0.029298 0.421155
-0.028687 0.422376
-0.030519 0.416578
-0.026856 0.415662
-0.030519 0.414747
-0.029298 0.412915
-0.028687 0.412305
-0.028077 0.409253
-0.026246 0.406812
-0.028382 0.403150
-0.027161 0.402844
-0.028382 0.399792
-0.027772 0.395215
-0.025941 0.396741
-0.027161 0.393384
-0.026856 0.388806
-0.026551 0.387280
-0.024720 0.385144
-0.024415 0.383618
-0.024110 0.378735
-0.024110 0.378124
-0.024720 0.374157
-0.021363 0.371410
-0.023804 0.368969
-0.025941 0.364696
-0.024415 0.361034
-0.022584 0.359203
-0.023804 0.355541
-0.023194 0.352184
-0.021058 0.348521
-0.020447 0.346690
-0.020142 0.340892
-0.021973 0.335704
-0.020142 0.333872
-0.012818 0.337230
-0.021668 0.325327
-0.021363 0.324107
-0.021668 0.318308
-0.020142 0.313730
-0.018616 0.311594
-0.020142 0.307016
-0.018616 0.304270
-0.018616 0.301523
-0.018006 0.295114
-0.015870 0.291147
-0.016785 0.288400
-0.017701 0.284738
-0.017396 0.278634
-0.015564 0.275277
-0.017396 0.269784
-0.015564 0.265816
-0.012818 0.263375
-0.012207 0.258492
-0.019532 0.247810
-0.012513 0.247200
-0.010987 0.243538
-0.013123 0.240486
-0.013123 0.234077
-0.010071 0.230110
-0.014039 0.225532
-0.010376 0.220344
-0.011902 0.214240
-0.009461 0.210578
-0.009461 0.206000
-0.007630 0.200812
-0.008545 0.196539
-0.009766 0.190435
-0.009461 0.186163
-0.006714 0.180670
-0.007324 0.176092
-0.005493 0.170904
-0.007630 0.164800
-0.005493 0.158086
-0.003052 0.156255
-0.006104 0.148625
-0.003052 0.145878
-0.003967 0.139775
-0.003357 0.132756
-0.001831 0.128483
-0.004273 0.121769
-0.001526 0.116886
-0.001526 0.111087
-0.000610 0.108646
-0.001526 0.101932
-0.001221 0.095218
0.000610 0.090640
-0.000610 0.086062
0.000000 0.081790
0.000916 0.073855
0.002747 0.069277
0.001221 0.063784
0.001831 0.057985
0.003052 0.052797
0.003662 0.045778
0.003662 0.041200
0.003357 0.036927
0.005493 0.032960
0.005493 0.025025
0.005493 0.019532
0.007019 0.014649
0.005493 0.009156
0.000305 -0.002747
0.006104 -0.002136
0.007019 -0.007630
0.010071 -0.016175
0.010071 -0.017396
0.009156 -0.025330
0.009461 -0.029908
0.008545 -0.036927
0.008545 -0.042421
0.012207 -0.046083
0.011902 -0.053713
0.011902 -0.057680
0.013123 -0.064394
0.014039 -0.066836
0.012818 -0.074160
0.014344 -0.078738
0.014039 -0.085757
0.014344 -0.091556
0.017090 -0.096133
0.014344 -0.101016
0.017701 -0.106204
0.014649 -0.113834
0.017090 -0.115970
0.017396 -0.124821
0.016175 -0.128788
0.016480 -0.133061
0.018921 -0.137638
0.019837 -0.143437
0.019837 -0.148625
0.018921 -0.155950
0.018921 -0.159917
0.023194 -0.163274
0.020142 -0.170293
0.021668 -0.174871
0.021668 -0.180670
0.023194 -0.186163
0.022889 -0.191046
0.023499 -0.193793
0.023804 -0.197760
0.023804 -0.204169
0.022889 -0.209052
0.028077 -0.209662
0.025636 -0.220038
0.024720 -0.224006
0.025636 -0.227058
0.025941 -0.232856
0.023804 -0.238655
0.025941 -0.245674
0.027467 -0.246590
0.027467 -0.253304
0.027772 -0.256661
0.027467 -0.260628
0.028687 -0.266427
0.028993 -0.270089
0.028993 -0.273141
0.028687 -0.278024
0.029298 -0.282601
0.030824 -0.285043
0.032044 -0.291147
0.031434 -0.296945
0.031434 -0.299387
0.033570 -0.301523
0.030519 -0.307627
0.029908 -0.313730
0.032044 -0.315256
0.033265 -0.318613
0.032960 -0.322886
0.039369 -0.318918
0.033265 -0.330210
0.032350 -0.334788
0.032350 -0.336619
0.034791 -0.339976
0.034791 -0.344859
0.035707 -0.347911
0.034486 -0.350658
0.033265 -0.352794
0.035096 -0.357372
0.035707 -0.360729
0.036012 -0.363475
0.039674 -0.363475
0.036012 -0.369884
0.035707 -0.374767
0.036012 -0.377514
0.036622 -0.379345
0.037538 -0.380871
0.034791 -0.385144
0.036622 -0.386364
0.037538 -0.389721
0.037538 -0.392163
0.037843 -0.395215
0.035707 -0.399487
0.037538 -0.399487
0.038148 -0.401318
0.037233 -0.403455
0.039979 -0.404675
0.038148 -0.406812
0.038453 -0.410779
0.036622 -0.415357
0.039064 -0.413526
0.038453 -0.415357
0.037843 -0.417798
0.038453 -0.417798
0.040284 -0.419935
0.040284 -0.424512
0.039064 -0.422071
0.039064 -0.425428
0.040284 -0.426954
0.039369 -0.428480
0.042116 -0.429701
0.039369 -0.430616
0.039979 -0.430921
0.039064 -0.432142
0.041200 -0.431227
0.037843 -0.432142
0.037538 -0.435804
0.038148 -0.435499
0.039979 -0.435194
0.039674 -0.435804
0.039369 -0.437330
0.036012 -0.440992
0.041200 -0.438246
0.037538 -0.438551
0.039369 -0.438551
0.038453 -0.440077
0.039674 -0.437941
0.039674 -0.437330
0.038453 -0.439772
0.039979 -0.440077
0.039674 -0.438551
0.039979 -0.437330
0.037843 -0.436110
0.039369 -0.438551
0.039674 -0.438246
0.039369 -0.437635
0.043336 -0.429701
0.038148 -0.435499
0.038453 -0.435194
0.037233 -0.435499
0.036927 -0.434278
0.039369 -0.430921
0.037843 -0.431837
0.037538 -0.431227
0.036927 -0.430921
0.039369 -0.428175
0.038148 -0.428480
0.037843 -0.425428
0.038148 -0.422987
0.039369 -0.422681
0.036622 -0.421461
0.036012 -0.419324
0.039369 -0.415967
0.036622 -0.415052
0.035707 -0.413831
0.036012 -0.412305
0.036622 -0.412610
0.034791 -0.410169
0.034486 -0.406201
0.035401 -0.403760
0.033265 -0.403150
0.034486 -0.400098
0.035707 -0.395825
0.034486 -0.395520
0.034791 -0.392468
0.035096 -0.389111
0.033570 -0.387890
0.034791 -0.386059
0.032960 -0.385144
0.032655 -0.379345
0.032655 -0.376598
0.031434 -0.374462
0.031434 -0.372021
0.031434 -0.369884
0.032044 -0.365612
0.030824 -0.361339
0.030824 -0.360118
0.029298 -0.355846
0.028993 -0.351268
0.029908 -0.350658
0.030519 -0.345470
0.030519 -0.343638
0.029908 -0.338450
0.028687 -0.334788
0.028077 -0.329295
0.027772 -0.327158
0.026856 -0.323191
0.028077 -0.318613
0.026856 -0.316172
0.027467 -0.313120
0.024415 -0.309458
0.025330 -0.306101
0.028382 -0.298471
0.024720 -0.296945
0.024720 -0.292673
0.024110 -0.288705
0.023194 -0.283517
0.023194 -0.279244
0.022889 -0.275277
0.023804 -0.273751
0.022279 -0.268563
0.021363 -0.261544
0.020753 -0.259407
0.018921 -0.256661
0.020142 -0.249947
0.021668 -0.241096
0.020142 -0.243233
0.021363 -0.235298
0.019532 -0.231941
0.021363 -0.227363
0.016175 -0.226142
0.018311 -0.216071
0.017396 -0.209967
0.016480 -0.206915
0.017396 -0.202948
0.017090 -0.196539
0.016175 -0.194403
0.016175 -0.186468
0.015259 -0.181890
0.015564 -0.175481
0.015564 -0.171819
0.009461 -0.170598
0.012207 -0.159917
0.013123 -0.155950
0.013733 -0.150151
0.012207 -0.147404
0.011902 -0.140080
0.013733 -0.135197
0.011597 -0.131230
0.010681 -0.126041
0.009766 -0.118412
0.010071 -0.114750
0.007324 -0.110172
0.007935 -0.105594
0.007019 -0.097964
0.007019 -0.093692
0.007019 -0.087893
0.008240 -0.079958
0.008240 -0.076601
0.007630 -0.071718
0.008240 -0.065004
0.005493 -0.062868
0.003967 -0.055544
0.000610 -0.052492
0.005799 -0.043641
0.003357 -0.038148
0.003662 -0.032960
0.003357 -0.025941
0.000305 -0.022584
0.002747 -0.016480
0.000305 -0.011292
0.002747 -0.004883
0.000916 0.001221
-0.001831 0.004883
0.000305 0.012513
-0.003052 0.015259
-0.000610 0.022889
-0.003662 0.024110
0.001831 0.037233
-0.007324 0.034181
-0.003967 0.039979
-0.005188 0.047914
-0.005799 0.052797
-0.003967 0.060732
-0.005799 0.065920
-0.002747 0.074160
-0.006714 0.075991
-0.007630 0.081484
-0.006104 0.090030
-0.008545 0.094607
-0.010376 0.096133
-0.010987 0.100406
-0.007324 0.112613
-0.014039 0.111698
-0.008545 0.120548
-0.008850 0.125431
-0.008545 0.131535
-0.016785 0.128483
-0.011292 0.138859
-0.008850 0.148930
-0.012513 0.151677
-0.008545 0.160833
-0.016480 0.160833
-0.013123 0.166326
-0.008850 0.178228
-0.015259 0.176092
-0.014954 0.182501
-0.018616 0.185247
-0.013428 0.194708
-0.014954 0.199896
-0.015564 0.204474
-0.014649 0.207831
-0.014039 0.213630
-0.015564 0.220344
-0.017701 0.222480
-0.017090 0.227973
-0.019532 0.229804
-0.012818 0.240181
-0.021363 0.238350
-0.023194 0.242622
-0.022584 0.248115
-0.019837 0.252693
-0.019532 0.260323
-0.021668 0.263375
-0.018006 0.272530
-0.021973 0.272225
-0.021058 0.275582
-0.021973 0.282907
-0.021363 0.286569
-0.022584 0.290536
-0.027161 0.290536
-0.022279 0.303354
-0.026856 0.298776
-0.023194 0.306101
-0.023194 0.310984
-0.021973 0.314951
-0.025636 0.319529
-0.025636 0.321665
-0.021668 0.327769
-0.026246 0.329295
-0.025636 0.333262
-0.027772 0.336009
-0.026551 0.341197
-0.027161 0.342723
-0.030519 0.343333
-0.027772 0.350352
-0.030519 0.350963
-0.025941 0.358898
-0.028077 0.360729
-0.027161 0.364391
-0.026856 0.366222
-0.029298 0.369884
-0.029298 0.371410
-0.030213 0.376293
-0.029603 0.378124
-0.030519 0.379040
-0.025941 0.390332
-0.032960 0.385449
-0.030519 0.389416
-0.028993 0.391552
-0.032960 0.392468
-0.031129 0.398572
-0.031739 0.396741
-0.023804 0.410474
-0.036927 0.399792
-0.031434 0.406507
-0.030213 0.408338
-0.030519 0.411084
-0.030213 0.412000
-0.035401 0.410779
-0.027161 0.421461
-0.034791 0.415357
-0.030213 0.419935
-0.032960 0.420240
-0.025941 0.429090
-0.032350 0.426038
-0.032960 0.426344
-0.030213 0.431532
-0.034181 0.428785
-0.032960 0.428785
-0.032655 0.431837
-0.030213 0.434584
-0.033570 0.433363
-0.035096 0.430921
-0.035096 0.436415
-0.035096 0.435804
-0.031739 0.439161
-0.032350 0.438246
-0.030213 0.440687
-0.032350 0.441908
-0.033265 0.440077
-0.030824 0.442518
-0.032655 0.439467
-0.034791 0.442213
-0.033570 0.439161
-0.026551 0.447096
-0.035401 0.439772
-0.032655 0.440382
-0.031434 0.441908
-0.033570 0.440077
-0.034181 0.440382
-0.035096 0.439467
-0.030519 0.443739
-0.031129 0.442518
-0.033265 0.440077
-0.033876 0.438246
-0.032655 0.439161
-0.031129 0.439467
-0.035707 0.433058
-0.030213 0.441603
-0.035401 0.433058
-0.030213 0.437635
-0.029603 0.434584
-0.030824 0.434889
-0.029603 0.433973
-0.032350 0.430921
-0.028993 0.431532
-0.032350 0.426649
-0.030519 0.426344
-0.027772 0.427259
-0.025636 0.426954
-0.030213 0.420545
-0.035096 0.416883
-0.032655 0.417493
-0.032655 0.415357
-0.027161 0.415662
-0.030519 0.413221
-0.025941 0.414747
-0.027772 0.411389
-0.027772 0.405896
-0.028077 0.404675
-0.026551 0.405286
-0.025941 0.400098
-0.030213 0.397656
-0.026246 0.397656
-0.028077 0.392773
-0.027161 0.391552
-0.025025 0.388195
-0.026246 0.385449
-0.025636 0.383312
-0.027161 0.379345
-0.021973 0.380566
-0.028077 0.373852
-0.024415 0.370495
-0.025025 0.368358
-0.023804 0.365612
-0.024720 0.360424
-0.026856 0.354015
-0.023194 0.357067
-0.025941 0.347606
-0.022279 0.348521
-0.021973 0.345470
-0.021058 0.340587
-0.020142 0.337840
-0.022279 0.334483
-0.018006 0.334483
-0.023499 0.327464
-0.020447 0.323191
-0.021668 0.318003
-0.016785 0.319224
-0.020142 0.310068
-0.022584 0.304575
-0.021058 0.303354
-0.020447 0.297861
-0.017396 0.295114
-0.019532 0.289926
-0.017090 0.288095
-0.016480 0.284738
-0.017090 0.281075
-0.017701 0.274667
-0.016480 0.270089
-0.014649 0.265511
-0.018006 0.259407
-0.012513 0.261544
-0.018921 0.249947
-0.014344 0.249641
-0.012207 0.244453
-0.014039 0.238655
-0.011902 0.234382
-0.014039 0.225227
-0.010071 0.227363
-0.010987 0.219733
-0.012207 0.215461
-0.010681 0.211798
-0.010987 0.206305
-0.009461 0.200507
-0.010987 0.191961
-0.010681 0.189520
-0.012207 0.181280
-0.007324 0.179754
-0.010376 0.173040
-0.006714 0.168157
-0.007630 0.165716
-0.006409 0.159307
-0.006409 0.155034
-0.007324 0.149541
-0.004273 0.144963
-0.003357 0.138249
-0.006104 0.132145
-0.004273 0.127262
-0.005799 0.120243
-0.004273 0.117191
-0.006714 0.109561
-0.001831 0.105594
-0.000610 0.100101
0.001526 0.098270
0.000000 0.090945
-0.001526 0.086367
0.000916 0.079958
-0.000610 0.074160
0.000610 0.069277
-0.001831 0.061953
0.004883 0.061342
-0.000916 0.050050
0.002747 0.046083
0.005188 0.042116
0.001221 0.034486
0.003662 0.029908
0.004883 0.025636
0.008545 0.022279
0.004883 0.013123
0.005188 0.008240
0.005799 0.003662
0.007324 -0.002747
0.007019 -0.008545
0.003662 -0.018616
0.008240 -0.017396
0.003967 -0.029298
0.011902 -0.029908
0.009766 -0.035401
0.010681 -0.040590
0.012207 -0.048524
0.010987 -0.053713
0.011902 -0.056459
0.012207 -0.064089
0.011597 -0.069277
0.012513 -0.075381
0.016480 -0.076296
0.011902 -0.088198
0.008240 -0.095523
0.013733 -0.096438
0.014954 -0.104068
0.014649 -0.107425
0.016480 -0.112918
0.017090 -0.116276
0.023194 -0.116276
0.015259 -0.128788
0.015564 -0.132756
0.016785 -0.139775
0.017396 -0.144353
0.017396 -0.150456
0.023804 -0.150151
0.017701 -0.161748
0.018921 -0.166631
0.020753 -0.171209
0.020142 -0.177007
0.022279 -0.181890
0.023194 -0.185247
0.022889 -0.187078
0.021668 -0.194403
0.022279 -0.201727
0.021363 -0.205695
0.024110 -0.211188
0.024415 -0.214850
0.021363 -0.223701
0.021668 -0.225837
0.020753 -0.232856
0.026246 -0.232551
0.024415 -0.238655
0.025941 -0.242012
0.025941 -0.247200
0.025636 -0.254830
0.026551 -0.255135
0.025636 -0.262459
0.028687 -0.262459
0.025941 -0.272225
0.032350 -0.272530
0.025636 -0.282601
0.025330 -0.287790
0.027467 -0.287179
0.026246 -0.294809
0.027467 -0.294809
0.028993 -0.299997
0.032350 -0.302133
0.031129 -0.306711
0.030213 -0.311289
0.031434 -0.315867
0.030824 -0.318308
0.030824 -0.323191
0.031129 -0.327769
0.032960 -0.329905
0.030213 -0.334483
0.032350 -0.338145
0.032350 -0.342112
0.032044 -0.345775
0.032350 -0.348216
0.035096 -0.350352
0.033570 -0.354320
0.033876 -0.358287
0.035096 -0.361034
0.031434 -0.365307
0.037233 -0.366527
0.035707 -0.371105
0.032044 -0.376293
0.035707 -0.375072
0.033876 -0.380566
0.036927 -0.383312
0.035707 -0.383923
0.037538 -0.385754
0.037538 -0.390027
0.033570 -0.394299
0.036622 -0.393689
0.034791 -0.399792
0.037843 -0.400098
0.034486 -0.402234
0.040284 -0.399792
0.032960 -0.410169
0.035096 -0.408948
0.037843 -0.410474
0.036622 -0.415357
0.037538 -0.414441
0.038453 -0.417188
0.039674 -0.415357
0.036012 -0.420240
0.039064 -0.420850
0.036622 -0.425123
0.038453 -0.424207
0.037538 -0.426649
0.036012 -0.430921
0.038148 -0.428785
0.036012 -0.432752
0.038453 -0.430311
0.039674 -0.431837
0.040284 -0.431227
0.039674 -0.432142
0.039064 -0.436110
0.038453 -0.431837
0.037843 -0.436720
0.039674 -0.435804
0.036927 -0.438551
0.042421 -0.434278
0.037843 -0.440687
0.036622 -0.443129
0.039064 -0.438856
0.036927 -0.440382
