# Sampling Rate: 100000 S/s
#
# channel_A channel_B
0.073550 -0.874660
0.073244 -0.873440
0.070193 -0.870998
0.071718 -0.869472
0.071413 -0.867946
0.072024 -0.864284
0.071108 -0.865200
0.069582 -0.861843
0.070803 -0.861232
0.067446 -0.858180
0.071413 -0.855739
0.068667 -0.851772
0.069582 -0.849940
0.067141 -0.848109
0.067446 -0.843226
0.066530 -0.841090
0.066225 -0.838954
0.068056 -0.833766
0.067141 -0.829798
0.066530 -0.826746
0.066836 -0.821863
0.065615 -0.817896
0.065615 -0.814234
0.065615 -0.810572
0.062868 -0.804773
0.062868 -0.800806
0.063173 -0.795618
0.062563 -0.791345
0.061953 -0.786767
0.061037 -0.780358
0.062563 -0.776086
0.060427 -0.770898
0.062258 -0.766625
0.059816 -0.762352
0.060427 -0.756554
0.060121 -0.748314
0.057985 -0.741600
0.058596 -0.735191
0.058596 -0.732139
0.056459 -0.725120
0.057070 -0.718406
0.055544 -0.713523
0.055239 -0.707114
0.054323 -0.698874
0.054933 -0.690634
0.052797 -0.685141
0.052492 -0.677816
0.052492 -0.669576
0.051576 -0.662557
0.052492 -0.651265
0.049440 -0.648518
0.050356 -0.641194
0.050661 -0.634480
0.047304 -0.625629
0.050966 -0.617084
0.046693 -0.612201
0.046999 -0.603351
0.045778 -0.593280
0.042726 -0.587176
0.044862 -0.578936
0.036622 -0.574053
0.042726 -0.562151
0.041505 -0.551164
0.042116 -0.543535
0.040590 -0.534989
0.038453 -0.525834
0.039064 -0.515763
0.038148 -0.508133
0.037538 -0.498367
0.036012 -0.488601
0.036927 -0.480667
0.035707 -0.470595
0.032655 -0.461440
0.032044 -0.453810
0.032350 -0.442518
0.030824 -0.433058
0.029298 -0.424818
0.028077 -0.414441
0.029298 -0.404370
0.028687 -0.392468
0.027467 -0.384228
0.025636 -0.375378
0.025941 -0.361644
0.024415 -0.354320
0.024110 -0.343333
0.023194 -0.333262
0.021058 -0.322581
0.016480 -0.316782
0.021058 -0.302133
0.019227 -0.291147
0.017090 -0.283517
0.017701 -0.270394
0.016480 -0.261238
0.015259 -0.250252
0.016175 -0.240791
0.013733 -0.227973
0.012513 -0.219123
0.014344 -0.206305
0.011597 -0.195624
0.009156 -0.186163
0.012207 -0.175176
0.007324 -0.163274
0.009766 -0.152898
0.005799 -0.141606
0.007019 -0.130619
0.005799 -0.120853
0.003967 -0.108341
0.004883 -0.096438
0.001831 -0.087893
0.002747 -0.075076
0.001831 -0.064089
0.000305 -0.053102
-0.000916 -0.042116
-0.000916 -0.031434
-0.000916 -0.020142
-0.003357 -0.010071
-0.006104 0.000916
-0.005493 0.012818
-0.005188 0.023804
-0.008240 0.034486
-0.010071 0.046083
-0.008850 0.057070
-0.010376 0.068667
-0.010987 0.079348
-0.011902 0.088504
-0.012513 0.100406
-0.014344 0.113224
-0.013123 0.121769
-0.016480 0.132756
-0.016480 0.143132
-0.017090 0.156255
-0.017701 0.167547
-0.018006 0.176702
-0.020447 0.187994
-0.022279 0.197150
-0.021363 0.209357
-0.021668 0.220344
-0.023804 0.231025
-0.022584 0.245064
-0.024720 0.251778
-0.025025 0.262154
-0.025941 0.271615
-0.027772 0.284738
-0.028077 0.294198
-0.028993 0.304880
-0.029603 0.315561
-0.031434 0.326243
-0.031434 0.335704
-0.031739 0.345470
-0.028077 0.361339
-0.033570 0.364696
-0.035707 0.375072
-0.036317 0.384838
-0.035707 0.395215
-0.037233 0.405591
-0.038453 0.415967
-0.037538 0.425733
-0.039674 0.435499
-0.040895 0.444960
-0.040590 0.456252
-0.040284 0.464187
-0.043031 0.471816
-0.041810 0.483718
-0.043641 0.492569
-0.043947 0.501724
-0.046083 0.508438
-0.046999 0.519120
-0.046083 0.526444
-0.044862 0.535905
-0.046693 0.545671
-0.047304 0.553301
-0.048219 0.563066
-0.051881 0.567034
-0.050050 0.580157
-0.051271 0.586871
-0.049440 0.594806
-0.051271 0.603351
-0.050050 0.613727
-0.051881 0.620136
-0.053713 0.628681
-0.055849 0.635395
-0.054323 0.643025
-0.056154 0.650044
-0.054323 0.657979
-0.057375 0.663778
-0.056764 0.673849
-0.057375 0.679342
-0.061342 0.687277
-0.058290 0.693991
-0.059816 0.698569
-0.060121 0.707114
-0.058596 0.711997
-0.059206 0.720847
-0.060121 0.727256
-0.060732 0.732444
-0.060121 0.737938
-0.065310 0.742821
-0.060121 0.749840
-0.068056 0.750755
-0.064394 0.762658
-0.061953 0.767541
-0.062258 0.770898
-0.063478 0.777306
-0.064394 0.783410
-0.065004 0.786767
-0.065615 0.793481
-0.065004 0.796838
-0.065310 0.804468
-0.065004 0.806604
-0.065004 0.812708
-0.065920 0.816065
-0.067141 0.819727
-0.065615 0.822779
-0.066530 0.827662
-0.066530 0.831019
-0.065920 0.836818
-0.068361 0.838343
-0.068972 0.841090
-0.068361 0.844447
-0.067751 0.845363
-0.069887 0.850246
-0.068056 0.853908
-0.068972 0.856960
-0.068972 0.859096
-0.070193 0.861232
-0.068972 0.863063
-0.070498 0.866115
-0.069887 0.866726
-0.069887 0.871914
-0.068056 0.872219
-0.069277 0.873135
-0.073550 0.872829
-0.071718 0.875271
-0.068056 0.878628
-0.069887 0.878323
-0.067446 0.881680
-0.069582 0.881375
-0.070498 0.881680
-0.070193 0.880764
-0.069887 0.881985
-0.066836 0.881375
-0.068972 0.882595
-0.069582 0.882900
-0.069582 0.882595
-0.068056 0.882595
-0.069277 0.881985
-0.069582 0.881680
-0.068056 0.879543
-0.068361 0.879849
-0.066530 0.878933
-0.067751 0.878628
-0.067446 0.877102
-0.067446 0.875881
-0.067446 0.872219
-0.067446 0.870388
-0.067446 0.869167
-0.067446 0.865505
-0.065615 0.866115
-0.066530 0.861843
-0.065920 0.860927
-0.065310 0.856655
-0.065920 0.853298
-0.064699 0.851161
-0.062868 0.850551
-0.064699 0.845973
-0.063173 0.842921
-0.065004 0.838954
-0.062868 0.835902
-0.062258 0.831324
-0.062868 0.827052
-0.059206 0.826441
-0.060121 0.821863
-0.058901 0.817286
-0.059816 0.812403
-0.058290 0.808435
-0.058596 0.802332
-0.062868 0.793786
-0.057375 0.797143
-0.061037 0.787072
-0.057680 0.784326
-0.057680 0.780358
-0.056459 0.774255
-0.056154 0.767846
-0.054628 0.760826
-0.053407 0.760521
-0.054018 0.751366
-0.055544 0.745262
-0.054018 0.738548
-0.049440 0.736412
-0.053713 0.728782
-0.053713 0.718711
-0.051271 0.715659
-0.053102 0.707114
-0.048830 0.700705
-0.047609 0.695822
-0.047609 0.688498
-0.047609 0.681478
-0.046999 0.673849
-0.043947 0.668966
-0.046388 0.659810
-0.045473 0.652486
-0.048219 0.640889
-0.039674 0.643330
-0.046388 0.627461
-0.042726 0.618915
-0.042726 0.614032
-0.042421 0.604572
-0.040895 0.596332
-0.040590 0.589007
-0.033876 0.585345
-0.038759 0.572832
-0.038453 0.563066
-0.037843 0.555437
-0.036317 0.545976
-0.035401 0.538041
-0.036012 0.525529
-0.031739 0.523087
-0.035401 0.506302
-0.031434 0.500809
-0.030213 0.493789
-0.029298 0.483413
-0.030824 0.473952
-0.027772 0.463271
-0.025941 0.455947
-0.028077 0.446486
-0.026551 0.437635
-0.028687 0.424818
-0.023499 0.415967
-0.026246 0.406201
-0.025941 0.393078
-0.023194 0.385754
-0.022584 0.374767
-0.023194 0.366832
-0.019227 0.356151
-0.017396 0.349132
-0.018006 0.337230
-0.017701 0.326853
-0.015564 0.317087
-0.015870 0.305795
-0.014039 0.295114
-0.016785 0.278634
-0.008240 0.278024
-0.014344 0.259407
-0.007935 0.253609
-0.008850 0.240486
-0.008850 0.231025
-0.008850 0.220954
-0.007935 0.206610
-0.005188 0.200507
-0.004883 0.187994
-0.005188 0.177313
-0.005799 0.166326
0.000610 0.156255
-0.001831 0.144047
-0.003967 0.131535
-0.000610 0.123295
-0.001526 0.109867
0.001221 0.102237
0.002441 0.089724
0.005188 0.079958
0.004578 0.068056
0.005799 0.056154
0.007630 0.048830
0.007935 0.034791
0.007935 0.025025
0.006104 0.008240
0.012818 0.007019
0.009156 -0.011902
0.010681 -0.021058
0.010987 -0.033876
0.012818 -0.045167
0.014344 -0.055239
0.014039 -0.068361
0.017701 -0.074160
0.016480 -0.087283
0.017701 -0.099490
0.018616 -0.108341
0.020142 -0.120853
0.019532 -0.132450
0.021058 -0.144658
0.025330 -0.149846
0.020142 -0.166936
0.023804 -0.172735
0.022279 -0.185553
0.026551 -0.196844
0.025941 -0.207221
0.029298 -0.218513
0.026551 -0.230720
0.028993 -0.239265
0.029908 -0.248421
0.029298 -0.261849
0.036012 -0.268258
0.032044 -0.283212
0.032044 -0.294809
0.031129 -0.306711
0.033876 -0.316172
0.034791 -0.323191
0.037233 -0.334483
0.037538 -0.343944
0.037843 -0.353710
0.037843 -0.364696
0.041810 -0.371105
0.042116 -0.383923
0.043336 -0.392468
0.040284 -0.404981
0.049440 -0.408032
0.040590 -0.426344
0.044557 -0.433363
0.043947 -0.444349
0.047304 -0.451064
0.046388 -0.462050
0.046999 -0.472121
0.048219 -0.477004
0.048830 -0.488296
0.049745 -0.498672
0.049135 -0.507523
0.053407 -0.515763
0.050966 -0.527055
0.048830 -0.537736
0.052797 -0.542619
0.050966 -0.554216
0.052492 -0.560930
0.053407 -0.569170
0.056459 -0.576800
0.056459 -0.585650
0.055544 -0.594806
0.060121 -0.598163
0.057375 -0.608539
0.057070 -0.618915
0.057985 -0.627155
0.064394 -0.626240
0.058290 -0.641804
0.059511 -0.646382
0.060732 -0.655232
0.061647 -0.662252
0.060732 -0.670186
0.061953 -0.678121
0.062868 -0.685446
0.067141 -0.689413
0.063478 -0.698874
0.064089 -0.703757
0.065310 -0.710166
0.067446 -0.714743
0.061953 -0.726341
0.071413 -0.723899
0.062563 -0.740379
0.070193 -0.741905
0.067446 -0.747398
0.068056 -0.752281
0.065615 -0.761742
0.066836 -0.764489
0.069582 -0.768151
0.068972 -0.775780
0.069887 -0.780053
0.065310 -0.788293
0.072329 -0.786767
0.070803 -0.796228
0.069887 -0.802942
0.071108 -0.804773
0.069887 -0.812708
0.067446 -0.817591
0.065615 -0.825221
0.071718 -0.818812
0.072329 -0.825221
0.070193 -0.828578
0.074160 -0.832545
0.073855 -0.835597
0.073855 -0.839259
0.071718 -0.844447
0.078738 -0.841395
0.071413 -0.851466
0.075381 -0.849330
0.072329 -0.853908
0.074770 -0.857265
0.074770 -0.861232
0.074770 -0.861538
0.073550 -0.865810
0.073855 -0.867031
0.076601 -0.869472
0.073550 -0.870693
0.075686 -0.870998
0.076601 -0.873440
0.072634 -0.875576
0.074465 -0.873440
0.071718 -0.879543
0.074465 -0.878628
0.075686 -0.878628
0.076601 -0.875271
0.073244 -0.879238
0.075381 -0.880154
0.077822 -0.878018
0.074465 -0.880154
0.074465 -0.879238
0.073855 -0.882900
0.078433 -0.874660
0.071108 -0.879238
0.073244 -0.877407
0.073550 -0.877102
0.073550 -0.876797
0.072329 -0.875576
0.074465 -0.872829
0.074465 -0.870693
0.073855 -0.871609
0.069887 -0.871609
0.071718 -0.867946
0.072329 -0.865810
0.075381 -0.861843
0.068056 -0.865810
0.073244 -0.856655
0.067446 -0.860622
0.070193 -0.854213
0.072024 -0.851772
0.069887 -0.848109
0.072329 -0.844447
0.069582 -0.844447
0.071718 -0.838649
0.068972 -0.834986
0.068056 -0.834071
0.067141 -0.831324
0.068972 -0.821863
0.066225 -0.823084
0.068056 -0.817896
0.065310 -0.813929
0.064699 -0.812708
0.064699 -0.806604
0.064394 -0.800806
0.064089 -0.794702
0.062563 -0.788903
0.067751 -0.783410
0.064699 -0.778832
0.062258 -0.775780
0.061953 -0.769982
0.058596 -0.768151
0.065310 -0.755638
0.058596 -0.757775
0.061647 -0.748619
0.059816 -0.740379
0.060427 -0.735191
0.056459 -0.732444
0.057375 -0.723899
0.058901 -0.716880
0.057375 -0.710166
0.057680 -0.704672
0.053102 -0.698264
0.056154 -0.689413
0.055239 -0.684530
0.051576 -0.679647
0.052492 -0.669271
0.048219 -0.665914
0.049440 -0.658895
0.052797 -0.648518
0.050966 -0.639668
0.051881 -0.632038
0.048219 -0.624409
0.050966 -0.612812
0.046999 -0.610065
0.045778 -0.600299
0.043947 -0.593585
0.051271 -0.580767
0.043336 -0.578631
0.041505 -0.571917
0.039979 -0.561846
0.045778 -0.551164
0.042116 -0.543535
0.042726 -0.532853
0.042116 -0.521867
0.040284 -0.515763
0.038453 -0.507523
0.039064 -0.496536
0.037843 -0.489517
0.036622 -0.479446
0.032044 -0.475784
0.036012 -0.458998
0.033876 -0.451674
0.033570 -0.440687
0.032044 -0.430311
0.032655 -0.422376
0.029908 -0.411695
0.028382 -0.403455
0.029298 -0.390027
0.025941 -0.382092
0.026246 -0.372326
0.024415 -0.363781
0.026551 -0.353404
0.024415 -0.342418
0.025330 -0.331431
0.022279 -0.322275
0.024110 -0.311289
0.021363 -0.302438
0.020142 -0.291452
0.018921 -0.281381
0.017701 -0.269784
0.016175 -0.258492
0.017090 -0.247810
0.015564 -0.238350
0.012207 -0.230110
0.014344 -0.217597
0.014344 -0.205084
0.011902 -0.195929
0.011597 -0.184332
0.010376 -0.175176
0.011597 -0.163579
0.008240 -0.151372
0.007019 -0.141911
0.006104 -0.129704
0.005188 -0.119022
0.006409 -0.108951
0.003662 -0.096744
0.003662 -0.084841
0.000916 -0.075991
-0.000916 -0.066225
0.002441 -0.048830
-0.003052 -0.043641
-0.001221 -0.031434
-0.001221 -0.019532
-0.003357 -0.008545
-0.003357 0.003357
-0.004273 0.011902
-0.002747 0.027161
-0.006714 0.035401
-0.008240 0.046693
-0.010376 0.057375
-0.006104 0.070498
-0.013123 0.079653
-0.011292 0.089419
-0.014344 0.101321
-0.014344 0.109867
-0.014039 0.123600
-0.014954 0.132145
-0.015259 0.145878
-0.015564 0.159307
-0.015564 0.168462
-0.019532 0.180670
-0.018006 0.188604
-0.019837 0.200507
-0.020142 0.209662
-0.018921 0.225227
-0.023804 0.229194
-0.023194 0.242927
-0.024720 0.254219
-0.025636 0.261849
-0.027161 0.273141
-0.027161 0.283822
-0.026246 0.296030
-0.027772 0.306711
-0.027161 0.315867
-0.029603 0.325327
-0.030213 0.337840
-0.032350 0.344554
-0.035707 0.352184
-0.030519 0.369884
-0.035096 0.376904
-0.038148 0.385449
-0.033265 0.397046
-0.035401 0.408032
-0.035707 0.416883
-0.038453 0.426954
-0.038453 0.439467
-0.038453 0.445875
-0.039674 0.456252
-0.045473 0.462966
-0.037843 0.478835
-0.043031 0.481277
-0.041505 0.494400
-0.042726 0.502029
-0.044557 0.509964
-0.046693 0.516678
-0.045473 0.529801
-0.046083 0.535295
-0.046693 0.545976
-0.047304 0.555437
-0.046999 0.564287
-0.049135 0.574053
-0.050050 0.580157
-0.049135 0.588397
-0.048219 0.599689
-0.054628 0.601215
-0.051271 0.611896
-0.052187 0.621357
-0.051576 0.630207
-0.055239 0.635395
-0.052797 0.643330
-0.054323 0.650044
-0.054323 0.658589
-0.056459 0.665914
-0.055849 0.673544
-0.055544 0.680258
-0.059816 0.684225
-0.054628 0.696127
-0.058290 0.701926
-0.057985 0.707724
-0.059816 0.713828
-0.058901 0.720237
-0.060121 0.726646
-0.059816 0.734275
-0.060427 0.738548
-0.059816 0.745872
-0.061953 0.752281
-0.061953 0.757164
-0.062258 0.764183
-0.060427 0.769982
-0.064394 0.774865
-0.062868 0.778527
-0.063784 0.783410
-0.061953 0.789209
-0.065004 0.795007
-0.065004 0.798975
-0.067141 0.803858
-0.065615 0.808740
-0.066530 0.812708
-0.063784 0.819727
-0.065615 0.821558
-0.067141 0.824305
-0.068972 0.827662
-0.065004 0.835292
-0.065920 0.835902
-0.065310 0.841090
-0.068361 0.841395
-0.065004 0.846583
-0.067141 0.848720
-0.069582 0.853298
-0.066836 0.855434
-0.068056 0.856655
-0.065004 0.861538
-0.068972 0.862758
-0.066836 0.866726
-0.069582 0.868252
-0.069887 0.867336
-0.068361 0.872524
-0.067446 0.872524
-0.068361 0.875271
-0.068056 0.875881
-0.067141 0.877712
-0.067446 0.880459
-0.070193 0.877712
-0.065004 0.883816
-0.068056 0.881069
-0.068056 0.882595
-0.072024 0.878323
-0.065004 0.884426
-0.071413 0.881680
-0.072024 0.879238
-0.071413 0.881680
-0.071108 0.876797
-0.067141 0.885037
-0.068972 0.879543
-0.062563 0.886258
-0.065310 0.882595
-0.067751 0.881069
-0.069277 0.877102
-0.065920 0.876797
-0.064699 0.875881
-0.068056 0.870388
-0.061037 0.879238
-0.068972 0.868557
-0.064699 0.871914
-0.066530 0.866115
-0.064394 0.865505
-0.064394 0.863369
-0.066530 0.858791
-0.053713 0.868557
-0.065004 0.852687
-0.064394 0.852687
-0.064699 0.848720
-0.061342 0.849025
-0.066836 0.838954
-0.065920 0.835292
-0.062258 0.836207
-0.063784 0.828272
-0.057375 0.832850
-0.060121 0.825526
-0.056154 0.822779
-0.059816 0.817286
-0.059206 0.811487
-0.058901 0.810266
-0.059206 0.804468
-0.058596 0.797754
-0.060732 0.790429
-0.050050 0.794702
-0.057985 0.781274
-0.054628 0.777917
-0.057680 0.771203
-0.057985 0.764489
-0.054323 0.764489
-0.054628 0.754112
-0.050966 0.754723
-0.054323 0.744957
-0.049745 0.740684
-0.052797 0.736106
-0.051881 0.727256
-0.048830 0.721152
-0.053407 0.708945
-0.044557 0.714743
-0.052797 0.695517
-0.046999 0.697958
-0.047609 0.686361
-0.045167 0.680563
-0.046083 0.675375
-0.046999 0.663778
-0.040284 0.663778
-0.045473 0.650349
-0.042726 0.642720
-0.046083 0.634480
-0.038453 0.631428
-0.042726 0.619221
-0.043031 0.607013
-0.041505 0.603046
-0.043947 0.591754
-0.036927 0.591449
-0.037538 0.580157
-0.030213 0.578936
-0.036012 0.564898
-0.035096 0.557268
-0.035096 0.546892
-0.035096 0.535600
-0.033265 0.529191
-0.034181 0.517594
-0.023804 0.519120
-0.034791 0.498367
-0.031129 0.491653
-0.031434 0.480667
-0.028993 0.471816
-0.029298 0.464492
-0.026856 0.451064
-0.021668 0.451064
-0.026246 0.434584
-0.025636 0.425123
-0.024415 0.415357
-0.020142 0.408338
-0.021058 0.395520
-0.024415 0.381481
-0.019227 0.380261
-0.022584 0.360729
-0.014649 0.357982
-0.018616 0.346690
-0.014344 0.336314
-0.014954 0.326853
-0.015564 0.314646
-0.015259 0.305185
-0.012207 0.292978
-0.011902 0.284738
-0.010987 0.271004
-0.006714 0.266121
-0.009766 0.251473
-0.007324 0.241707
-0.007630 0.229499
-0.005799 0.219733
-0.006409 0.208441
-0.005799 0.198370
-0.001221 0.189520
-0.003357 0.176702
0.000000 0.166326
-0.001221 0.154424
-0.000916 0.144047
0.000305 0.132756
0.000610 0.121464
0.003357 0.109561
0.002441 0.100406
0.004883 0.089419
0.005493 0.078433
0.010376 0.070498
0.006409 0.054933
0.006104 0.044252
0.007324 0.034486
0.009766 0.021668
0.011597 0.012818
0.011902 0.001526
0.012513 -0.009461
0.014344 -0.022584
0.012818 -0.032960
0.014344 -0.044557
0.016480 -0.056154
0.017396 -0.066225
0.017701 -0.075381
0.019532 -0.087893
0.019227 -0.100406
0.020142 -0.108951
0.019227 -0.121464
0.019837 -0.131840
0.023194 -0.143132
0.023804 -0.153508
0.023194 -0.166936
0.024415 -0.176397
0.025330 -0.187689
0.028077 -0.197455
0.028993 -0.207526
0.028993 -0.219123
0.027467 -0.230110
0.029908 -0.240181
0.031129 -0.250252
0.031434 -0.260933
0.032960 -0.272530
0.033570 -0.283212
0.033265 -0.294809
0.034486 -0.303049
0.038453 -0.312204
0.037538 -0.324107
0.035707 -0.336619
0.039064 -0.344554
0.040284 -0.357067
0.039979 -0.366222
0.040284 -0.375072
0.040284 -0.386670
0.045167 -0.396435
0.042726 -0.405591
0.044557 -0.412305
0.044862 -0.425428
0.044252 -0.436415
0.049135 -0.438856
0.047914 -0.454115
0.047304 -0.462661
0.048830 -0.471511
0.047914 -0.482803
0.049745 -0.490738
0.049440 -0.500809
0.050661 -0.509049
0.051271 -0.517899
0.052492 -0.526749
0.053102 -0.535905
0.053102 -0.545366
0.055239 -0.555437
0.055239 -0.560625
0.055544 -0.571307
0.057070 -0.578631
0.055849 -0.585955
0.056154 -0.595111
0.057070 -0.603046
0.056154 -0.613117
0.058596 -0.620441
0.059816 -0.628071
0.060427 -0.634175
0.061647 -0.642109
0.061647 -0.650044
0.061953 -0.657369
0.062258 -0.665304
0.061647 -0.671102
0.063173 -0.680258
0.064394 -0.684835
0.067446 -0.687277
0.063478 -0.699179
0.065004 -0.703757
0.066225 -0.713218
0.064394 -0.719016
0.065004 -0.726341
0.066225 -0.730308
0.068056 -0.737022
0.067751 -0.742210
0.068056 -0.749840
0.069277 -0.755638
0.075991 -0.754418
0.069887 -0.764489
0.069887 -0.770592
0.069582 -0.776086
0.068972 -0.783410
0.071108 -0.786767
0.071718 -0.791345
0.072024 -0.796228
0.070193 -0.800195
0.072329 -0.806604
0.071413 -0.809961
0.071718 -0.813013
0.072634 -0.816675
0.072024 -0.824305
0.074465 -0.825831
0.073855 -0.831324
0.078127 -0.831935
0.072634 -0.838649
0.073550 -0.840785
0.074160 -0.844752
0.075381 -0.847499
0.075381 -0.849940
0.074160 -0.853908
0.073855 -0.856044
0.074770 -0.859401
0.073855 -0.861232
0.074465 -0.865810
0.076907 -0.867031
0.073244 -0.866421
0.075991 -0.868862
0.075381 -0.869778
0.076907 -0.870998
0.075381 -0.873440
0.076296 -0.875271
0.074770 -0.877407
0.075686 -0.875576
0.073855 -0.879238
0.075991 -0.879543
0.076907 -0.878018
0.076296 -0.879238
0.074160 -0.879849
0.073244 -0.880764
0.074465 -0.881985
0.076601 -0.881069
0.075381 -0.880764
0.074465 -0.881069
0.075686 -0.878933
0.075686 -0.878933
0.074770 -0.877102
0.073244 -0.876797
0.073855 -0.876492
0.074770 -0.876492
0.073855 -0.873135
0.075686 -0.872524
0.071718 -0.872524
0.074160 -0.869472
0.074160 -0.865505
0.071108 -0.865810
0.073244 -0.863369
0.073550 -0.859096
0.072634 -0.857265
0.071718 -0.856960
0.069887 -0.853603
0.070193 -0.850551
0.071413 -0.847499
0.071108 -0.845668
0.071413 -0.838954
0.068972 -0.838038
0.069582 -0.834986
0.068972 -0.831019
0.067141 -0.827357
0.067446 -0.823084
0.068056 -0.818201
0.068667 -0.813623
0.068056 -0.811792
0.065004 -0.804468
0.066530 -0.801416
0.066530 -0.796533
0.066836 -0.790124
0.066225 -0.784631
0.064089 -0.781579
0.062868 -0.776086
0.063173 -0.772729
0.062258 -0.766625
0.062563 -0.761742
0.061647 -0.752892
0.062563 -0.750450
0.060427 -0.743431
0.060121 -0.738548
0.066225 -0.726035
0.058596 -0.725730
0.058290 -0.718711
0.057680 -0.713218
0.064699 -0.698264
0.055544 -0.698264
0.057070 -0.693686
0.054323 -0.685446
0.055544 -0.679342
0.053102 -0.670797
0.052492 -0.663778
0.051576 -0.656148
0.050661 -0.650044
0.050356 -0.641804
0.052797 -0.633259
0.049135 -0.626545
0.049745 -0.618305
0.048219 -0.610675
0.047304 -0.601520
0.046388 -0.596026
0.045167 -0.587176
0.044862 -0.578631
0.046083 -0.571001
0.043336 -0.560625
0.043336 -0.552080
0.042726 -0.542924
0.041505 -0.532853
0.040590 -0.526444
0.041200 -0.516678
0.039369 -0.508744
0.037538 -0.499893
0.038453 -0.489822
0.035401 -0.481887
0.037233 -0.471511
0.036622 -0.463576
0.035707 -0.452284
0.032044 -0.443434
0.030824 -0.434278
0.033570 -0.422071
0.031129 -0.415357
0.029908 -0.403760
0.028993 -0.394604
0.028077 -0.385449
0.028077 -0.374157
0.026856 -0.364086
0.025636 -0.353710
0.026246 -0.343028
0.024720 -0.333262
0.024720 -0.322886
0.023194 -0.314035
0.021363 -0.302744
0.021363 -0.290231
0.022279 -0.279855
0.021058 -0.270699
0.018616 -0.261849
0.016785 -0.250252
0.016785 -0.238655
0.015564 -0.228889
0.014954 -0.217902
0.014649 -0.207831
0.016175 -0.193487
0.012818 -0.186773
0.010071 -0.176092
0.010376 -0.163579
0.009156 -0.152593
0.009766 -0.141911
0.008240 -0.131840
0.007630 -0.118107
0.006409 -0.109867
0.006104 -0.098575
0.003662 -0.085147
0.007324 -0.072329
0.001526 -0.065310
0.003052 -0.053713
0.001831 -0.041810
0.000610 -0.030519
-0.001526 -0.021668
-0.003052 -0.009461
-0.006104 0.000305
-0.005188 0.010376
-0.004883 0.023804
-0.007935 0.034486
-0.007630 0.045778
-0.008545 0.055849
-0.007935 0.069277
-0.008850 0.079348
-0.010987 0.089419
-0.011902 0.098880
-0.012818 0.112308
-0.012818 0.121158
-0.013123 0.134281
-0.012513 0.143437
-0.013123 0.155339
-0.016785 0.166326
-0.017090 0.178838
-0.017701 0.187994
-0.021668 0.198675
-0.018921 0.208441
-0.021973 0.221259
-0.021668 0.230415
-0.021973 0.243233
-0.022584 0.252083
-0.024110 0.263985
-0.026246 0.274361
-0.025025 0.284738
-0.026551 0.293588
-0.027161 0.305185
-0.026856 0.316172
-0.028077 0.326548
-0.031434 0.336619
-0.030519 0.346995
-0.034181 0.354320
-0.032350 0.367748
-0.031434 0.376904
-0.033265 0.387280
-0.032960 0.397961
-0.034791 0.406812
-0.035707 0.417188
-0.036317 0.425123
-0.037538 0.434584
-0.037538 0.444044
-0.038759 0.453810
-0.037843 0.465102
-0.042116 0.471816
-0.041505 0.481582
-0.041505 0.491958
-0.042421 0.501114
-0.045473 0.508744
-0.043031 0.519730
-0.045167 0.529191
-0.044862 0.535600
-0.048219 0.543535
-0.050050 0.552690
-0.048524 0.561541
-0.048524 0.571001
-0.048524 0.577410
-0.049745 0.586871
-0.049135 0.596026
-0.050966 0.602130
-0.049745 0.610675
-0.049135 0.619221
-0.051576 0.628376
-0.052187 0.634785
-0.052797 0.643330
-0.054323 0.650655
-0.052187 0.659200
-0.054323 0.665914
-0.056459 0.671407
-0.056154 0.678426
-0.058596 0.683920
-0.056459 0.693381
-0.057985 0.700095
-0.055544 0.705283
-0.058901 0.713828
-0.058290 0.720542
-0.058596 0.724509
-0.061037 0.731529
-0.062563 0.737327
-0.059206 0.745262
-0.060121 0.749840
-0.066530 0.750145
-0.062258 0.762047
-0.061037 0.767541
-0.059816 0.773034
-0.061953 0.778527
-0.063784 0.782495
-0.063478 0.788598
-0.062258 0.795007
-0.061037 0.800501
-0.062868 0.801111
-0.063173 0.808740
-0.065920 0.811182
-0.065310 0.816065
-0.064394 0.821558
-0.065310 0.824305
-0.066530 0.828578
-0.066530 0.831324
-0.065310 0.836207
-0.065310 0.839564
-0.067141 0.844447
-0.065615 0.846889
-0.067446 0.850551
-0.065920 0.851161
-0.067141 0.854823
-0.065004 0.860317
-0.067446 0.860317
-0.068056 0.860927
-0.067751 0.865505
-0.067751 0.866726
-0.070498 0.866115
-0.068972 0.869167
-0.065615 0.872524
-0.067751 0.874355
-0.068056 0.876186
-0.067446 0.876797
-0.067751 0.878933
-0.067446 0.879238
-0.067751 0.879543
-0.069277 0.879238
-0.065920 0.879849
-0.071413 0.878933
-0.068361 0.881985
-0.067141 0.884121
-0.067446 0.881985
-0.067446 0.883511
-0.069582 0.881680
-0.066530 0.883816
-0.066836 0.882900
-0.065920 0.881680
-0.067141 0.879543
-0.066836 0.878933
-0.067141 0.878323
-0.069582 0.873135
-0.065920 0.876492
-0.065004 0.874050
-0.066836 0.872829
-0.065004 0.871303
-0.067751 0.869167
-0.065615 0.866726
-0.065615 0.864589
-0.065920 0.862758
-0.064699 0.860012
-0.067751 0.853603
-0.063173 0.856044
-0.063478 0.852077
-0.062563 0.847804
-0.062563 0.845668
-0.066530 0.838649
-0.061953 0.838954
-0.061037 0.835902
-0.055849 0.838038
-0.064394 0.827662
-0.060121 0.822474
-0.061342 0.821863
-0.059206 0.814844
-0.059816 0.815149
-0.060732 0.808130
-0.057985 0.807215
-0.062258 0.795923
-0.056764 0.795007
-0.057985 0.789209
-0.057985 0.783715
-0.056154 0.778832
-0.058901 0.769066
-0.053407 0.771813
-0.059206 0.761132
-0.053102 0.757164
-0.052187 0.751366
-0.053102 0.744957
-0.053102 0.740074
-0.052187 0.732139
-0.049440 0.730308
-0.050050 0.720237
-0.050661 0.714133
-0.051881 0.706809
-0.045473 0.704062
-0.047609 0.693075
-0.050966 0.683004
-0.048830 0.681173
-0.049440 0.671407
-0.044862 0.666219
-0.043641 0.660115
-0.044862 0.652791
-0.041810 0.645772
-0.044862 0.634175
-0.040895 0.631733
-0.042421 0.619526
-0.039674 0.611286
-0.040895 0.603351
-0.033570 0.602130
-0.040284 0.585345
-0.039674 0.577715
-0.036927 0.571001
-0.038148 0.561846
-0.036012 0.555742
-0.034181 0.545061
-0.032655 0.540483
-0.033570 0.528581
-0.033265 0.520646
-0.028077 0.512711
-0.030519 0.500198
-0.030519 0.492874
-0.031434 0.477615
-0.026246 0.476394
-0.032350 0.460829
-0.027161 0.455031
-0.025636 0.445265
-0.025025 0.434889
-0.023804 0.427259
-0.025025 0.413221
-0.021668 0.408643
-0.023804 0.397046
-0.021973 0.385449
-0.021058 0.375072
-0.017396 0.369274
-0.019532 0.354320
-0.021363 0.342112
-0.017701 0.335398
-0.019532 0.321970
-0.013428 0.317392
-0.017090 0.302438
-0.013428 0.295419
-0.011292 0.285348
-0.012513 0.272530
-0.010987 0.263985
-0.010376 0.252998
-0.009461 0.240791
-0.009461 0.228889
-0.002747 0.225227
-0.007935 0.207221
-0.006104 0.196234
-0.003357 0.190435
-0.006104 0.174566
-0.004883 0.167852
-0.003052 0.155339
0.001526 0.148015
-0.002747 0.132145
0.006409 0.126957
-0.000916 0.112003
0.000916 0.100406
0.003967 0.088809
0.000610 0.074770
0.005188 0.068972
0.002747 0.050966
0.005799 0.044252
0.009156 0.033265
0.008545 0.021363
0.009156 0.012818
0.009156 -0.000610
0.016175 -0.007324
0.011902 -0.021668
0.014039 -0.033876
0.012513 -0.045167
0.010681 -0.057985
0.013733 -0.065615
0.014649 -0.082705
0.014954 -0.087893
0.014649 -0.103153
0.021973 -0.107425
0.020753 -0.120243
0.021973 -0.129704
0.021973 -0.141301
0.022279 -0.154424
0.026246 -0.164190
0.023499 -0.176092
0.025941 -0.186468
0.026551 -0.196539
0.033265 -0.202033
0.026551 -0.219123
0.027467 -0.230415
0.029298 -0.240181
0.028993 -0.250862
0.029908 -0.263680
0.032044 -0.273751
0.035096 -0.281991
0.033570 -0.292367
0.034791 -0.304270
0.034791 -0.312204
0.037538 -0.322886
0.036927 -0.334788
0.033265 -0.347301
0.041505 -0.350047
0.036622 -0.368664
0.040590 -0.374767
0.041505 -0.383007
0.042421 -0.396435
0.041505 -0.404065
0.042116 -0.413831
0.046693 -0.421766
0.043336 -0.435499
0.044862 -0.445265
0.046388 -0.454115
0.050661 -0.460219
0.046999 -0.472121
0.044862 -0.485549
0.047304 -0.490432
0.046693 -0.502335
0.057375 -0.499588
0.052492 -0.516678
0.052797 -0.524003
0.052492 -0.534684
0.053102 -0.545366
0.055239 -0.550554
0.053407 -0.562456
0.054933 -0.569781
0.055239 -0.581072
0.059816 -0.582293
0.054018 -0.597858
0.057375 -0.603656
0.054018 -0.611896
0.057070 -0.621662
0.058596 -0.626240
0.059816 -0.637532
0.060427 -0.639363
0.061647 -0.650655
0.063173 -0.657369
0.059816 -0.665304
0.061037 -0.670797
0.063173 -0.677816
0.061647 -0.688498
0.065310 -0.688803
0.060732 -0.702231
0.066836 -0.706809
0.065310 -0.712607
0.067141 -0.718406
0.062868 -0.727256
0.064699 -0.732444
0.069277 -0.733665
0.066530 -0.744041
0.066225 -0.748619
0.065004 -0.757469
0.072024 -0.756554
0.067446 -0.766625
0.064089 -0.779138
0.065004 -0.777917
0.067446 -0.784020
0.070803 -0.788598
0.070193 -0.793786
0.072634 -0.795312
0.072329 -0.802637
0.071718 -0.807520
0.072634 -0.809351
0.072329 -0.814234
0.071718 -0.819117
0.070803 -0.824915
0.079043 -0.820338
0.070803 -0.831935
0.071108 -0.836818
0.073244 -0.839869
0.072024 -0.841090
0.072329 -0.845668
0.073244 -0.848415
0.078433 -0.846889
0.074465 -0.853603
0.075381 -0.856044
0.075686 -0.856960
0.074770 -0.860927
0.073855 -0.865505
0.069582 -0.872524
0.072024 -0.869472
0.071413 -0.872829
0.074770 -0.870083
0.076296 -0.871609
0.076296 -0.874355
0.075381 -0.876492
0.074770 -0.878018
0.076296 -0.876186
0.074770 -0.878933
0.074770 -0.880154
0.072329 -0.881375
0.079958 -0.874660
0.073855 -0.883816
0.073244 -0.881985
0.072634 -0.881069
0.071718 -0.883206
0.073855 -0.883206
0.072634 -0.880764
0.077212 -0.878628
0.075381 -0.879238
0.074465 -0.880154
0.073244 -0.876492
0.073855 -0.878628
0.072024 -0.874050
0.070803 -0.879543
0.073244 -0.870998
0.069582 -0.872524
0.073855 -0.869472
0.073550 -0.867031
0.073244 -0.865810
0.072024 -0.863674
0.070193 -0.861538
0.072329 -0.856655
0.069887 -0.857265
0.072024 -0.852077
0.070803 -0.852077
0.074160 -0.844752
0.068972 -0.846278
0.065310 -0.844447
0.068056 -0.839259
0.065310 -0.837123
0.068972 -0.831629
0.068972 -0.827967
0.069887 -0.822169
0.065310 -0.819727
0.067446 -0.815149
0.065004 -0.810877
0.064394 -0.806604
0.064089 -0.802332
0.060427 -0.800195
0.068972 -0.786462
0.062258 -0.791955
0.064394 -0.781579
0.061647 -0.778832
0.062563 -0.772729
0.060427 -0.767846
0.061037 -0.761437
0.060732 -0.753197
0.061953 -0.749840
0.059511 -0.744041
0.058596 -0.737327
0.061953 -0.728477
0.057985 -0.726341
0.055239 -0.722373
0.054933 -0.711997
0.050966 -0.711692
0.054933 -0.699789
0.055239 -0.691855
0.055239 -0.685141
0.055544 -0.678426
0.052492 -0.672933
0.051881 -0.664083
0.051576 -0.657979
0.049440 -0.650349
0.048830 -0.644551
0.053713 -0.631123
0.046693 -0.629902
0.045778 -0.621662
0.045167 -0.610981
0.044252 -0.605487
0.046693 -0.594806
0.044252 -0.586566
0.045167 -0.577715
0.046083 -0.567339
0.041505 -0.563066
0.042421 -0.552080
0.041200 -0.544450
0.040284 -0.535295
0.036012 -0.532853
0.043641 -0.514237
0.035096 -0.512406
0.037538 -0.502335
0.037233 -0.490738
0.035096 -0.483108
0.036927 -0.468764
0.033570 -0.462661
0.032960 -0.451979
0.032044 -0.444044
0.030824 -0.435804
0.025636 -0.427564
0.029908 -0.414441
0.030519 -0.404370
0.025941 -0.399487
0.025941 -0.385144
0.024720 -0.376598
0.028382 -0.366222
0.026551 -0.354015
0.023804 -0.343028
0.023499 -0.331736
0.023194 -0.323496
0.023804 -0.311289
0.019532 -0.303964
0.019227 -0.292978
0.018921 -0.282296
0.021363 -0.267953
0.016785 -0.262154
0.014954 -0.252998
0.014649 -0.241096
0.013733 -0.230110
0.014954 -0.218818
0.012207 -0.208747
0.011902 -0.195318
0.009461 -0.187078
0.010071 -0.176092
0.007935 -0.163579
0.007935 -0.154424
0.007935 -0.142521
0.007324 -0.134587
0.007324 -0.119022
0.001831 -0.111393
0.004883 -0.100406
0.002747 -0.088809
0.001221 -0.075381
-0.000610 -0.066530
0.000305 -0.054018
0.000610 -0.041810
-0.000916 -0.031129
-0.004273 -0.020753
-0.003662 -0.011292
-0.001831 0.001221
-0.007324 0.010376
-0.010376 0.019532
-0.008850 0.032655
-0.008850 0.042116
-0.009461 0.054628
-0.010376 0.066530
-0.009461 0.080264
-0.011902 0.089419
-0.011902 0.100101
-0.013123 0.111087
-0.014039 0.121464
-0.014344 0.134281
-0.015870 0.144047
-0.014954 0.156865
-0.021058 0.163274
-0.017701 0.177007
-0.018006 0.188604
-0.021363 0.197760
-0.020142 0.208747
-0.020447 0.219733
-0.019532 0.231941
-0.021668 0.241096
-0.024415 0.251778
-0.025636 0.263985
-0.023804 0.273446
-0.028382 0.282907
-0.031434 0.290231
-0.030519 0.302133
-0.031129 0.311594
-0.028993 0.327158
-0.028687 0.336009
-0.029603 0.346995
-0.035707 0.351878
-0.032350 0.364696
-0.032655 0.376598
-0.034181 0.387890
-0.036012 0.399487
-0.037538 0.402844
-0.034791 0.419019
-0.038759 0.424818
-0.040284 0.435499
-0.038453 0.445265
-0.040590 0.454115
-0.040895 0.462355
-0.041810 0.472427
-0.040895 0.482498
-0.043947 0.491958
-0.043031 0.502640
-0.044862 0.509354
-0.044862 0.519425
-0.046388 0.526444
-0.048219 0.532243
-0.048524 0.543840
-0.047609 0.550554
-0.046693 0.564592
-0.049135 0.571917
-0.050050 0.578021
-0.051576 0.587786
-0.050050 0.594806
-0.047304 0.607929
-0.051576 0.610675
-0.052797 0.619526
-0.054018 0.627461
-0.048219 0.639363
-0.055544 0.639973
-0.056154 0.650349
-0.056459 0.656758
-0.055849 0.664388
-0.057985 0.671712
-0.056764 0.679647
-0.049440 0.695212
-0.056459 0.693075
-0.060732 0.699484
-0.058596 0.706809
-0.060427 0.712302
-0.058596 0.719626
-0.059206 0.726035
-0.060121 0.731834
-0.061342 0.737022
-0.060732 0.743431
-0.058901 0.752586
-0.061953 0.755943
-0.062868 0.761437
-0.064394 0.768761
-0.063173 0.773949
-0.063173 0.777612
-0.065004 0.784631
-0.063173 0.788293
-0.062258 0.794702
-0.063784 0.797143
-0.067446 0.800195
-0.066836 0.806604
-0.065004 0.810572
-0.067141 0.813318
-0.066530 0.820643
-0.067141 0.825526
-0.066836 0.828272
-0.067751 0.831629
-0.067141 0.835902
-0.067141 0.838038
-0.066836 0.844447
-0.070498 0.845058
-0.066530 0.849330
-0.067446 0.851161
-0.066530 0.854823
-0.068361 0.857265
-0.069277 0.858791
-0.068361 0.858486
-0.068361 0.863979
-0.068972 0.865505
-0.068056 0.868557
-0.069277 0.870693
-0.067751 0.872219
-0.069582 0.874050
-0.071413 0.874355
-0.072634 0.874355
-0.071413 0.877407
-0.070193 0.877712
-0.068361 0.879849
-0.068361 0.881985
-0.069582 0.880459
-0.067446 0.884121
-0.069887 0.881069
-0.067751 0.885342
-0.069582 0.881680
-0.065615 0.882900
-0.072634 0.878323
-0.061342 0.888394
-0.069887 0.879543
-0.070193 0.878628
-0.072024 0.877712
-0.069582 0.875271
-0.069277 0.877407
-0.066836 0.877102
-0.063784 0.880459
-0.066530 0.873745
-0.065920 0.872829
-0.068361 0.870693
-0.067446 0.867946
-0.065004 0.867641
-0.070498 0.860927
-0.057375 0.870388
-0.070193 0.854518
-0.063173 0.860317
-0.063784 0.854823
-0.063478 0.851772
-0.063784 0.849025
-0.066530 0.845973
-0.059816 0.847804
-0.063478 0.838649
-0.064394 0.836207
-0.065004 0.831935
-0.060121 0.828272
-0.062563 0.826136
-0.066836 0.816065
-0.063173 0.816980
-0.066530 0.808130
-0.059816 0.810877
-0.060427 0.804163
-0.057680 0.801111
-0.060121 0.795312
-0.058290 0.788293
-0.056459 0.786767
-0.056154 0.779748
-0.058290 0.773339
-0.060121 0.765709
-0.050050 0.768761
-0.057680 0.755943
-0.056154 0.749229
-0.058290 0.740989
-0.053713 0.736106
-0.051881 0.735801
-0.053102 0.723289
-0.048219 0.724815
-0.048524 0.715964
-0.050050 0.708945
-0.049745 0.700705
-0.046693 0.695822
-0.048524 0.689108
-0.051576 0.677816
-0.042421 0.681478
-0.043641 0.669271
-0.043031 0.661031
-0.047304 0.650655
-0.043947 0.644551
-0.043031 0.638752
-0.046083 0.627461
-0.039674 0.626850
-0.040590 0.614948
-0.040284 0.605487
-0.043031 0.594501
-0.037843 0.592364
-0.037843 0.581683
-0.043641 0.568560
-0.038148 0.565203
-0.040590 0.550249
-0.034791 0.549028
-0.036012 0.537431
-0.031129 0.532548
-0.031739 0.521867
-0.032960 0.512406
-0.028687 0.504776
-0.031434 0.492874
-0.029603 0.483718
-0.032960 0.473037
-0.023194 0.473037
-0.031129 0.453505
-0.028382 0.444349
-0.030824 0.433973
-0.029298 0.423292
-0.023499 0.420545
-0.025636 0.408032
-0.021973 0.400098
-0.022584 0.387280
-0.019532 0.377514
-0.021058 0.367443
-0.017701 0.356456
-0.019227 0.349437
-0.020447 0.334178
-0.013123 0.331431
-0.020447 0.310984
-0.015564 0.305795
-0.017090 0.295114
-0.008850 0.286874
-0.013123 0.274972
-0.012818 0.262154
-0.010681 0.252998
-0.007935 0.242622
-0.010681 0.231330
-0.008545 0.220344
-0.006104 0.209357
-0.006409 0.199591
-0.004273 0.189215
-0.005493 0.177923
-0.003662 0.167852
-0.004883 0.155339
-0.003357 0.145573
-0.002136 0.133061
-0.000916 0.123600
0.000305 0.112003
0.001221 0.100406
0.001526 0.090640
0.003662 0.077212
0.004883 0.067141
0.006409 0.058290
0.004578 0.046693
0.007019 0.036927
0.005799 0.024415
0.007630 0.011902
0.008545 0.001526
0.009766 -0.010681
0.009156 -0.018921
0.011902 -0.032044
0.012818 -0.043947
0.012818 -0.053713
0.014039 -0.066225
0.016785 -0.076296
0.016785 -0.086978
0.016480 -0.097964
0.018311 -0.109256
0.018616 -0.120853
0.018616 -0.130924
0.020753 -0.141301
0.021973 -0.153203
0.021973 -0.163884
0.024110 -0.175176
0.024720 -0.186468
0.027772 -0.196234
0.026246 -0.208136
0.028077 -0.218207
0.025330 -0.228889
0.028687 -0.238655
0.030824 -0.250557
0.030213 -0.261238
0.029908 -0.271920
0.030213 -0.282296
0.032655 -0.291757
0.033265 -0.302438
0.034486 -0.311899
0.036012 -0.323496
0.036012 -0.334178
0.033570 -0.346995
0.037233 -0.353404
0.038148 -0.363170
0.038453 -0.375378
0.039369 -0.385449
0.040284 -0.393078
0.040590 -0.403455
0.042116 -0.415052
0.042116 -0.423902
0.044252 -0.431837
0.044252 -0.444044
0.042116 -0.454421
0.044862 -0.462355
0.046083 -0.472121
0.048219 -0.478835
0.046999 -0.490127
0.046388 -0.499588
0.048219 -0.508133
0.049135 -0.515763
0.050661 -0.524613
0.049135 -0.535905
0.051271 -0.544755
0.053407 -0.551469
0.054018 -0.558794
0.054323 -0.567949
0.052797 -0.575579
0.054018 -0.584735
0.054933 -0.592669
0.055849 -0.601520
0.050966 -0.613727
0.057680 -0.618915
0.057985 -0.624409
0.059511 -0.632954
0.060121 -0.641499
0.060427 -0.648823
0.059511 -0.655843
0.059816 -0.663472
0.061953 -0.668661
0.059816 -0.675375
0.061037 -0.686056
0.062563 -0.690023
0.063478 -0.698264
0.064394 -0.703757
0.063478 -0.709250
0.064089 -0.718711
0.063478 -0.723899
0.065004 -0.730613
0.065615 -0.737327
0.065310 -0.741600
0.066225 -0.748009
0.067751 -0.754112
0.068056 -0.761742
0.068667 -0.764794
0.068056 -0.770287
0.068056 -0.774865
0.069887 -0.781884
0.067141 -0.784936
0.068972 -0.791650
0.070803 -0.796533
0.070193 -0.799890
0.068056 -0.806909
0.069277 -0.811487
0.070193 -0.814234
0.070193 -0.818812
0.069887 -0.820032
0.072329 -0.826746
0.072329 -0.828883
0.072329 -0.834376
0.073244 -0.835597
0.072634 -0.840175
0.072329 -0.841700
0.072024 -0.845363
0.072329 -0.849940
0.071718 -0.853908
0.077822 -0.852687
0.074160 -0.856655
0.073550 -0.860622
0.073855 -0.863063
0.072634 -0.866115
0.073855 -0.867031
0.073550 -0.868862
0.073550 -0.868862
0.074465 -0.870388
0.073550 -0.872524
0.074465 -0.876186
0.074160 -0.876797
0.073855 -0.877407
0.073855 -0.877407
0.073550 -0.879238
0.071108 -0.883816
0.073855 -0.879543
0.073855 -0.879849
0.072024 -0.880764
0.072024 -0.879543
0.071108 -0.881375
0.072024 -0.881069
0.069277 -0.881985
0.073244 -0.879849
0.072329 -0.878933
0.073550 -0.877407
0.072024 -0.878018
0.071413 -0.876186
0.072329 -0.874050
0.071718 -0.872829
0.071718 -0.871914
0.070193 -0.871609
0.071718 -0.868252
0.072329 -0.864895
0.069887 -0.865200
0.070803 -0.860622
0.071108 -0.859096
0.069887 -0.856655
0.068972 -0.855129
0.070803 -0.852992
0.068972 -0.850551
0.070803 -0.848415
0.068972 -0.843226
0.067751 -0.840480
0.066530 -0.838343
0.068056 -0.833766
0.068056 -0.831019
0.067141 -0.826746
0.065615 -0.822779
0.066530 -0.818812
0.064089 -0.814539
0.063173 -0.810877
0.064394 -0.804468
0.064394 -0.801416
0.062563 -0.795618
0.059511 -0.793481
0.063173 -0.786462
0.061647 -0.780358
0.061647 -0.775780
0.061037 -0.770592
0.060121 -0.764794
0.058596 -0.761132
0.059816 -0.755333
0.060427 -0.748924
0.059816 -0.743736
0.056459 -0.736717
0.053713 -0.733665
0.057375 -0.723899
0.055239 -0.717795
0.055544 -0.711081
0.054933 -0.705893
0.054018 -0.697958
0.051271 -0.691855
0.053102 -0.686361
0.053713 -0.678121
0.050966 -0.669576
0.051271 -0.662862
0.051576 -0.654927
0.049135 -0.649129
0.048830 -0.640278
0.048830 -0.635090
0.049135 -0.623798
0.046693 -0.617695
0.046693 -0.608539
0.045167 -0.600299
0.044862 -0.594195
0.043641 -0.585955
0.043947 -0.577410
0.043947 -0.566424
0.041200 -0.559404
0.041200 -0.551469
0.040284 -0.544145
0.039369 -0.537126
0.036012 -0.526749
0.038453 -0.517289
0.037233 -0.507218
0.034791 -0.500809
0.036622 -0.489212
0.033265 -0.481582
0.033570 -0.470290
0.033265 -0.463271
0.032960 -0.453200
0.033265 -0.443129
0.032655 -0.431227
0.025941 -0.427564
0.028687 -0.413526
0.027467 -0.402539
0.027772 -0.392773
0.028382 -0.382397
0.027772 -0.373241
0.025636 -0.362865
0.023804 -0.352794
0.023194 -0.343333
0.021668 -0.332652
0.023804 -0.324412
0.021058 -0.312815
0.019227 -0.303049
0.019837 -0.291147
0.018616 -0.281075
0.017090 -0.271920
0.016480 -0.260018
0.016175 -0.250557
0.014954 -0.238350
0.014039 -0.226142
0.011597 -0.220038
0.013123 -0.206610
0.009766 -0.197455
0.010987 -0.186163
0.009156 -0.173956
0.007630 -0.164190
0.007935 -0.153508
0.006409 -0.140996
0.004883 -0.131230
0.003967 -0.119327
0.003662 -0.110477
0.003052 -0.098880
0.002441 -0.086673
0.001526 -0.076907
-0.000610 -0.064089
0.000000 -0.054628
-0.002747 -0.042726
-0.001831 -0.031434
-0.004273 -0.020753
-0.005493 -0.010987
-0.005188 0.002441
-0.005188 0.011902
-0.006409 0.023499
-0.007630 0.033570
-0.008850 0.046388
-0.009461 0.057375
-0.010071 0.068972
-0.010071 0.079958
-0.013123 0.091250
-0.013123 0.101932
-0.012207 0.112308
-0.013428 0.123295
-0.015564 0.132145
-0.016785 0.144963
-0.015564 0.154729
-0.019837 0.165716
-0.019837 0.178838
-0.021363 0.188910
-0.020142 0.199896
-0.021668 0.210883
-0.021973 0.220344
-0.024415 0.231635
-0.022584 0.245064
-0.024415 0.250252
-0.025025 0.264290
-0.028077 0.272225
-0.026246 0.284127
-0.026856 0.295724
-0.029603 0.305185
-0.028687 0.315867
-0.031129 0.325938
-0.031434 0.336314
-0.031434 0.345775
-0.027161 0.362560
-0.033265 0.366832
-0.035401 0.376293
-0.036012 0.388501
-0.035401 0.397351
-0.037233 0.406507
-0.039674 0.416578
-0.040590 0.426038
-0.040284 0.433363
-0.039979 0.444655
-0.039979 0.454115
-0.044862 0.462355
-0.042421 0.473342
-0.042726 0.482498
-0.044252 0.490432
-0.044252 0.499283
-0.049135 0.508744
-0.044557 0.518509
-0.045167 0.526749
-0.047304 0.538041
-0.048830 0.543229
-0.048830 0.552385
-0.050050 0.559709
-0.050050 0.572222
-0.053102 0.576495
-0.049135 0.587786
-0.052187 0.596637
-0.049745 0.604877
-0.053102 0.611591
-0.054018 0.618915
-0.053102 0.627461
-0.054628 0.635090
-0.055239 0.642720
-0.056459 0.649129
-0.056154 0.657063
-0.056459 0.665609
-0.058290 0.672933
-0.056764 0.679952
-0.058290 0.686361
-0.056154 0.693075
-0.058596 0.701010
-0.058901 0.707419
-0.057375 0.714743
-0.060427 0.719626
-0.060427 0.724815
-0.061037 0.731223
-0.060427 0.738548
-0.063478 0.744652
-0.062563 0.750755
-0.063784 0.757469
-0.062868 0.762047
-0.065615 0.767846
-0.061342 0.774560
-0.062258 0.779443
-0.065310 0.784326
-0.063784 0.788598
-0.065310 0.791040
-0.065004 0.799585
-0.065310 0.802637
-0.066530 0.805994
-0.066530 0.813013
-0.065310 0.818201
-0.065920 0.818812
-0.067141 0.824610
-0.066836 0.828272
-0.066836 0.833766
-0.067751 0.835292
-0.067751 0.839564
-0.069277 0.842616
-0.068056 0.845973
-0.068972 0.848109
-0.067141 0.853298
-0.068361 0.854518
-0.068361 0.857265
-0.070498 0.858486
-0.068056 0.863369
-0.068361 0.864589
-0.070193 0.867031
-0.070498 0.867336
-0.068972 0.870083
-0.069277 0.873745
-0.069887 0.873745
-0.069277 0.874355
-0.071108 0.877407
-0.069277 0.877407
-0.069277 0.879238
-0.068361 0.879238
-0.067751 0.880764
-0.069887 0.881680
-0.066836 0.884426
-0.070193 0.882900
-0.065615 0.886563
-0.069582 0.882900
-0.065920 0.883511
-0.069887 0.881680
-0.069277 0.882595
-0.067141 0.882595
-0.069887 0.879849
-0.067751 0.880459
-0.068056 0.879543
-0.074465 0.874966
-0.067141 0.876492
-0.067446 0.874966
-0.068056 0.872524
-0.067751 0.873745
-0.068972 0.869778
-0.065615 0.869167
-0.066836 0.867946
-0.065310 0.866115
-0.066530 0.862453
-0.065310 0.860927
-0.062258 0.861538
-0.065004 0.852382
-0.065004 0.852382
-0.064699 0.850246
-0.061342 0.845363
-0.063173 0.842616
-0.061953 0.838954
-0.062563 0.836512
-0.061037 0.832850
-0.063173 0.827052
-0.061953 0.825526
-0.061342 0.819422
-0.064699 0.812708
-0.060427 0.813929
-0.061953 0.804773
-0.058901 0.804468
-0.057985 0.800501
-0.054628 0.795923
-0.058290 0.790429
-0.058290 0.784631
-0.055239 0.783410
-0.055544 0.774560
-0.055849 0.769982
-0.057985 0.761437
-0.049745 0.763878
-0.057375 0.747093
-0.052797 0.743736
-0.053713 0.738853
-0.053407 0.732139
-0.051881 0.726951
-0.054018 0.720847
-0.048219 0.716880
-0.049440 0.707419
-0.050966 0.702536
-0.049135 0.694906
-0.047609 0.686361
-0.048524 0.681783
-0.052187 0.670492
-0.046083 0.668050
-0.046693 0.656453
-0.044252 0.651875
-0.044862 0.643635
-0.043031 0.638752
-0.042116 0.629597
-0.043947 0.619526
-0.040284 0.615558
-0.042116 0.604266
-0.037843 0.598163
-0.040895 0.585650
-0.035401 0.582904
-0.038759 0.570696
-0.035401 0.562761
-0.038759 0.554521
-0.036012 0.546281
-0.036927 0.535600
-0.036012 0.528886
-0.032350 0.522172
-0.033876 0.513016
-0.032350 0.503250
-0.030519 0.492569
-0.032960 0.482192
-0.029603 0.474868
-0.032350 0.459914
-0.027161 0.456252
-0.031739 0.443739
-0.026551 0.437025
-0.026551 0.425733
-0.022279 0.418714
-0.024415 0.406201
-0.023499 0.396130
-0.020447 0.390637
-0.020447 0.376904
-0.021668 0.365307
-0.022279 0.356456
-0.015564 0.350963
-0.019837 0.335093
-0.018616 0.323801
-0.017090 0.315256
-0.015870 0.302133
-0.014954 0.294504
-0.014344 0.285348
-0.010376 0.275582
-0.013428 0.264290
-0.011292 0.252083
-0.008545 0.245369
-0.009461 0.232246
-0.009766 0.223395
-0.010071 0.207526
-0.001526 0.206610
-0.008240 0.185858
-0.003967 0.178228
-0.002136 0.167547
-0.001526 0.156560
-0.001221 0.143742
-0.001221 0.133061
0.000916 0.126347
0.000305 0.111393
0.000916 0.100101
0.000610 0.088504
0.006409 0.082400
0.003662 0.066225
0.002441 0.053407
0.003967 0.045473
0.005493 0.033265
0.007324 0.023499
0.003357 0.009766
0.010681 0.002441
0.009156 -0.010071
0.010071 -0.021363
0.012207 -0.028077
0.014039 -0.042116
0.016175 -0.053102
0.012513 -0.066530
0.021668 -0.068972
0.015564 -0.086367
0.017701 -0.098575
0.018311 -0.109561
0.018921 -0.119633
0.021058 -0.129398
0.019532 -0.141606
0.021973 -0.153203
0.021973 -0.164190
0.023804 -0.174566
0.026246 -0.184637
0.025330 -0.195318
0.028382 -0.206305
0.024110 -0.221564
0.028993 -0.226753
0.028382 -0.240791
0.032350 -0.249641
0.032044 -0.260018
0.032350 -0.269784
0.034486 -0.281075
0.031434 -0.291757
0.037233 -0.300302
0.034486 -0.312815
0.035401 -0.323191
0.035401 -0.334483
0.042421 -0.339061
0.036012 -0.355235
0.035096 -0.365307
0.039369 -0.375072
0.039064 -0.385144
0.042116 -0.394299
0.039369 -0.403455
0.041505 -0.413221
0.042726 -0.420850
0.044557 -0.433973
0.046083 -0.440687
0.044557 -0.451674
0.047914 -0.458388
0.045167 -0.473647
0.051576 -0.474868
0.046083 -0.492569
0.050356 -0.498367
0.050661 -0.507218
0.049745 -0.514542
0.049440 -0.526139
0.050661 -0.533158
0.055239 -0.540178
0.054018 -0.551469
0.053407 -0.560625
0.054018 -0.567644
0.055849 -0.575884
0.056459 -0.584429
0.053713 -0.596332
0.057375 -0.597858
0.057070 -0.611591
0.056154 -0.616779
0.060121 -0.624104
0.060121 -0.630818
0.060732 -0.639058
0.061953 -0.646992
0.062258 -0.654622
0.061953 -0.663472
0.061037 -0.669271
0.060427 -0.678732
0.069277 -0.677206
0.063173 -0.691244
0.062868 -0.699179
0.063478 -0.704978
0.064394 -0.712302
0.066530 -0.717185
0.064394 -0.723289
0.069277 -0.725730
0.066836 -0.736717
0.067446 -0.742210
0.066836 -0.748619
0.070193 -0.753197
0.061647 -0.764489
0.066836 -0.768761
0.071718 -0.766320
0.066225 -0.780358
0.071108 -0.780053
0.068972 -0.786157
0.070803 -0.789514
0.072329 -0.794702
0.069887 -0.801416
0.072634 -0.800806
0.072329 -0.809961
0.068667 -0.813929
0.070193 -0.819727
0.075381 -0.819117
0.071413 -0.825221
0.072329 -0.831324
0.073244 -0.834681
0.072634 -0.836512
0.073855 -0.839869
0.073550 -0.842311
0.073550 -0.844752
0.072329 -0.847194
0.074465 -0.851772
0.073855 -0.851466
0.074770 -0.858486
0.073550 -0.859706
0.073244 -0.863674
0.078738 -0.857265
0.072329 -0.868557
0.076601 -0.864895
0.074160 -0.868862
0.074770 -0.870693
0.074465 -0.872524
0.074465 -0.875576
0.075991 -0.874050
0.074770 -0.874355
0.074770 -0.876492
0.072329 -0.876797
0.078127 -0.874966
0.073244 -0.880764
0.074465 -0.880154
0.074770 -0.879238
0.072634 -0.882900
0.073855 -0.878933
0.074465 -0.878933
0.072634 -0.877712
0.074465 -0.876797
0.072024 -0.877712
0.077822 -0.872829
0.072329 -0.877102
0.073855 -0.874355
0.071413 -0.875576
0.077212 -0.866115
0.071108 -0.871609
0.070803 -0.870388
0.072024 -0.867336
0.068667 -0.867031
0.072024 -0.864284
0.069887 -0.861843
0.068667 -0.861232
0.071718 -0.856044
0.069887 -0.853603
0.068972 -0.852382
0.070803 -0.846278
0.068972 -0.845973
0.067751 -0.845363
0.070193 -0.836818
0.067141 -0.837123
0.068972 -0.833155
0.067446 -0.829188
0.068056 -0.825221
0.067751 -0.822169
0.067141 -0.818201
0.068056 -0.810877
0.066530 -0.807825
0.065310 -0.802637
0.061953 -0.800806
0.068056 -0.792566
0.065004 -0.791040
0.063173 -0.784631
0.064394 -0.781274
0.062563 -0.776086
0.060427 -0.770898
0.063173 -0.763878
0.061037 -0.761132
0.061037 -0.754112
0.058290 -0.748314
0.060427 -0.739769
0.058290 -0.736106
0.057680 -0.732444
0.057375 -0.724509
0.061647 -0.710471
0.055239 -0.712302
0.056459 -0.702841
0.053407 -0.698569
0.055849 -0.691855
0.054018 -0.684225
0.053713 -0.677816
0.055544 -0.667135
0.053713 -0.661946
0.049135 -0.658284
0.049745 -0.648518
0.051881 -0.639363
0.049745 -0.633564
0.049745 -0.625935
0.046388 -0.616169
0.045778 -0.613117
0.045778 -0.600604
0.046388 -0.592364
0.046083 -0.582293
0.046083 -0.574358
0.043947 -0.569781
0.046083 -0.557573
0.042421 -0.550249
0.039979 -0.541704
0.040590 -0.535905
0.043641 -0.520341
0.037538 -0.517289
0.040284 -0.506607
0.036622 -0.498672
0.037233 -0.490127
0.037538 -0.478530
0.035707 -0.472427
0.032960 -0.458998
0.032655 -0.449232
0.033570 -0.442518
0.030824 -0.433058
0.030824 -0.423902
0.028993 -0.413831
0.027772 -0.405896
0.030519 -0.389721
0.026246 -0.386059
0.028382 -0.372631
0.026856 -0.362865
0.025330 -0.353710
0.024415 -0.343028
0.023194 -0.332347
0.024110 -0.319834
0.022889 -0.310678
0.021668 -0.300302
0.018311 -0.291147
0.022279 -0.277413
0.018921 -0.270394
0.017701 -0.257881
0.014954 -0.248726
0.017701 -0.237434
0.014649 -0.227668
0.014954 -0.215461
0.014344 -0.203253
0.017396 -0.193182
0.009461 -0.184027
0.010071 -0.173345
0.009461 -0.162053
0.008545 -0.152898
0.006104 -0.144353
0.010681 -0.123905
0.005188 -0.118717
0.005493 -0.108341
0.004578 -0.095523
0.003357 -0.085452
0.003357 -0.075076
0.000610 -0.063173
0.002747 -0.049745
0.000000 -0.041810
-0.001221 -0.031434
-0.002136 -0.019227
-0.001221 -0.007630
-0.004273 0.002441
-0.007324 0.013733
-0.006104 0.025636
-0.008240 0.032960
-0.008545 0.044557
-0.008850 0.057680
-0.005799 0.071718
-0.011292 0.079653
-0.012513 0.088809
-0.010071 0.103458
-0.014344 0.112613
-0.012513 0.124516
-0.017701 0.132450
-0.011902 0.149846
-0.017090 0.154729
-0.014344 0.169378
-0.018616 0.178838
-0.017701 0.189520
-0.021058 0.200812
-0.020447 0.209662
-0.021668 0.220649
-0.023804 0.231635
-0.023499 0.242927
-0.024415 0.255135
-0.025941 0.264901
-0.024720 0.274667
-0.032350 0.280160
-0.025025 0.297555
-0.031129 0.303659
-0.030824 0.315867
-0.028993 0.326853
-0.029603 0.337230
-0.030519 0.346690
-0.033570 0.357677
-0.031739 0.367443
-0.032960 0.377514
-0.035096 0.388195
-0.036012 0.399182
-0.033265 0.408948
-0.038759 0.415357
-0.037233 0.425733
-0.037233 0.436110
-0.037233 0.444655
-0.039979 0.453810
-0.039674 0.462355
-0.041810 0.474258
-0.041505 0.482803
-0.042116 0.494095
-0.042421 0.502640
-0.045167 0.508744
-0.045167 0.521561
-0.046693 0.527665
-0.041505 0.541704
-0.048830 0.543840
-0.047304 0.557573
-0.047609 0.563066
-0.046999 0.571917
-0.050661 0.580157
-0.050966 0.587481
-0.050966 0.596332
-0.053102 0.604877
-0.052797 0.613422
-0.053713 0.621662
-0.051881 0.628071
-0.053713 0.635090
-0.052187 0.644246
-0.053407 0.653401
-0.055544 0.657063
-0.056459 0.664388
-0.055239 0.674459
-0.056764 0.682394
-0.054323 0.689108
-0.057985 0.694296
-0.058290 0.701926
-0.058290 0.708335
-0.058290 0.716880
-0.061953 0.721152
-0.055849 0.732139
-0.062258 0.733970
-0.060732 0.740379
-0.062258 0.747398
-0.059206 0.750755
-0.061342 0.757775
-0.061342 0.763573
-0.063478 0.769982
-0.064394 0.775475
-0.064699 0.779748
-0.065310 0.784326
-0.063478 0.789819
-0.065615 0.793481
-0.064699 0.798364
-0.066530 0.804773
-0.066530 0.807520
-0.068361 0.809046
-0.065004 0.817591
-0.066530 0.821558
-0.065310 0.824915
-0.066836 0.828883
-0.066836 0.832850
-0.066836 0.836207
-0.064699 0.840480
-0.068056 0.843226
-0.065310 0.849940
-0.067446 0.848109
-0.067141 0.853603
-0.066836 0.856349
-0.067446 0.858791
-0.068056 0.858791
-0.067751 0.863369
-0.066836 0.866726
-0.069277 0.867946
-0.071108 0.867641
-0.068361 0.873745
-0.067446 0.872829
-0.068361 0.875271
-0.067446 0.875271
-0.068361 0.879543
-0.071108 0.877407
-0.068361 0.878933
-0.069277 0.881375
-0.068972 0.881680
-0.068361 0.881985
-0.068056 0.882595
-0.067751 0.884121
-0.069277 0.881985
-0.067141 0.885647
-0.069277 0.883511
-0.065310 0.885037
-0.068972 0.881680
-0.068361 0.881069
-0.069277 0.881985
-0.071108 0.876797
-0.065004 0.882900
-0.072634 0.874050
-0.063478 0.881680
-0.066836 0.876492
-0.063784 0.875881
-0.065004 0.873135
-0.065920 0.870693
-0.065310 0.869472
-0.068972 0.865200
-0.058901 0.871609
-0.068361 0.858791
-0.062563 0.861843
-0.064394 0.855434
-0.065004 0.851772
-0.063478 0.852077
-0.064394 0.848109
-0.060121 0.850551
-0.064394 0.842616
-0.061037 0.839564
-0.063478 0.835292
-0.060121 0.833766
-0.061342 0.830714
-0.065310 0.820643
-0.060121 0.822779
-0.062563 0.812403
-0.056459 0.816370
-0.059206 0.808130
-0.056154 0.808130
-0.057985 0.798975
-0.059206 0.795007
-0.055544 0.791650
-0.058901 0.784020
-0.056154 0.780053
-0.059816 0.772118
-0.048524 0.775170
-0.059816 0.757164
-0.055239 0.756859
-0.055544 0.749535
-0.051881 0.744041
-0.052187 0.738243
-0.052797 0.731834
-0.046083 0.732139
-0.052187 0.718406
-0.049135 0.716269
-0.050966 0.706504
-0.049135 0.702841
-0.047609 0.693075
-0.051271 0.683615
-0.043641 0.684835
-0.052187 0.667135
-0.038148 0.671712
-0.045473 0.657674
-0.041810 0.652791
-0.041810 0.646077
-0.043031 0.635395
-0.038148 0.632344
-0.042726 0.620136
-0.040590 0.613727
-0.042116 0.602435
-0.033570 0.602435
-0.038453 0.587176
-0.039674 0.576495
-0.040895 0.569475
-0.037843 0.561541
-0.036317 0.556047
-0.033265 0.547807
-0.031739 0.541398
-0.033265 0.527665
-0.032655 0.520035
-0.032350 0.512101
-0.032655 0.501114
-0.030213 0.491958
-0.032655 0.478530
-0.023194 0.481277
-0.031434 0.458998
-0.024720 0.457778
-0.026246 0.444349
-0.025636 0.436110
-0.024720 0.428480
-0.021973 0.416578
-0.022584 0.406812
-0.023499 0.396435
-0.020447 0.386975
-0.023804 0.374767
-0.017396 0.368358
-0.018921 0.356761
-0.022279 0.342418
-0.015870 0.338755
-0.018006 0.321360
-0.014344 0.315256
-0.013123 0.306101
-0.012513 0.295419
-0.013123 0.284127
-0.012818 0.272835
-0.012207 0.263070
-0.010681 0.250252
-0.007630 0.240791
-0.005799 0.232246
-0.006104 0.221870
-0.007324 0.208747
-0.005188 0.197455
-0.005188 0.188299
-0.000916 0.178838
-0.003967 0.165410
0.000000 0.154118
0.000000 0.144047
0.000305 0.134587
0.000610 0.122990
0.003357 0.111698
0.000610 0.099185
0.004578 0.088809
0.003052 0.077517
0.007935 0.068667
0.003967 0.054933
0.007630 0.044862
0.007324 0.032960
0.009156 0.021668
0.010071 0.012207
0.012513 -0.001526
0.012207 -0.010987
0.012513 -0.022279
0.012513 -0.034791
0.012818 -0.045167
0.013733 -0.054628
0.014344 -0.065310
0.017701 -0.075991
0.016785 -0.089419
0.017701 -0.100406
0.016480 -0.112308
0.021668 -0.120853
0.021058 -0.130314
0.021058 -0.143437
0.022889 -0.153508
0.022889 -0.163579
0.024415 -0.176092
0.026246 -0.187384
0.027467 -0.198370
0.027467 -0.207831
0.029298 -0.220649
0.023499 -0.234077
0.030519 -0.240486
0.029298 -0.251167
0.031129 -0.261238
0.032655 -0.270699
0.035401 -0.282601
0.033570 -0.292367
0.034486 -0.305185
0.035096 -0.314341
0.037538 -0.326243
0.035707 -0.336314
0.037538 -0.346080
0.037233 -0.354625
0.039369 -0.365001
0.040590 -0.375988
0.042726 -0.384228
0.041810 -0.395825
0.042116 -0.404675
0.043336 -0.411695
0.043641 -0.424207
0.044862 -0.433363
0.047304 -0.441908
0.046083 -0.453505
0.046999 -0.464797
0.046999 -0.471816
0.050661 -0.480056
0.048524 -0.490432
0.050356 -0.500504
0.050966 -0.508133
0.049745 -0.518815
0.050661 -0.526749
0.053713 -0.535905
0.053713 -0.543535
0.052492 -0.552690
0.054018 -0.560625
0.056459 -0.569475
0.054933 -0.579241
0.053713 -0.587481
0.057070 -0.596026
0.058290 -0.603961
0.057985 -0.611591
0.058901 -0.619526
0.060121 -0.625324
0.057985 -0.635090
0.060732 -0.641804
0.061647 -0.650655
0.061647 -0.657979
0.061037 -0.664998
0.063173 -0.671407
0.063173 -0.678426
0.062868 -0.685141
0.066530 -0.691855
0.063478 -0.699789
0.064699 -0.704672
0.066530 -0.712607
0.066836 -0.719321
0.065004 -0.724509
0.068667 -0.731529
0.067751 -0.736412
0.066836 -0.743431
0.069277 -0.747398
0.067446 -0.755333
0.069887 -0.760216
0.068972 -0.765404
0.069887 -0.771508
0.068972 -0.776696
0.070803 -0.781579
0.073244 -0.786157
0.071718 -0.790429
0.071108 -0.795923
0.071718 -0.802026
0.072329 -0.806299
0.071108 -0.809656
0.073244 -0.811792
0.071413 -0.820032
0.075381 -0.818506
0.073244 -0.826441
0.073550 -0.829798
0.072024 -0.836818
0.073244 -0.836512
0.073550 -0.840785
0.073855 -0.843226
0.074770 -0.846278
0.074160 -0.850246
0.075381 -0.852382
0.073550 -0.853603
0.075686 -0.857265
0.075686 -0.860927
0.075381 -0.864284
0.072329 -0.870083
0.076296 -0.868252
0.076296 -0.866115
0.074465 -0.870998
0.074465 -0.871914
0.075381 -0.874355
0.074770 -0.874966
0.075991 -0.874966
0.077822 -0.874355
0.074465 -0.878933
0.076601 -0.879238
0.074770 -0.881375
0.074770 -0.879238
0.073550 -0.880764
0.075381 -0.879543
0.074770 -0.879849
0.076601 -0.880764
0.075991 -0.878933
0.074160 -0.880154
0.074770 -0.879238
0.073855 -0.878933
0.073244 -0.877102
0.073855 -0.878628
0.073855 -0.877102
0.075686 -0.874355
0.074160 -0.874355
0.072024 -0.874355
0.074160 -0.873135
0.073550 -0.869472
0.072329 -0.865200
0.073550 -0.865505
0.072024 -0.862758
0.071413 -0.862758
0.072329 -0.858486
0.073244 -0.854823
0.071718 -0.852687
0.072024 -0.850246
0.071718 -0.847194
0.069582 -0.842921
0.070193 -0.841395
0.068972 -0.837733
0.069582 -0.835597
0.071413 -0.829798
0.068667 -0.826746
0.067446 -0.823084
0.066530 -0.818201
0.067751 -0.813318
0.066530 -0.809656
0.065004 -0.804163
0.066225 -0.802637
0.064699 -0.796533
0.064089 -0.790124
0.065615 -0.786157
0.066530 -0.779748
0.062563 -0.776086
0.064394 -0.770898
0.061647 -0.764794
0.063173 -0.760826
0.061647 -0.755638
0.060732 -0.747398
0.060121 -0.743736
0.058901 -0.737022
0.057070 -0.733970
0.058290 -0.724509
0.058290 -0.720542
0.056154 -0.711081
0.055849 -0.706809
0.056459 -0.698569
0.056459 -0.691855
0.055239 -0.684225
0.053407 -0.678426
0.052797 -0.671102
0.053102 -0.664388
0.051271 -0.655538
0.051881 -0.648213
0.050966 -0.639668
0.051576 -0.632649
0.049745 -0.627766
0.049135 -0.618915
0.047914 -0.608539
0.047304 -0.601520
0.047914 -0.594806
0.046083 -0.585955
0.044862 -0.580157
0.048219 -0.564898
0.044557 -0.560930
0.043336 -0.553606
0.043336 -0.543840
0.041200 -0.535905
0.041505 -0.526139
0.039674 -0.517289
0.038453 -0.508744
0.040284 -0.497147
0.038453 -0.489822
0.037233 -0.480361
0.036012 -0.471206
0.034791 -0.460829
0.036012 -0.451979
0.032655 -0.442518
0.031129 -0.431532
0.033265 -0.422681
0.030213 -0.413221
0.032044 -0.404675
0.027772 -0.393078
0.028077 -0.383923
0.028687 -0.373241
0.026856 -0.364086
0.025330 -0.353404
0.025330 -0.343944
0.025941 -0.331431
0.022889 -0.322581
0.021668 -0.312815
0.021363 -0.302438
0.021363 -0.291147
0.019532 -0.280465
0.020142 -0.271004
0.017396 -0.259713
0.017396 -0.251167
0.017701 -0.240486
0.015564 -0.227058
0.017396 -0.215461
0.014039 -0.207526
0.013123 -0.195013
0.011902 -0.183111
0.011597 -0.174566
0.009461 -0.163579
0.009461 -0.151372
0.008240 -0.142521
0.005799 -0.132145
0.006409 -0.120853
0.005493 -0.106204
0.005799 -0.096133
0.004578 -0.087893
0.003357 -0.075686
0.000916 -0.065004
0.001526 -0.053713
-0.001221 -0.043947
-0.000916 -0.030824
-0.002136 -0.020753
-0.001221 -0.008545
-0.003662 0.002747
-0.005799 0.012818
-0.005188 0.025025
-0.006104 0.034791
-0.007630 0.046083
-0.007324 0.057375
-0.009766 0.069277
-0.009766 0.079653
-0.011902 0.090030
-0.011292 0.100406
-0.012513 0.112003
-0.013123 0.124516
-0.015564 0.135197
-0.017701 0.144047
-0.016785 0.155644
-0.015870 0.167547
-0.017396 0.177923
-0.018616 0.188910
-0.017701 0.201422
-0.020447 0.210883
-0.019837 0.222175
-0.022584 0.233467
-0.024110 0.243233
-0.023499 0.254219
-0.024720 0.262154
-0.023194 0.277108
-0.025636 0.284738
-0.027772 0.295724
-0.028382 0.305795
-0.027772 0.315561
-0.029298 0.326548
-0.030519 0.337535
-0.030213 0.346995
-0.029603 0.360118
-0.032960 0.367443
-0.033570 0.374767
-0.032960 0.387890
-0.035401 0.397656
-0.035401 0.405591
-0.035707 0.416578
-0.036317 0.428785
-0.038453 0.435804
-0.038148 0.445265
-0.039979 0.455336
-0.040590 0.465102
-0.041505 0.475478
-0.041505 0.485244
-0.040895 0.494095
-0.040895 0.502945
-0.045167 0.509659
-0.042421 0.519730
-0.045473 0.527970
-0.046999 0.535905
-0.046693 0.544450
-0.045473 0.553606
-0.048830 0.560625
-0.046999 0.571307
-0.047609 0.581683
-0.048219 0.587481
-0.050966 0.596026
-0.044557 0.611896
-0.050050 0.612507
-0.051576 0.620136
-0.052187 0.628071
-0.052797 0.636006
-0.054628 0.641804
-0.053102 0.650960
-0.053713 0.657063
-0.055239 0.666829
-0.055239 0.672933
-0.056154 0.679037
-0.054628 0.686972
-0.057375 0.693991
-0.057680 0.701010
-0.056459 0.707114
-0.060121 0.714743
-0.057985 0.721458
-0.061342 0.724815
-0.061037 0.733360
-0.061342 0.738853
-0.060732 0.745567
-0.062258 0.750145
-0.062258 0.756554
-0.061037 0.762047
-0.061342 0.768761
-0.061037 0.774560
-0.062868 0.777917
-0.063478 0.784631
-0.062563 0.788293
-0.061953 0.793786
-0.063173 0.798364
-0.063478 0.804773
-0.065615 0.806604
-0.063478 0.814234
-0.065310 0.817286
-0.066530 0.821558
-0.062563 0.827357
-0.065615 0.829798
-0.066530 0.831324
-0.065004 0.835597
-0.065004 0.840785
-0.067751 0.843226
-0.067446 0.845058
-0.066836 0.849940
-0.068056 0.851772
-0.067141 0.855434
-0.065920 0.859096
-0.065615 0.861232
-0.066836 0.862758
-0.066836 0.864895
-0.068972 0.866115
-0.068361 0.868252
-0.067446 0.871914
-0.067751 0.872829
-0.070498 0.871609
-0.071108 0.875881
-0.068972 0.877712
-0.068056 0.879238
-0.068972 0.879543
-0.069277 0.879238
-0.068361 0.881985
-0.067446 0.881680
-0.064699 0.881680
-0.068056 0.883206
-0.067751 0.882595
-0.067446 0.883206
-0.067141 0.882595
-0.067751 0.881069
-0.066836 0.883206
-0.065004 0.882595
-0.067751 0.881985
-0.068972 0.879238
-0.067446 0.879238
-0.069887 0.875881
-0.066836 0.877407
-0.065615 0.875881
-0.065615 0.875271
-0.064394 0.874050
-0.065615 0.870388
-0.065615 0.870083
-0.065615 0.867336
-0.065310 0.863979
-0.063478 0.862453
-0.064394 0.860317
-0.068972 0.852077
-0.062563 0.856655
-0.063173 0.852687
-0.063478 0.849635
-0.062563 0.846583
-0.060732 0.843226
-0.062563 0.840785
-0.060732 0.836207
-0.061342 0.832850
-0.057985 0.831935
-0.061037 0.824915
-0.065004 0.817286
-0.062258 0.816980
-0.062868 0.809046
-0.057985 0.812403
-0.059816 0.802942
-0.051881 0.802637
-0.057680 0.795312
-0.057680 0.788293
-0.055849 0.785546
-0.057375 0.778527
-0.056459 0.773949
-0.057375 0.766015
-0.048524 0.767541
-0.056459 0.753197
-0.053713 0.751366
-0.053102 0.745262
-0.048524 0.739158
-0.050661 0.732749
-0.052187 0.726951
-0.049440 0.722983
-0.049440 0.714133
-0.048830 0.708640
-0.049440 0.701926
-0.041810 0.700400
-0.048830 0.686972
-0.051271 0.678121
-0.046388 0.673849
-0.048524 0.663167
-0.044862 0.658589
-0.043947 0.652791
-0.043947 0.642720
-0.042116 0.636921
-0.042726 0.628071
-0.041505 0.621052
-0.042116 0.611896
-0.039674 0.606708
-0.041810 0.596026
-0.034181 0.594806
-0.039979 0.578021
-0.039369 0.568560
-0.038148 0.562456
-0.037233 0.552995
-0.035401 0.546587
-0.034181 0.536821
-0.031434 0.531327
-0.031739 0.519730
-0.033265 0.511490
-0.030213 0.502640
-0.030824 0.492569
-0.028687 0.484329
-0.031739 0.471206
-0.024415 0.466323
-0.031434 0.452895
-0.024720 0.444655
-0.025025 0.435804
-0.025636 0.425733
-0.024720 0.415967
-0.026551 0.405286
-0.018921 0.398877
-0.021363 0.387280
-0.021668 0.376904
-0.020447 0.366222
-0.018006 0.358592
-0.018921 0.347606
-0.021973 0.332347
-0.018006 0.324717
-0.020142 0.310068
-0.012207 0.306406
-0.012818 0.294504
-0.011902 0.285958
-0.012207 0.274056
-0.011292 0.262764
-0.008850 0.254219
-0.009766 0.241096
-0.006714 0.231025
-0.008240 0.217597
-0.002136 0.213935
-0.010681 0.194098
-0.006409 0.186468
-0.001831 0.177923
-0.001526 0.166021
-0.003357 0.154424
-0.002136 0.143437
0.003967 0.135807
0.000610 0.122684
0.000916 0.111393
0.000916 0.100101
0.004883 0.088809
0.005188 0.078738
0.002747 0.064699
0.006409 0.055849
0.002747 0.042116
0.009766 0.036927
0.010376 0.023499
0.011902 0.014039
0.009766 0.002747
0.011597 -0.010071
0.014039 -0.017701
0.011597 -0.033265
0.014039 -0.043947
0.012513 -0.057070
0.021058 -0.060427
0.014344 -0.079653
0.015259 -0.089114
0.014344 -0.101321
0.017396 -0.112308
0.021058 -0.119327
0.019227 -0.131840
0.023804 -0.140690
0.021363 -0.155034
0.022279 -0.164190
0.023499 -0.173040
0.025330 -0.184637
0.025941 -0.196539
0.025330 -0.209967
0.031434 -0.214240
0.025330 -0.232551
0.029298 -0.238350
0.031129 -0.249336
0.032350 -0.259713
0.032350 -0.270089
0.032350 -0.282601
0.035401 -0.291147
0.033876 -0.302744
0.036927 -0.313730
0.034791 -0.325632
0.038453 -0.330210
0.036622 -0.346080
0.034791 -0.358898
0.037538 -0.365612
0.039064 -0.378735
0.041505 -0.382092
0.041810 -0.394299
0.043641 -0.403150
0.043641 -0.410779
0.044557 -0.424207
0.043947 -0.433668
0.045167 -0.444655
0.046083 -0.452589
0.044557 -0.464492
0.052492 -0.465712
0.045778 -0.484024
0.049440 -0.488601
0.046999 -0.501419
0.049745 -0.510880
0.048524 -0.519425
0.055239 -0.524613
0.054018 -0.531632
0.052492 -0.543840
0.053713 -0.552690
0.051576 -0.562761
0.056154 -0.569170
0.054323 -0.578936
0.053713 -0.590533
0.056459 -0.592364
0.052492 -0.606403
0.057680 -0.608234
0.060732 -0.616779
0.060427 -0.625019
0.059511 -0.633564
0.062868 -0.639973
0.061037 -0.648823
0.061647 -0.655843
0.062868 -0.663472
0.062563 -0.668966
0.065310 -0.674764
0.060427 -0.687277
0.058596 -0.696127
0.062563 -0.699179
0.062563 -0.709555
0.066530 -0.711692
0.064089 -0.721152
0.070803 -0.721152
0.065004 -0.730918
0.065004 -0.737327
0.068667 -0.741905
0.067751 -0.750145
0.068972 -0.755028
0.066836 -0.761742
0.074160 -0.761437
0.066225 -0.773644
0.068972 -0.777306
0.068667 -0.782800
0.068667 -0.788598
0.069887 -0.790429
0.071108 -0.797449
0.073244 -0.798669
0.072024 -0.806299
0.069582 -0.811182
0.070803 -0.813013
0.071718 -0.817286
0.070803 -0.824610
0.067751 -0.831324
0.073550 -0.827052
0.072329 -0.834986
0.073550 -0.836818
0.073244 -0.838954
0.073855 -0.843532
0.074465 -0.845668
0.074160 -0.848415
0.073550 -0.850246
0.073855 -0.856960
0.074160 -0.857570
0.075686 -0.861538
0.080569 -0.854213
0.072329 -0.867641
0.072634 -0.867641
0.072329 -0.869472
0.073244 -0.874355
0.074465 -0.871609
0.076296 -0.872829
0.076907 -0.872524
0.074465 -0.874966
0.074160 -0.878628
0.074160 -0.878018
0.075381 -0.877102
0.077212 -0.878933
0.072634 -0.881069
0.075991 -0.878628
0.072024 -0.883511
0.075686 -0.880154
0.074465 -0.879543
0.073855 -0.879849
0.073855 -0.878628
0.073550 -0.879849
0.075991 -0.875576
0.073550 -0.878018
0.071108 -0.877407
0.071718 -0.877712
0.074465 -0.872829
0.072329 -0.875271
0.068972 -0.875576
0.072024 -0.871914
0.068972 -0.872829
0.071718 -0.866421
0.073550 -0.866115
0.072024 -0.860622
0.072634 -0.860622
0.073550 -0.856044
0.070193 -0.854213
0.069277 -0.853603
0.068667 -0.850551
0.068972 -0.849940
0.073550 -0.839259
0.066836 -0.842616
0.067446 -0.838343
0.066836 -0.834376
0.065615 -0.834376
0.068056 -0.825221
0.065310 -0.823695
0.069582 -0.816675
0.065615 -0.813929
0.065615 -0.813318
0.065615 -0.804468
0.064699 -0.800806
0.064394 -0.797143
0.061647 -0.793176
0.065004 -0.784326
0.058901 -0.785852
0.062563 -0.775780
0.062563 -0.771203
0.061647 -0.766625
0.061037 -0.761132
0.060427 -0.753502
0.059511 -0.749535
0.058290 -0.744041
0.058901 -0.738243
0.059511 -0.730918
0.060427 -0.722373
0.055544 -0.720542
0.054933 -0.714438
0.056459 -0.705893
0.053713 -0.700705
0.054018 -0.692160
0.051271 -0.686666
0.053407 -0.677816
0.053713 -0.672018
0.053407 -0.665914
0.046083 -0.661641
0.049745 -0.650349
0.048524 -0.639973
0.047914 -0.635395
0.052797 -0.620441
0.045778 -0.620746
0.047304 -0.611896
0.047914 -0.601520
0.045167 -0.594806
0.046083 -0.587176
0.041810 -0.578936
0.045778 -0.569170
0.044252 -0.562456
0.039979 -0.552995
0.039674 -0.543840
0.040284 -0.535905
0.039369 -0.526444
0.036012 -0.520035
0.038148 -0.508438
0.035401 -0.502029
0.036622 -0.489517
0.034791 -0.480056
0.035096 -0.472427
0.034791 -0.462355
0.034486 -0.453505
0.034791 -0.440382
0.030824 -0.433973
0.030519 -0.423597
0.028993 -0.414747
0.033570 -0.399792
0.027467 -0.396435
0.025330 -0.385754
0.024415 -0.375988
0.023804 -0.367138
0.025636 -0.354320
0.023804 -0.343944
0.023194 -0.332347
0.023804 -0.324107
0.024720 -0.310984
0.019837 -0.303659
0.019837 -0.291757
0.018921 -0.281686
0.016480 -0.272530
0.014649 -0.261544
0.014649 -0.250557
0.016785 -0.238044
0.015259 -0.227973
0.014344 -0.217902
0.011597 -0.207526
0.013733 -0.193182
0.010071 -0.186163
0.010376 -0.175787
0.007324 -0.166326
0.007935 -0.152287
0.009461 -0.142521
0.007019 -0.132450
0.003357 -0.121769
0.004883 -0.107730
0.002441 -0.100406
0.003662 -0.084841
0.002441 -0.076907
0.003052 -0.063173
0.000610 -0.053713
-0.001831 -0.043947
-0.000610 -0.030519
-0.004273 -0.020753
-0.003357 -0.011292
-0.006104 0.000305
0.000305 0.016785
-0.007935 0.019532
-0.005799 0.035096
-0.007935 0.046388
-0.008240 0.056764
-0.011292 0.067446
-0.010376 0.078127
-0.009461 0.091556
-0.014344 0.101016
-0.011292 0.110477
-0.012513 0.122379
-0.014649 0.133061
-0.014039 0.144353
-0.020447 0.150761
-0.018921 0.165716
-0.020142 0.172430
-0.016785 0.188604
-0.019532 0.200812
-0.021058 0.210883
-0.022584 0.220344
-0.021058 0.230415
-0.025636 0.240791
-0.023499 0.251778
-0.026246 0.263070
-0.026246 0.272530
-0.021973 0.286874
-0.028687 0.292673
-0.030213 0.301218
-0.030213 0.314035
-0.030213 0.324717
-0.031129 0.337230
-0.032655 0.345164
-0.032960 0.354625
-0.033876 0.364391
-0.035096 0.375988
-0.033876 0.386364
-0.036927 0.395215
-0.035707 0.404675
-0.039979 0.412610
-0.038759 0.425123
-0.037843 0.434584
-0.038453 0.447401
-0.035096 0.457778
-0.039674 0.462966
-0.042116 0.473952
-0.042116 0.480667
-0.042116 0.492569
-0.043031 0.501724
-0.044862 0.510269
-0.046693 0.519120
-0.042116 0.530106
-0.046388 0.535905
-0.048830 0.542009
-0.047304 0.556047
-0.051576 0.560625
-0.048219 0.570696
-0.051576 0.579547
-0.046999 0.589923
-0.049745 0.596942
-0.053713 0.603351
-0.053713 0.610675
-0.054323 0.618915
-0.052187 0.627461
-0.055544 0.632038
-0.053713 0.646382
-0.058596 0.648518
-0.055849 0.659200
-0.057375 0.664998
-0.055544 0.672933
-0.057985 0.678426
-0.059206 0.686361
-0.056154 0.697043
-0.058901 0.700705
-0.058596 0.707724
-0.060121 0.712302
-0.058901 0.722373
-0.061342 0.725120
-0.063478 0.730613
-0.062258 0.738243
-0.062258 0.743736
-0.062563 0.750145
-0.061953 0.756859
-0.061342 0.763878
-0.064394 0.768761
-0.063478 0.773034
-0.063784 0.777612
-0.064699 0.783410
-0.065004 0.788598
-0.064699 0.794397
-0.061037 0.802637
-0.065920 0.802637
-0.066836 0.807215
-0.065004 0.812403
-0.066836 0.813929
-0.066530 0.819727
-0.067751 0.823389
-0.064394 0.829493
-0.067446 0.832850
-0.066836 0.834071
-0.067751 0.840175
-0.067751 0.842921
-0.068056 0.844752
-0.068972 0.846889
-0.069887 0.851772
-0.071108 0.853298
-0.068056 0.856960
-0.069887 0.860012
-0.068361 0.860622
-0.067141 0.865505
-0.069582 0.865810
-0.069582 0.869472
-0.067751 0.871914
-0.069887 0.871609
-0.068056 0.874355
-0.069277 0.877407
-0.068972 0.876492
-0.068056 0.877102
-0.069277 0.878323
-0.069887 0.880764
-0.071108 0.881069
-0.071718 0.881985
-0.067751 0.884426
-0.067751 0.880764
-0.070193 0.884426
-0.066836 0.885037
-0.069277 0.882595
-0.069582 0.882900
-0.071718 0.876797
-0.062868 0.888394
-0.073855 0.876797
-0.066530 0.882900
-0.068972 0.878323
-0.067751 0.878323
-0.070498 0.877407
-0.068056 0.874966
-0.064394 0.880459
-0.068056 0.872219
-0.066530 0.870083
-0.067446 0.867336
-0.065004 0.868557
-0.066530 0.864895
-0.068972 0.859096
-0.066530 0.859096
-0.067141 0.854823
-0.062563 0.858486
-0.063784 0.852382
-0.062258 0.852687
-0.063784 0.846889
-0.060732 0.845973
-0.061342 0.844142
-0.063784 0.835902
-0.060732 0.833461
-0.063478 0.825526
-0.056154 0.832850
-0.062258 0.818812
-0.063784 0.813318
-0.062868 0.811182
-0.061037 0.805994
-0.061342 0.803552
-0.061342 0.795312
-0.054323 0.801416
-0.061342 0.788293
-0.056764 0.784020
-0.061037 0.777306
-0.055239 0.774865
-0.057375 0.769066
-0.060427 0.757775
-0.050966 0.762658
-0.059206 0.746788
-0.051881 0.748009
-0.053407 0.738853
-0.050661 0.737938
-0.051881 0.727866
-0.050661 0.720542
-0.048830 0.717490
-0.051271 0.708945
-0.049440 0.701010
-0.052187 0.691244
-0.043031 0.693991
-0.048830 0.678121
-0.048219 0.670797
-0.050050 0.664693
-0.046693 0.658589
-0.046083 0.654012
-0.044557 0.641499
-0.039674 0.642109
-0.043641 0.630818
-0.040895 0.622578
-0.043031 0.612812
-0.041810 0.605792
-0.038759 0.600299
-0.044557 0.585040
-0.035401 0.587786
-0.044252 0.567034
-0.037233 0.564898
-0.037538 0.555437
-0.034791 0.548723
-0.037538 0.540178
-0.036012 0.528581
-0.031129 0.522782
-0.035707 0.510269
-0.031129 0.505387
-0.034181 0.490432
-0.028993 0.485549
-0.030213 0.473952
-0.032960 0.460829
-0.030213 0.455641
-0.029603 0.442824
-0.024720 0.438246
-0.026246 0.426344
-0.022279 0.421766
-0.023499 0.408643
-0.021363 0.396741
-0.021668 0.390332
-0.021973 0.377209
-0.023499 0.363781
-0.024110 0.352489
-0.011902 0.353710
-0.022584 0.333262
-0.017090 0.326548
-0.018616 0.315256
-0.017701 0.300607
-0.015259 0.294809
-0.016480 0.282907
-0.010987 0.276803
-0.012207 0.263680
-0.011292 0.253914
-0.010987 0.243843
-0.010071 0.232246
-0.009766 0.221870
-0.010376 0.208747
-0.007324 0.199896
0.000000 0.193487
-0.006104 0.178228
-0.003357 0.167547
-0.003662 0.157781
-0.003052 0.144963
-0.000916 0.135807
0.000610 0.124821
-0.000916 0.111393
0.001831 0.101932
0.002747 0.091556
0.004883 0.079653
0.005493 0.068056
0.004578 0.057070
0.008240 0.047609
0.006409 0.035096
0.007324 0.025025
0.007630 0.011902
0.010681 0.000916
0.010987 -0.008850
0.010987 -0.019532
0.010071 -0.030824
0.012513 -0.041810
0.013123 -0.053102
0.014344 -0.064394
0.014344 -0.075991
0.015564 -0.087588
0.017701 -0.099185
0.021668 -0.107425
0.019837 -0.117496
0.019837 -0.130619
0.020753 -0.141301
0.022279 -0.153203
0.021363 -0.164495
0.022889 -0.175481
0.025636 -0.186468
0.025636 -0.196539
0.026856 -0.206610
0.026551 -0.217902
0.026856 -0.228278
0.028993 -0.238960
0.028993 -0.249947
0.030519 -0.261544
0.030213 -0.270699
0.032350 -0.282601
0.032350 -0.290536
0.034486 -0.301523
0.033570 -0.312204
0.032044 -0.325022
0.035401 -0.332347
0.037538 -0.344859
0.039064 -0.353404
0.039369 -0.363475
0.039979 -0.373241
0.041200 -0.384228
0.041505 -0.392468
0.040590 -0.404675
0.043947 -0.413221
0.043641 -0.421461
0.041505 -0.434889
0.042726 -0.442213
0.045778 -0.451369
0.044557 -0.462050
0.045778 -0.470290
0.046999 -0.480972
0.047914 -0.488601
0.048524 -0.497147
0.049745 -0.507828
0.050356 -0.514847
0.051271 -0.524918
0.051271 -0.534379
0.050661 -0.542924
0.053102 -0.550859
0.050661 -0.562456
0.053407 -0.569170
0.054018 -0.576495
0.055544 -0.585650
0.054018 -0.593585
0.054933 -0.601215
0.058901 -0.608234
0.057985 -0.619526
0.055544 -0.625019
0.058290 -0.632954
0.059511 -0.639668
0.060427 -0.647603
0.059816 -0.655232
0.060732 -0.663472
0.059816 -0.668966
0.060121 -0.675680
0.062258 -0.684225
0.064394 -0.690634
0.063173 -0.697958
0.064394 -0.704978
0.063173 -0.710471
0.065310 -0.716880
0.063478 -0.723899
0.065615 -0.730003
0.065615 -0.735801
0.067141 -0.743126
0.067446 -0.747093
0.067446 -0.754112
0.070803 -0.757164
0.069277 -0.766320
0.067751 -0.770592
0.066225 -0.777306
0.067446 -0.780663
0.068667 -0.785852
0.069277 -0.791040
0.070803 -0.795312
0.071413 -0.800195
0.070193 -0.805383
0.069582 -0.809656
0.070193 -0.816370
0.068056 -0.815760
0.071718 -0.820948
0.071718 -0.825221
0.071108 -0.830409
0.075991 -0.831935
0.073855 -0.836512
0.073244 -0.840480
0.072329 -0.841700
0.072634 -0.846889
0.071108 -0.850856
0.072329 -0.852992
0.072634 -0.856044
0.074770 -0.856655
0.073244 -0.860317
0.072634 -0.863674
0.076296 -0.863674
0.072634 -0.868252
0.072329 -0.868557
0.073244 -0.869778
0.074465 -0.870998
0.071413 -0.875576
0.072024 -0.874966
0.073855 -0.876492
0.073244 -0.877407
0.072024 -0.878018
0.074465 -0.877407
0.074465 -0.879238
0.074465 -0.880154
0.075381 -0.880154
0.073550 -0.880154
0.073855 -0.879238
0.072634 -0.880764
0.072329 -0.879849
0.070803 -0.881069
0.074770 -0.879238
0.071718 -0.878018
0.072634 -0.877712
0.072634 -0.878933
0.072634 -0.874966
0.071413 -0.874660
0.072024 -0.873440
0.074160 -0.870388
0.072024 -0.870083
0.070803 -0.868862
0.072024 -0.867946
0.069887 -0.866115
0.071413 -0.865200
0.069887 -0.861232
0.071718 -0.856044
0.068667 -0.856960
0.067751 -0.854518
0.069582 -0.849940
0.070193 -0.845058
0.068972 -0.843837
0.067751 -0.839259
0.068667 -0.836818
0.068056 -0.833155
0.067446 -0.831019
0.065004 -0.828883
0.066530 -0.822169
0.065615 -0.816675
0.066530 -0.815149
0.065615 -0.809961
0.066530 -0.804163
0.064394 -0.802332
0.065004 -0.793481
0.061037 -0.791650
0.062563 -0.784631
0.061647 -0.781884
0.061647 -0.777001
0.061647 -0.772729
0.061037 -0.764489
0.060121 -0.759301
0.057985 -0.755638
0.061647 -0.750145
0.060427 -0.743431
0.058596 -0.737022
0.058901 -0.729698
0.055544 -0.723899
0.055849 -0.718406
0.053407 -0.715049
0.053102 -0.705588
0.054018 -0.700095
0.052797 -0.691855
0.053102 -0.686361
0.051576 -0.677816
0.052492 -0.671102
0.050966 -0.664388
0.050661 -0.653096
0.050966 -0.649434
0.050356 -0.640278
0.048219 -0.633564
0.048524 -0.627461
0.046388 -0.617389
0.046693 -0.609455
0.046388 -0.603961
0.044252 -0.593585
0.044252 -0.585040
0.042726 -0.576495
0.038453 -0.571001
0.042726 -0.560320
0.041505 -0.552690
0.040590 -0.545061
0.041200 -0.534379
0.040590 -0.526139
0.039979 -0.516984
0.038148 -0.508438
0.036622 -0.498978
0.035096 -0.489822
0.036622 -0.479141
0.034486 -0.471511
0.033876 -0.461135
0.031129 -0.451979
0.031434 -0.442213
0.030519 -0.432142
0.029908 -0.424207
0.030213 -0.413526
0.028382 -0.403150
0.026856 -0.395825
0.026551 -0.383007
0.026551 -0.373241
0.025636 -0.362865
0.023194 -0.351878
0.021363 -0.344554
0.023499 -0.332652
0.021668 -0.322581
0.019532 -0.313120
0.020142 -0.301523
0.018311 -0.290841
0.018921 -0.281075
0.017090 -0.271310
0.016785 -0.260933
0.016480 -0.249336
0.015259 -0.239570
0.012207 -0.229194
0.011902 -0.217902
0.011597 -0.207221
0.010376 -0.196539
0.010071 -0.185553
0.008545 -0.173650
0.008240 -0.162358
0.008240 -0.150761
0.007324 -0.143437
0.005188 -0.132145
0.004578 -0.119633
0.006104 -0.109867
0.003662 -0.096744
0.002747 -0.087588
0.001526 -0.077822
0.000610 -0.065004
0.001221 -0.053102
-0.002136 -0.043336
-0.002136 -0.032350
-0.003052 -0.021058
-0.002747 -0.008240
-0.004273 -0.000610
-0.002747 0.014039
-0.006409 0.024110
-0.009461 0.034486
-0.010376 0.046999
-0.010376 0.055849
-0.010987 0.068361
-0.010376 0.079653
-0.012818 0.090640
-0.014344 0.101321
-0.014344 0.112308
-0.012818 0.126347
-0.014954 0.133061
-0.016785 0.145268
-0.017090 0.155034
-0.017701 0.165716
-0.017396 0.177313
-0.019227 0.189215
-0.019837 0.199896
-0.022279 0.209967
-0.021668 0.221259
-0.024720 0.230110
-0.021058 0.244453
-0.028077 0.250252
-0.026856 0.261849
-0.026246 0.274972
-0.028077 0.281381
-0.027772 0.295114
-0.028993 0.304880
-0.030213 0.314035
-0.030519 0.325938
-0.031739 0.334483
-0.031739 0.345470
-0.034791 0.354625
-0.032350 0.367748
-0.034791 0.378124
-0.035096 0.387890
-0.036927 0.395520
-0.037233 0.405896
-0.037843 0.414136
-0.038148 0.423597
-0.042116 0.434889
-0.040895 0.444044
-0.042421 0.454115
-0.042116 0.464187
-0.043641 0.472427
-0.042421 0.482498
-0.042421 0.491958
-0.044252 0.499283
-0.046388 0.508438
-0.045473 0.517289
-0.046693 0.527360
-0.046693 0.536821
-0.048524 0.545061
-0.048219 0.553606
-0.048830 0.562761
-0.048830 0.570696
-0.050050 0.578021
-0.049745 0.587176
-0.051271 0.593890
-0.051881 0.604877
-0.052797 0.612507
-0.054018 0.618000
-0.052797 0.628071
-0.053102 0.637532
-0.053102 0.640889
-0.054628 0.649129
-0.054018 0.659505
-0.058596 0.664388
-0.056154 0.673544
-0.056764 0.681173
-0.057680 0.685751
-0.059816 0.690634
-0.060427 0.700400
-0.059206 0.706504
-0.059206 0.713523
-0.061037 0.722373
-0.060732 0.727256
-0.061037 0.732444
-0.062563 0.738853
-0.063478 0.743431
-0.061953 0.750755
-0.063173 0.754723
-0.063784 0.762658
-0.062563 0.767235
-0.062563 0.773949
-0.062563 0.777306
-0.064699 0.781884
-0.065920 0.787988
-0.062868 0.792871
-0.065310 0.798059
-0.067751 0.802637
-0.066836 0.807215
-0.065004 0.813318
-0.066836 0.815455
-0.065615 0.819727
-0.067446 0.824610
-0.067141 0.826746
-0.066836 0.831629
-0.066530 0.835292
-0.065920 0.839564
-0.067751 0.842311
-0.067751 0.845668
-0.069277 0.848109
-0.071413 0.849635
-0.070193 0.853908
-0.069582 0.855739
-0.068972 0.860012
-0.069887 0.861232
-0.069277 0.864589
-0.069277 0.866115
-0.071718 0.867946
-0.070498 0.870693
-0.069277 0.872524
-0.069582 0.871914
-0.069277 0.876797
-0.066836 0.878323
-0.071718 0.878933
-0.069277 0.879238
-0.069887 0.880459
-0.068361 0.879849
-0.068056 0.881069
-0.065920 0.884121
-0.069887 0.881680
-0.068972 0.883206
-0.069887 0.881680
-0.067141 0.885952
-0.067446 0.882900
-0.068361 0.882900
-0.067446 0.881680
-0.068972 0.881680
-0.067751 0.879543
-0.067446 0.878628
-0.068972 0.878933
-0.070193 0.875881
-0.066530 0.875271
-0.068361 0.874660
-0.067751 0.872219
-0.065615 0.870388
-0.067141 0.868252
-0.067141 0.867336
-0.065920 0.866115
-0.066530 0.861538
-0.065615 0.860317
-0.065920 0.857265
-0.063478 0.853603
-0.065004 0.852382
-0.063173 0.849940
-0.063478 0.845058
-0.062563 0.843532
-0.064394 0.838343
-0.062258 0.836818
-0.063173 0.831935
-0.062563 0.826136
-0.062868 0.824000
-0.057375 0.824915
-0.063173 0.817286
-0.062868 0.809656
-0.061953 0.808130
-0.060121 0.802942
-0.062258 0.795618
-0.060427 0.793176
-0.055239 0.790124
-0.057375 0.783715
-0.056154 0.778832
-0.057375 0.774255
-0.055239 0.768456
-0.053713 0.762963
-0.056764 0.754418
-0.051881 0.756859
-0.055849 0.742821
-0.052187 0.740074
-0.053407 0.732749
-0.050966 0.728172
-0.051881 0.720847
-0.051576 0.714133
-0.047304 0.709555
-0.050661 0.700705
-0.049135 0.695517
-0.049440 0.686666
-0.045167 0.684530
-0.047609 0.671407
-0.046693 0.663778
-0.046083 0.657979
-0.046693 0.650349
-0.046388 0.643941
-0.043031 0.634785
-0.042726 0.629902
-0.042421 0.620746
-0.044862 0.610065
-0.040284 0.607624
-0.040895 0.596026
-0.039979 0.590838
-0.039369 0.578631
-0.034181 0.575579
-0.040284 0.561541
-0.035096 0.555132
-0.034791 0.547807
-0.034181 0.538041
-0.035401 0.528275
-0.033265 0.520646
-0.032655 0.512406
-0.032960 0.501724
-0.030213 0.494400
-0.030824 0.484329
-0.028382 0.474868
-0.027772 0.467238
-0.029603 0.452284
-0.025636 0.446181
-0.029603 0.433668
-0.025025 0.428785
-0.024110 0.416883
-0.023499 0.406812
-0.022279 0.397046
-0.022279 0.387585
-0.018921 0.380566
-0.022279 0.365917
-0.021973 0.356761
-0.021363 0.344859
-0.013123 0.342112
-0.019837 0.325022
-0.016480 0.314646
-0.015564 0.306101
-0.014344 0.293283
-0.014649 0.284127
-0.014039 0.272835
-0.010376 0.264901
-0.009766 0.253914
-0.010071 0.242622
-0.009461 0.233161
-0.007935 0.220344
-0.006104 0.209662
-0.008545 0.197760
-0.002747 0.195318
-0.008240 0.175176
-0.002747 0.167547
-0.003967 0.156865
-0.002747 0.145573
0.001221 0.135197
-0.001221 0.122379
0.005799 0.116886
0.001221 0.101932
0.001526 0.090640
0.002747 0.078433
0.007324 0.070498
0.003967 0.055544
0.002441 0.041505
0.007019 0.036622
0.006409 0.020753
0.008545 0.011597
0.010376 0.001526
0.012513 -0.009461
0.010987 -0.021668
0.012207 -0.030824
0.013733 -0.039979
0.014039 -0.052797
0.015259 -0.066225
0.014039 -0.078433
0.021668 -0.081179
0.016175 -0.100406
0.021058 -0.108341
0.019227 -0.118717
0.019837 -0.131840
0.020142 -0.143132
0.021363 -0.152287
0.026246 -0.161138
0.023499 -0.173956
0.026856 -0.182806
0.026551 -0.194403
0.025941 -0.205695
0.028993 -0.217597
0.027772 -0.228889
0.032044 -0.236213
0.025636 -0.252998
0.030824 -0.258797
0.030824 -0.270089
0.032960 -0.280465
0.032960 -0.291452
0.032044 -0.303049
0.038148 -0.310678
0.035707 -0.324107
0.036622 -0.333872
0.032960 -0.346690
0.042421 -0.348827
0.036012 -0.365307
0.038453 -0.374767
0.037233 -0.383923
0.039674 -0.393689
0.041810 -0.403455
0.042116 -0.411389
0.044862 -0.420850
0.044557 -0.432142
0.045778 -0.440992
0.046083 -0.449843
0.047304 -0.460829
0.046388 -0.469375
0.044557 -0.483108
0.053407 -0.484634
0.046693 -0.500504
0.051576 -0.507218
0.051881 -0.514847
0.050966 -0.524918
0.050661 -0.532548
0.050661 -0.541704
0.055239 -0.549028
0.055239 -0.559404
0.055239 -0.569475
0.053102 -0.577715
0.057375 -0.584735
0.054933 -0.593280
0.056154 -0.607318
0.056459 -0.608539
0.056459 -0.618915
0.057985 -0.625629
0.060121 -0.632038
0.060732 -0.639668
0.061647 -0.647908
0.060121 -0.655843
0.062563 -0.662557
0.061953 -0.670186
0.061953 -0.675985
0.062563 -0.684835
0.069887 -0.683004
0.062258 -0.699789
0.062258 -0.706504
0.060121 -0.711386
0.064089 -0.716880
0.066530 -0.721458
0.066836 -0.730003
0.069277 -0.733055
0.066530 -0.740989
0.066530 -0.746483
0.068667 -0.751976
0.068056 -0.760216
0.069277 -0.761437
0.066836 -0.772118
0.073244 -0.769982
0.066530 -0.783715
0.071413 -0.786157
0.071413 -0.788598
0.071718 -0.795312
0.070193 -0.799890
0.071413 -0.804773
0.074770 -0.805383
0.065615 -0.820032
0.071718 -0.818506
0.071413 -0.820338
0.073550 -0.824610
0.072329 -0.827967
0.071718 -0.834376
0.073550 -0.835902
0.071108 -0.840480
0.073855 -0.842921
0.073855 -0.847804
0.073550 -0.848109
0.074770 -0.851466
0.073855 -0.856349
0.075991 -0.854823
0.074465 -0.858180
0.074160 -0.863063
0.074160 -0.863979
0.080874 -0.861232
0.072024 -0.868557
0.075991 -0.869778
0.072634 -0.871914
0.074160 -0.872829
0.072329 -0.876186
0.075381 -0.876492
0.076296 -0.874050
0.074770 -0.877407
0.074160 -0.877102
0.079348 -0.874660
0.075991 -0.878933
0.073244 -0.879238
0.071718 -0.881985
0.077822 -0.876797
0.073550 -0.882290
0.074465 -0.880154
0.076601 -0.879543
0.074160 -0.877712
0.073244 -0.877407
0.073855 -0.876797
0.075381 -0.874050
0.074465 -0.874966
0.074160 -0.873440
0.069277 -0.873135
0.074160 -0.869778
0.071413 -0.871609
0.069582 -0.870693
0.072024 -0.864895
0.071108 -0.867031
0.070193 -0.863063
0.071413 -0.861232
0.073550 -0.858486
0.071718 -0.854213
0.070803 -0.852077
0.072634 -0.848109
0.069582 -0.845668
0.068667 -0.842921
0.066836 -0.841395
0.074465 -0.831935
0.067446 -0.834071
0.067751 -0.831019
0.066225 -0.826441
0.067446 -0.822169
0.067141 -0.817896
0.064394 -0.813013
0.067751 -0.809961
0.064699 -0.805078
0.064699 -0.801416
0.065615 -0.793786
0.063478 -0.788903
0.061953 -0.786462
0.060427 -0.783715
0.067446 -0.770898
0.058901 -0.773034
0.063478 -0.764489
0.060732 -0.760826
0.061647 -0.753502
0.060121 -0.748009
0.060427 -0.742210
0.058901 -0.734581
0.054018 -0.734275
0.058290 -0.724509
0.056154 -0.718101
0.060121 -0.708029
0.056459 -0.705588
0.057070 -0.697653
0.055544 -0.690939
0.051881 -0.686361
0.053407 -0.676290
0.053407 -0.669576
0.051881 -0.663472
0.046999 -0.657369
0.050356 -0.648823
0.051881 -0.639058
0.048524 -0.634175
0.048830 -0.626240
0.043947 -0.619526
0.051881 -0.603961
0.043947 -0.603046
0.048830 -0.591144
0.044557 -0.585345
0.047304 -0.577410
0.044557 -0.569170
0.041810 -0.561541
0.044557 -0.548418
0.041810 -0.542009
0.040590 -0.532853
0.042421 -0.522477
0.039064 -0.514542
0.039064 -0.507523
0.036622 -0.498978
0.037538 -0.487991
0.033876 -0.480972
0.036622 -0.468764
0.034791 -0.458693
0.034791 -0.450148
0.033570 -0.443129
0.031129 -0.432752
0.034486 -0.418409
0.029908 -0.412610
0.030519 -0.403455
0.027467 -0.394604
0.032960 -0.377209
0.025636 -0.376293
0.027772 -0.361339
0.024110 -0.354930
0.021058 -0.345775
0.023194 -0.335398
0.023499 -0.321970
0.023194 -0.311289
0.020142 -0.301523
0.019532 -0.291452
0.020142 -0.278329
0.019532 -0.271920
0.015564 -0.260628
0.016480 -0.248726
0.015259 -0.238960
0.015259 -0.228278
0.013733 -0.216376
0.012207 -0.206610
0.013733 -0.195929
0.010376 -0.186468
0.009766 -0.173650
0.010376 -0.161748
0.007324 -0.152593
0.007935 -0.139775
0.007019 -0.128788
0.007324 -0.116886
0.006104 -0.106815
0.003662 -0.098575
0.002441 -0.085147
0.001526 -0.076296
0.002441 -0.064394
0.001831 -0.051271
0.000916 -0.042421
0.000610 -0.030213
-0.002136 -0.018921
-0.001526 -0.007324
-0.005493 0.000305
-0.004273 0.012513
-0.006714 0.023499
-0.001831 0.039979
-0.010071 0.045473
-0.009461 0.057680
-0.010071 0.068667
-0.010071 0.082400
-0.010987 0.089724
-0.010681 0.101016
-0.010987 0.115665
-0.013428 0.123905
-0.014954 0.135807
-0.013428 0.145573
-0.016480 0.157476
-0.016480 0.168157
-0.020447 0.174566
-0.017701 0.189520
-0.023499 0.198065
-0.021973 0.210883
-0.021363 0.221259
-0.021973 0.231330
-0.024720 0.241707
-0.022584 0.254219
-0.022584 0.266427
-0.023804 0.275277
-0.025025 0.284433
-0.030213 0.294809
-0.026246 0.308237
-0.029298 0.315561
-0.027161 0.328990
-0.031129 0.336314
-0.031739 0.347301
-0.028687 0.358287
-0.031434 0.367748
-0.033876 0.378124
-0.032350 0.386975
-0.035096 0.397046
-0.033265 0.408032
-0.037233 0.416883
-0.037538 0.426344
-0.039674 0.435499
-0.036012 0.447401
-0.039674 0.455336
-0.042726 0.461745
-0.040590 0.474258
-0.042421 0.483108
-0.041505 0.494400
-0.043947 0.502029
-0.044252 0.511490
-0.044862 0.520646
-0.045167 0.530106
-0.045473 0.537736
-0.044557 0.548112
-0.050050 0.553301
-0.050050 0.564287
-0.047609 0.572222
-0.050050 0.580157
-0.050661 0.589007
-0.049135 0.598163
-0.051271 0.605792
-0.051576 0.613727
-0.053407 0.620746
-0.049745 0.632038
-0.052797 0.636921
-0.053407 0.644551
-0.055849 0.650349
-0.052187 0.661336
-0.055544 0.665609
-0.055544 0.672933
-0.057375 0.682394
-0.056154 0.688192
-0.057375 0.695212
-0.057680 0.701926
-0.057680 0.708640
-0.057985 0.716269
-0.059206 0.722068
-0.060427 0.726035
-0.058290 0.733970
-0.058290 0.740989
-0.061037 0.744041
-0.060427 0.755333
-0.062563 0.757469
-0.062563 0.763878
-0.061037 0.767541
-0.060732 0.774560
-0.060427 0.780053
-0.062868 0.784936
-0.063478 0.790429
-0.064699 0.793481
-0.062868 0.798059
-0.065615 0.800501
-0.064699 0.810266
-0.067446 0.811792
-0.064394 0.816980
-0.065004 0.821558
-0.065615 0.826441
-0.062563 0.831019
-0.065004 0.834376
-0.066530 0.837428
-0.065615 0.838954
-0.067751 0.842311
-0.065004 0.847804
-0.067446 0.849330
-0.067446 0.854213
-0.069582 0.852687
-0.066530 0.860317
-0.069582 0.860012
-0.067141 0.862453
-0.068056 0.864895
-0.068361 0.867946
-0.069277 0.869472
-0.068056 0.870693
-0.065920 0.875881
-0.067141 0.876797
-0.068056 0.875271
-0.068972 0.878628
-0.067141 0.877712
-0.067446 0.879238
-0.070498 0.878933
-0.066836 0.885037
-0.071413 0.879543
-0.067446 0.883206
-0.066530 0.884121
-0.065920 0.883816
-0.068972 0.883206
-0.069277 0.882595
-0.063478 0.887783
-0.068361 0.880459
-0.066530 0.881375
-0.069582 0.878323
-0.064394 0.885037
-0.069582 0.879849
-0.072024 0.872829
-0.067751 0.878323
-0.072329 0.870693
-0.063784 0.877102
-0.065310 0.871609
-0.062258 0.877102
-0.065004 0.871609
-0.063478 0.868252
-0.063784 0.866726
-0.063478 0.863979
-0.063173 0.862758
-0.069887 0.851772
-0.057375 0.864589
-0.068056 0.848720
-0.062868 0.849330
-0.065310 0.844447
-0.061342 0.843532
-0.063784 0.842006
-0.063478 0.834376
-0.055239 0.836512
-0.062868 0.829188
-0.059206 0.826746
-0.066530 0.815760
-0.059816 0.817286
-0.058596 0.814234
-0.061953 0.803552
-0.055849 0.806909
-0.067141 0.787683
-0.057680 0.797449
-0.057985 0.789209
-0.055239 0.784326
-0.055849 0.780053
-0.056154 0.772423
-0.052797 0.772118
-0.056154 0.762658
-0.054018 0.756859
-0.055544 0.748314
-0.048830 0.750755
-0.055544 0.737938
-0.056764 0.728782
-0.055239 0.724509
-0.052797 0.719932
-0.048219 0.716269
-0.050050 0.706198
-0.044862 0.704367
-0.048830 0.695212
-0.046693 0.686972
-0.047304 0.681173
-0.046388 0.674459
-0.044252 0.666524
-0.048524 0.655232
-0.036012 0.659505
-0.048524 0.639058
-0.043031 0.635395
-0.044557 0.630512
-0.042116 0.620441
-0.039369 0.611286
-0.041505 0.602741
-0.037538 0.600604
-0.039369 0.587786
-0.038453 0.581683
-0.038453 0.568560
-0.036012 0.564592
-0.035707 0.554826
-0.039369 0.540178
-0.033570 0.540178
-0.035707 0.523392
-0.029603 0.521867
-0.030519 0.509354
-0.030519 0.504166
-0.029298 0.491958
-0.030213 0.481277
-0.026246 0.476394
-0.029298 0.463271
-0.027772 0.455336
-0.026551 0.441908
-0.019837 0.438246
-0.025025 0.424512
-0.023499 0.414747
-0.026551 0.404675
-0.021973 0.393384
-0.018921 0.388501
-0.021668 0.374767
-0.012818 0.371410
-0.019227 0.356761
-0.016480 0.348521
-0.016480 0.335704
-0.015870 0.324717
-0.015259 0.315256
-0.016480 0.303354
-0.012207 0.296030
-0.014344 0.282907
-0.011292 0.274056
-0.009766 0.262154
-0.010681 0.250252
-0.006409 0.241096
-0.009461 0.231330
-0.006409 0.219733
-0.007324 0.210578
-0.006104 0.197455
-0.003967 0.191046
-0.001831 0.177923
-0.003052 0.166021
-0.001831 0.156255
-0.002747 0.144353
0.000305 0.134281
0.001221 0.121769
0.003662 0.111393
0.002441 0.099796
0.003052 0.089419
0.004883 0.078738
0.012818 0.075686
0.007935 0.054628
0.007935 0.043947
0.009156 0.034791
0.010376 0.022889
0.010376 0.011597
0.012207 0.000000
0.011902 -0.012818
0.010376 -0.021973
0.012513 -0.032350
0.014954 -0.042421
0.015259 -0.054933
0.015564 -0.066836
0.017701 -0.075991
0.018616 -0.087893
0.020753 -0.097049
0.018921 -0.110782
0.021058 -0.121769
0.021973 -0.131840
0.023804 -0.143742
0.024415 -0.153203
0.024720 -0.164800
0.024720 -0.175787
0.024110 -0.186773
0.027467 -0.198370
0.028687 -0.209662
0.028382 -0.219123
0.025941 -0.233772
0.028993 -0.242927
0.031129 -0.249947
0.030519 -0.262154
0.030824 -0.271310
0.032960 -0.283212
0.033570 -0.293283
0.033876 -0.302133
0.036927 -0.313120
0.037843 -0.325022
0.039064 -0.333567
0.038453 -0.344554
0.039369 -0.354625
0.038453 -0.365917
0.040284 -0.376598
0.042726 -0.385449
0.042421 -0.394604
0.042116 -0.404981
0.044252 -0.413526
0.045167 -0.424512
0.042726 -0.435194
0.045778 -0.444044
0.044557 -0.453810
0.049440 -0.462050
0.048830 -0.473952
0.047304 -0.482498
0.049440 -0.492569
0.051576 -0.501724
0.051576 -0.510269
0.049745 -0.520341
0.050356 -0.526444
0.051881 -0.537736
0.053407 -0.545366
0.053407 -0.553301
0.051576 -0.560625
0.055849 -0.572527
0.057070 -0.577715
0.056459 -0.587786
0.058901 -0.594501
0.060121 -0.603046
0.055544 -0.612812
0.060121 -0.616169
0.058596 -0.627766
0.061037 -0.636616
0.060121 -0.643941
0.061647 -0.648518
0.062563 -0.655538
0.062563 -0.664998
0.061953 -0.671712
0.065004 -0.677511
0.063478 -0.686666
0.067751 -0.689108
0.065004 -0.698264
0.066836 -0.705893
0.066836 -0.713828
0.065004 -0.719016
0.067446 -0.724509
0.065310 -0.730613
0.065615 -0.735191
0.066836 -0.742210
0.068667 -0.749535
0.068056 -0.756859
0.076601 -0.755028
0.070193 -0.762963
0.068056 -0.774255
0.071108 -0.777306
0.069582 -0.781884
0.071413 -0.786157
0.071718 -0.791955
0.071413 -0.795923
0.071413 -0.801721
0.071718 -0.807520
0.072634 -0.809351
0.073855 -0.813623
0.072329 -0.817896
0.073855 -0.822169
0.072634 -0.827662
0.075991 -0.827357
0.072329 -0.833461
0.073244 -0.837123
0.073244 -0.840175
0.073855 -0.844447
0.073855 -0.846278
0.075686 -0.847804
0.074465 -0.852077
0.076907 -0.852687
0.078433 -0.856655
0.074770 -0.860622
0.073550 -0.862758
0.075686 -0.867031
0.075381 -0.866421
0.074465 -0.867641
0.073855 -0.869472
0.076907 -0.872524
0.075381 -0.873440
0.075686 -0.877102
0.075686 -0.876492
0.076907 -0.877102
0.074160 -0.878018
0.075381 -0.879543
0.075381 -0.878018
0.075686 -0.879543
0.073550 -0.882900
0.073855 -0.879543
0.073855 -0.879543
0.075381 -0.880764
0.073855 -0.880154
0.076907 -0.877102
0.074465 -0.879849
0.074465 -0.879238
0.075686 -0.877712
0.069887 -0.880154
0.073855 -0.876186
