# Sampling Rate: 100000 S/s
#
# channel_A channel_B
0.028077 -0.256050
0.028077 -0.266427
0.032044 -0.272530
0.029908 -0.281991
0.032960 -0.289621
0.031434 -0.297555
0.033265 -0.305490
0.032044 -0.314951
0.033876 -0.320139
0.033570 -0.329295
0.032960 -0.335398
0.035707 -0.341502
0.033876 -0.346995
0.035096 -0.354015
0.036622 -0.359203
0.035707 -0.364696
0.036927 -0.371715
0.036622 -0.376293
0.037843 -0.379955
0.036012 -0.385144
0.037233 -0.390027
0.039979 -0.393078
0.037843 -0.398267
0.039674 -0.400403
0.041505 -0.404981
0.039369 -0.406812
0.039979 -0.413526
0.038453 -0.415357
0.039979 -0.417188
0.039369 -0.419019
0.039064 -0.422376
0.040284 -0.420850
0.042116 -0.426038
0.040590 -0.426954
0.039979 -0.427259
0.041505 -0.429701
0.037843 -0.428785
0.039674 -0.428175
0.041505 -0.429395
0.040284 -0.427259
0.040284 -0.427564
0.038148 -0.428175
0.038148 -0.426344
0.038453 -0.421766
0.039979 -0.420850
0.037233 -0.417798
0.033876 -0.419935
0.036927 -0.415967
0.037538 -0.412610
0.035707 -0.408032
0.037843 -0.404065
0.036927 -0.401624
0.037843 -0.397351
0.033265 -0.397046
0.034791 -0.388195
0.035707 -0.383923
0.035401 -0.379650
0.035707 -0.370800
0.032960 -0.368664
0.032044 -0.365001
0.032350 -0.356761
0.032960 -0.352489
0.031129 -0.345164
0.029908 -0.338450
0.028382 -0.334178
0.027467 -0.326243
0.029298 -0.318613
0.027467 -0.311289
0.026856 -0.303964
0.026246 -0.295114
0.026551 -0.287790
0.022889 -0.279244
0.023194 -0.272225
0.023194 -0.264290
0.022889 -0.256355
0.021058 -0.248115
0.021363 -0.237434
0.019532 -0.228889
0.020753 -0.218513
0.020142 -0.208136
0.019227 -0.200201
0.017701 -0.191046
0.015564 -0.180975
0.014954 -0.170598
0.015564 -0.161443
0.012207 -0.152898
0.016785 -0.138554
0.012818 -0.132756
0.011597 -0.119022
0.010681 -0.112918
0.008545 -0.102847
0.009766 -0.089419
0.006104 -0.080874
0.006409 -0.068667
0.004883 -0.057680
0.005493 -0.047914
0.004883 -0.035096
0.005493 -0.022279
0.003052 -0.014649
0.001526 -0.003357
-0.000916 0.004883
-0.001221 0.016480
-0.000610 0.028382
-0.002136 0.038148
-0.003052 0.050050
-0.003662 0.061342
-0.004883 0.070498
-0.005799 0.080264
-0.007630 0.091250
-0.006409 0.102847
-0.010376 0.112613
-0.009766 0.122379
-0.009461 0.134281
-0.009766 0.143437
-0.011292 0.153203
-0.014649 0.163884
-0.013123 0.172735
-0.014344 0.181890
-0.018616 0.190741
-0.015564 0.202948
-0.014344 0.212409
-0.015564 0.220649
-0.018616 0.229804
-0.019227 0.238655
-0.019227 0.248421
-0.019227 0.258797
-0.019532 0.264901
-0.022584 0.274056
-0.021973 0.281991
-0.023499 0.288705
-0.022584 0.297555
-0.024415 0.305185
-0.023194 0.313730
-0.024720 0.318308
-0.025941 0.328684
-0.026246 0.333262
-0.024415 0.340281
-0.027772 0.347911
-0.026551 0.353710
-0.028687 0.358592
-0.028993 0.363781
-0.028993 0.370190
-0.029298 0.376598
-0.030519 0.382702
-0.026856 0.387585
-0.031434 0.391858
-0.032350 0.393078
-0.031739 0.396435
-0.031434 0.402234
-0.033265 0.405896
-0.033570 0.411389
-0.032655 0.411389
-0.033570 0.416578
-0.031129 0.415662
-0.031739 0.419935
-0.033265 0.422376
-0.031129 0.424512
-0.032655 0.426649
-0.032655 0.426038
-0.028993 0.427259
-0.032655 0.428480
-0.031739 0.430311
-0.030824 0.429395
-0.034181 0.429090
-0.031434 0.428175
-0.032655 0.427869
-0.032960 0.428175
-0.031434 0.427259
-0.033570 0.424512
-0.028687 0.423292
-0.030824 0.422071
-0.029603 0.418714
-0.029603 0.415967
-0.030519 0.412305
-0.030519 0.410474
-0.030519 0.406201
-0.027772 0.403455
-0.027772 0.397656
-0.031129 0.393384
-0.027772 0.390637
-0.028687 0.385449
-0.027772 0.381176
-0.025941 0.376598
-0.025636 0.371410
-0.024415 0.365612
-0.024415 0.360118
-0.025941 0.353404
-0.029603 0.341197
-0.024110 0.341197
-0.022584 0.333567
-0.021363 0.327769
-0.021363 0.319224
-0.021058 0.313120
-0.019227 0.305795
-0.018921 0.297861
-0.017701 0.290231
-0.015870 0.279855
-0.010987 0.278634
-0.017090 0.264901
-0.015870 0.256355
-0.015870 0.248115
-0.014039 0.238044
-0.012513 0.227973
-0.012818 0.220649
-0.012207 0.209967
-0.010987 0.202033
-0.010376 0.193793
-0.008850 0.184637
-0.003357 0.176702
-0.006409 0.164190
-0.005188 0.154729
-0.006714 0.143437
-0.002136 0.132756
-0.002136 0.123295
-0.003357 0.111393
-0.002747 0.101932
0.000305 0.090640
0.000916 0.083316
0.000916 0.070193
0.002747 0.060427
0.003052 0.049135
0.004883 0.037843
0.004578 0.027467
0.005493 0.017701
0.010376 0.009461
0.007935 -0.003357
0.007935 -0.017396
0.008545 -0.027467
0.011902 -0.037843
0.013123 -0.048830
0.013123 -0.057985
0.012513 -0.069582
0.016175 -0.081179
0.014954 -0.089724
0.014954 -0.101321
0.017090 -0.110477
0.016480 -0.121464
0.019837 -0.133061
0.020142 -0.142521
0.020753 -0.152898
0.021668 -0.160527
0.021363 -0.172735
0.022889 -0.180975
0.021973 -0.191656
0.023804 -0.200507
0.025941 -0.210883
0.026246 -0.217902
0.025636 -0.230720
0.026856 -0.236213
0.028993 -0.246284
0.028077 -0.255135
0.029908 -0.264290
0.030519 -0.271920
0.029298 -0.281075
0.033265 -0.288400
0.029298 -0.296030
0.032044 -0.304270
0.032960 -0.313425
0.032044 -0.320139
0.032655 -0.327158
0.032960 -0.333567
0.032655 -0.339061
0.033570 -0.345775
0.035401 -0.352489
0.034791 -0.357372
0.035096 -0.364086
0.036012 -0.371105
0.036622 -0.374767
0.037538 -0.379955
0.039064 -0.383923
0.037538 -0.388806
0.037538 -0.393078
0.039064 -0.397961
0.038453 -0.401013
0.039369 -0.404675
0.039369 -0.405896
0.039064 -0.413221
0.041200 -0.413221
0.039064 -0.415967
0.039064 -0.417798
0.040284 -0.421461
0.039979 -0.422071
0.041810 -0.424512
0.039979 -0.425428
0.038148 -0.427259
0.039674 -0.427259
0.041810 -0.426344
0.040284 -0.426344
0.039369 -0.428175
0.040284 -0.428175
0.037843 -0.426649
0.040284 -0.424512
0.039369 -0.423597
0.039674 -0.420545
0.039369 -0.420240
0.038453 -0.419935
0.037843 -0.416883
0.038148 -0.414441
0.037233 -0.413221
0.038453 -0.407117
0.035401 -0.405591
0.037233 -0.403150
0.036622 -0.397656
0.037843 -0.393078
0.035707 -0.389721
0.034486 -0.385754
0.033570 -0.379040
0.033876 -0.373241
0.035401 -0.367443
0.032044 -0.363475
0.033570 -0.358287
0.028687 -0.351268
0.029298 -0.345470
0.027467 -0.340281
0.032044 -0.331126
0.028993 -0.325327
0.026551 -0.318613
0.026246 -0.311289
0.025330 -0.304270
0.021973 -0.300912
0.024415 -0.288400
0.030213 -0.275277
0.024110 -0.274667
0.022279 -0.262459
0.024720 -0.254524
0.022889 -0.245369
0.021363 -0.237434
0.020753 -0.227058
0.019837 -0.220038
0.020142 -0.209967
0.016785 -0.200201
0.016785 -0.192877
0.016785 -0.180975
0.015564 -0.171209
0.013123 -0.161138
0.012513 -0.151067
0.014039 -0.140690
0.011597 -0.130619
0.010681 -0.121769
0.009766 -0.110172
0.007935 -0.100406
0.008240 -0.089114
0.006409 -0.081179
0.005799 -0.068361
0.005799 -0.058596
0.003357 -0.047304
0.007324 -0.031129
0.000305 -0.026856
-0.000916 -0.018921
-0.000610 -0.005188
0.000000 0.007019
-0.000916 0.017701
-0.002747 0.025941
-0.001526 0.039369
-0.002136 0.047609
-0.006104 0.059206
-0.005188 0.071718
-0.007935 0.080569
-0.007935 0.091250
-0.010376 0.099185
-0.004273 0.116886
-0.013123 0.120853
-0.010987 0.130619
-0.010681 0.144047
-0.013428 0.150151
-0.013428 0.162358
-0.017396 0.169073
-0.012818 0.187384
-0.015870 0.191961
-0.017090 0.200812
-0.017090 0.211493
-0.016480 0.220954
-0.017396 0.227973
-0.022279 0.234993
-0.020142 0.248115
-0.023499 0.250862
-0.020447 0.265816
-0.023194 0.273141
-0.021363 0.282296
-0.023194 0.290231
-0.024415 0.296945
-0.023804 0.307016
-0.024720 0.311899
-0.024415 0.319529
-0.025941 0.326243
-0.024110 0.335704
-0.028382 0.338145
-0.031434 0.343028
-0.025941 0.356151
-0.031434 0.355541
-0.028382 0.365612
-0.026246 0.370495
-0.028382 0.377209
-0.030519 0.380261
-0.031434 0.384838
-0.027161 0.391552
-0.031434 0.394604
-0.032655 0.396741
-0.033876 0.403150
-0.028382 0.410779
-0.033876 0.408032
-0.035707 0.410169
-0.032960 0.413526
-0.032350 0.416578
-0.031434 0.419019
-0.033265 0.421155
-0.030824 0.426038
-0.032655 0.426038
-0.034181 0.425123
-0.033265 0.427869
-0.032350 0.427869
-0.031129 0.428175
-0.034791 0.426344
-0.026856 0.435194
-0.036012 0.422681
-0.029298 0.426038
-0.031129 0.426649
-0.030213 0.425733
-0.032960 0.422071
-0.033876 0.419324
-0.028993 0.423597
-0.032655 0.415052
-0.031129 0.413526
-0.031739 0.410169
-0.024720 0.412915
-0.028993 0.406201
-0.032350 0.397961
-0.028382 0.398877
-0.032655 0.390027
-0.028687 0.392163
-0.025941 0.386059
-0.022279 0.381787
-0.025941 0.378124
-0.025941 0.368969
-0.024415 0.365612
-0.026551 0.358287
-0.023499 0.352489
-0.026246 0.344859
-0.017701 0.347301
-0.023804 0.331736
-0.021363 0.322581
-0.021973 0.318308
-0.022584 0.310068
-0.020142 0.303659
-0.020142 0.294809
-0.014649 0.290841
-0.017701 0.281075
-0.017090 0.275277
-0.017701 0.263985
-0.015259 0.255135
-0.015259 0.245674
-0.017090 0.234077
-0.010071 0.232551
-0.015870 0.217597
-0.010376 0.209662
-0.007935 0.204779
-0.008850 0.190435
-0.010071 0.183721
-0.008545 0.172430
-0.003967 0.166021
-0.007630 0.152593
-0.005188 0.142216
-0.003662 0.130619
-0.001221 0.123905
-0.007324 0.110172
-0.003357 0.096133
-0.000916 0.090640
-0.003967 0.077212
0.001526 0.070193
0.001526 0.059511
0.003052 0.048524
0.003967 0.038148
0.004883 0.026551
0.005799 0.017701
0.005188 0.002441
0.007324 -0.006104
0.006104 -0.018921
0.013123 -0.021668
0.007935 -0.039674
0.014039 -0.048524
0.010071 -0.061647
0.010987 -0.073244
0.012818 -0.078738
0.012818 -0.091556
0.017396 -0.099490
0.016175 -0.110172
0.015564 -0.121158
0.017396 -0.130619
0.016175 -0.143742
0.019227 -0.152593
0.017090 -0.166326
0.024110 -0.171514
0.017701 -0.186773
0.022279 -0.191656
0.024110 -0.201727
0.023804 -0.211188
0.025636 -0.220038
0.028077 -0.229499
0.028993 -0.235908
0.026551 -0.247505
0.028077 -0.255440
0.027772 -0.265206
0.031129 -0.270699
0.028382 -0.281686
0.027772 -0.292673
0.030519 -0.298166
0.028382 -0.309458
0.031434 -0.311899
0.025941 -0.325022
0.032960 -0.325327
0.035096 -0.333262
0.034791 -0.340587
0.032350 -0.347606
0.032960 -0.354625
0.035096 -0.359508
0.034791 -0.365917
0.041810 -0.363781
0.033265 -0.376293
0.034791 -0.383923
0.032655 -0.390027
0.037233 -0.392468
0.037843 -0.393384
0.034486 -0.401929
0.040284 -0.402234
0.040284 -0.404981
0.039064 -0.408948
0.040284 -0.410169
0.038453 -0.417493
0.039979 -0.416272
0.037233 -0.420850
0.045167 -0.415052
0.036012 -0.426649
0.039369 -0.426344
0.039064 -0.427564
0.038453 -0.429701
0.036927 -0.432142
0.036927 -0.429395
0.041200 -0.425428
0.037233 -0.429701
0.037233 -0.430311
0.040284 -0.426954
0.037538 -0.427259
0.039979 -0.424818
0.036012 -0.426649
0.041200 -0.417798
0.034486 -0.423597
0.039064 -0.415357
0.039064 -0.414441
0.037233 -0.412610
0.035707 -0.408032
0.036927 -0.405896
0.037538 -0.399487
0.032655 -0.398267
0.036622 -0.393689
0.036012 -0.388806
0.037843 -0.381176
0.033265 -0.383312
0.031129 -0.378735
0.030824 -0.371105
0.029298 -0.367748
0.033265 -0.359203
0.029298 -0.352489
0.032350 -0.343333
0.031434 -0.339061
0.028687 -0.333872
0.028993 -0.326243
0.026551 -0.318918
0.027772 -0.310984
0.026246 -0.303659
0.028993 -0.291452
0.021973 -0.288705
0.021363 -0.282296
0.020142 -0.274667
0.019532 -0.266732
0.021668 -0.255135
0.021973 -0.245979
0.021973 -0.236213
0.019837 -0.229194
0.016480 -0.220954
0.018921 -0.208747
0.018311 -0.200507
0.017396 -0.190435
0.013733 -0.183111
0.019532 -0.167852
0.010376 -0.162358
0.014344 -0.152287
0.011902 -0.143742
0.010376 -0.134281
0.010376 -0.120853
0.007935 -0.112918
0.010376 -0.098270
0.008545 -0.091556
0.004883 -0.078127
0.003662 -0.068667
0.006409 -0.060427
0.001526 -0.049440
-0.000916 -0.041200
0.012513 -0.014039
-0.002747 -0.019532
0.000916 -0.004273
0.000000 0.007630
-0.001221 0.014954
-0.000916 0.027467
-0.005188 0.037538
-0.002136 0.049440
-0.007324 0.059816
-0.006104 0.071718
-0.006714 0.079348
-0.003662 0.094302
-0.010681 0.100711
-0.012207 0.109256
-0.012207 0.120548
-0.014344 0.127873
-0.010987 0.141606
-0.012818 0.151982
-0.012513 0.164495
-0.015259 0.173040
-0.017396 0.180670
-0.017090 0.191351
-0.018921 0.200201
-0.018006 0.211188
-0.019227 0.222175
-0.015564 0.233161
-0.022279 0.236518
-0.022279 0.245064
-0.021668 0.253609
-0.024110 0.261544
-0.023499 0.271920
-0.022584 0.280160
-0.021363 0.292673
-0.025025 0.296030
-0.025636 0.305795
-0.025941 0.313425
-0.025636 0.318003
-0.023804 0.328990
-0.028687 0.331736
-0.024415 0.343028
-0.031129 0.341807
-0.027161 0.353710
-0.028077 0.359203
-0.028687 0.365001
-0.030519 0.369274
-0.031434 0.372631
-0.029603 0.382702
-0.030824 0.383618
-0.030519 0.389721
-0.030519 0.392773
-0.031739 0.398572
-0.033265 0.401013
-0.035707 0.401929
-0.035707 0.405896
-0.035401 0.408032
-0.032350 0.415357
-0.032960 0.417188
-0.032350 0.419630
-0.032960 0.421766
-0.034181 0.421766
-0.032960 0.426344
-0.033876 0.424818
-0.033876 0.426038
-0.032960 0.426954
-0.030824 0.430311
-0.034791 0.425733
-0.035707 0.427259
-0.034181 0.426038
-0.034791 0.424512
-0.032655 0.426344
-0.031739 0.424512
-0.031129 0.425123
-0.032350 0.422376
-0.032350 0.419935
-0.032655 0.415052
-0.029603 0.413526
-0.032655 0.410474
-0.031434 0.405591
-0.029298 0.406201
-0.030824 0.399182
-0.028993 0.397656
-0.029603 0.393078
-0.028077 0.390332
-0.028382 0.385754
-0.027772 0.379650
-0.025941 0.377514
-0.027161 0.369579
-0.026551 0.365307
-0.026551 0.357982
-0.025941 0.351268
-0.024415 0.346385
-0.028077 0.335704
-0.023194 0.333567
-0.026856 0.321970
-0.021973 0.319224
-0.019532 0.311289
-0.019532 0.304575
-0.018616 0.298166
-0.019532 0.289010
-0.016785 0.281991
-0.019532 0.272225
-0.016785 0.263680
-0.015870 0.256050
-0.012513 0.249947
-0.018616 0.234993
-0.017090 0.224921
-0.014039 0.217597
-0.014649 0.206610
-0.011292 0.201422
-0.009461 0.192877
-0.008545 0.184942
-0.008240 0.172735
-0.007324 0.161138
-0.007324 0.151677
-0.007324 0.143132
-0.004883 0.132145
-0.005799 0.122379
0.000000 0.115665
-0.002136 0.101016
-0.002747 0.088504
-0.001221 0.079958
0.000610 0.069277
0.000610 0.058290
0.001221 0.048219
0.003967 0.037843
0.004883 0.025636
0.004883 0.015259
0.005799 0.005799
0.006409 -0.005799
0.007019 -0.015259
0.006104 -0.028077
0.009156 -0.037843
0.009156 -0.051271
0.010681 -0.060427
0.014039 -0.070803
0.014649 -0.081790
0.014039 -0.090030
0.014344 -0.101627
0.017701 -0.109561
0.017396 -0.120548
0.018311 -0.131840
0.018311 -0.143742
0.023804 -0.151982
0.019227 -0.162664
0.017701 -0.174871
0.018921 -0.184027
0.021058 -0.194403
0.023194 -0.202033
0.023499 -0.210883
0.027772 -0.218513
0.024110 -0.230110
0.026856 -0.239570
0.025941 -0.247505
0.027772 -0.256050
0.026551 -0.266427
0.028382 -0.272835
0.033570 -0.278024
0.028382 -0.292367
0.031434 -0.302133
0.028993 -0.305185
0.028687 -0.315256
0.032350 -0.316782
0.032044 -0.327158
0.031434 -0.333872
0.032655 -0.340281
0.034486 -0.346995
0.033570 -0.351268
0.035707 -0.357982
0.034486 -0.365307
0.034791 -0.370800
0.036622 -0.375378
0.037233 -0.381176
0.036012 -0.387280
0.036927 -0.390637
0.034791 -0.394910
0.036622 -0.397046
0.039064 -0.403455
0.039064 -0.405591
0.034791 -0.413526
0.038453 -0.410779
0.036927 -0.414441
0.037538 -0.418104
0.039674 -0.420545
0.039064 -0.422987
0.038453 -0.423597
0.039064 -0.425428
0.039064 -0.427259
0.038148 -0.426038
0.039369 -0.427564
0.036622 -0.430921
0.039064 -0.429395
0.037233 -0.428785
0.039369 -0.426954
0.039064 -0.426649
0.036927 -0.426954
0.039979 -0.424512
0.037843 -0.424512
0.035707 -0.424207
0.039369 -0.419935
0.037233 -0.418104
0.037843 -0.414441
0.037538 -0.411695
0.036012 -0.406812
0.037538 -0.404981
0.035401 -0.401624
0.034486 -0.399792
0.033265 -0.393078
0.033265 -0.389111
0.032350 -0.386059
0.033265 -0.377209
0.033570 -0.375988
0.030213 -0.371105
0.031129 -0.362865
0.029908 -0.358592
0.029908 -0.352184
0.030213 -0.345470
0.028993 -0.339366
0.029298 -0.332041
0.028993 -0.325327
0.026551 -0.317698
0.028382 -0.311594
0.025941 -0.302438
0.022279 -0.299997
0.029298 -0.284433
0.020753 -0.285653
0.022889 -0.270394
0.020142 -0.263070
0.024720 -0.249947
0.021058 -0.245064
0.019532 -0.237129
0.022279 -0.225532
0.015564 -0.218513
0.017396 -0.209662
0.013733 -0.203253
0.017396 -0.189215
0.012818 -0.180364
0.010376 -0.175787
0.013733 -0.161443
0.005493 -0.155950
0.013733 -0.137638
0.010987 -0.131230
0.011597 -0.118412
0.009766 -0.112613
0.005799 -0.102542
0.007324 -0.085757
0.000305 -0.083316
0.007019 -0.068361
0.001526 -0.061953
0.007630 -0.042116
0.003357 -0.034791
-0.000916 -0.027467
-0.001526 -0.016785
-0.003357 -0.006714
-0.000610 0.007630
-0.003357 0.017396
-0.001221 0.033570
-0.004273 0.039369
-0.003662 0.048830
-0.005799 0.062868
-0.006409 0.071413
-0.011902 0.076296
-0.012207 0.089419
-0.002747 0.109867
-0.014344 0.109561
-0.009766 0.122990
-0.013123 0.132756
-0.010681 0.144353
-0.014344 0.153508
-0.017090 0.162969
-0.011292 0.180059
-0.015259 0.183416
-0.017090 0.195013
-0.018616 0.200812
-0.018006 0.213324
-0.019227 0.220649
-0.024110 0.225227
-0.017090 0.244758
-0.026856 0.242927
-0.018616 0.260628
-0.023499 0.265511
-0.022584 0.274667
-0.023194 0.284127
-0.023499 0.292367
-0.021973 0.301523
-0.025941 0.305185
-0.024110 0.312815
-0.028382 0.318003
-0.022584 0.328990
-0.026856 0.334483
-0.033570 0.335093
-0.028382 0.347606
-0.031434 0.350963
-0.027161 0.363475
-0.030519 0.366832
-0.026856 0.374157
-0.028993 0.378124
-0.031434 0.383618
-0.031129 0.389416
-0.033265 0.389416
-0.033265 0.396130
-0.033876 0.397656
-0.027161 0.408032
-0.034791 0.405286
-0.035707 0.407422
-0.035707 0.410474
-0.035096 0.415052
-0.033265 0.419019
-0.035707 0.420545
-0.030213 0.427869
-0.035096 0.424512
-0.032655 0.426649
-0.034791 0.427259
-0.033876 0.428480
-0.032960 0.429395
-0.036927 0.425733
-0.028382 0.435804
-0.037538 0.423597
-0.031739 0.429395
-0.035096 0.427869
-0.032960 0.426954
-0.032960 0.428480
-0.032655 0.423292
-0.029603 0.426344
-0.032960 0.422681
-0.032655 0.418104
-0.031739 0.417188
-0.032350 0.414136
-0.032960 0.408032
-0.031129 0.408032
-0.030519 0.402844
-0.030519 0.397961
-0.028687 0.396130
-0.028687 0.392468
-0.028993 0.385754
-0.028077 0.383007
-0.029603 0.376293
-0.025941 0.371715
-0.027772 0.366222
-0.024720 0.362255
-0.025941 0.353099
-0.023499 0.349437
-0.023194 0.339061
-0.023804 0.334178
-0.023194 0.328379
-0.021363 0.319529
-0.024110 0.314646
-0.021058 0.307016
-0.019227 0.297555
-0.019532 0.290231
-0.010987 0.288400
-0.019227 0.272225
-0.017090 0.265816
-0.015870 0.259102
-0.017396 0.248115
-0.014039 0.241401
-0.015564 0.229804
-0.013123 0.220344
-0.010987 0.211493
-0.011292 0.201727
-0.010987 0.193182
-0.010376 0.184027
-0.010071 0.173040
-0.007324 0.163579
-0.007935 0.154729
-0.006714 0.143437
-0.005799 0.133976
-0.004883 0.122684
-0.003967 0.112308
-0.005493 0.100711
-0.003052 0.091556
0.000000 0.082400
-0.000916 0.071413
0.001221 0.059206
0.002441 0.048524
0.002747 0.038759
0.002441 0.028077
0.003357 0.016175
0.004883 0.007019
0.006409 -0.004273
0.007324 -0.014344
0.007935 -0.025941
0.008240 -0.035707
0.007630 -0.046999
0.010376 -0.057070
0.012207 -0.068972
0.012207 -0.080264
0.012818 -0.089419
0.014344 -0.100711
0.014649 -0.109561
0.016480 -0.121158
0.017090 -0.131840
0.017090 -0.142521
0.016480 -0.152287
0.018921 -0.163274
0.021363 -0.173956
0.018616 -0.181585
0.019837 -0.192877
0.022279 -0.201117
0.023804 -0.210273
0.023804 -0.220954
0.026246 -0.224921
0.026856 -0.238960
0.025330 -0.245979
0.027772 -0.255135
0.026246 -0.263985
0.027467 -0.273446
0.029298 -0.279855
0.028382 -0.290231
0.030213 -0.297250
0.029908 -0.302744
0.030213 -0.311594
0.031434 -0.320139
0.032655 -0.325022
0.033265 -0.330210
0.032350 -0.337840
0.032960 -0.347911
0.034486 -0.352489
0.033570 -0.358898
0.033265 -0.363475
0.035096 -0.370495
0.035707 -0.375988
0.035707 -0.379345
0.035707 -0.383923
0.036927 -0.388806
0.036012 -0.393384
0.038148 -0.397046
0.037843 -0.399792
0.039064 -0.404370
0.037843 -0.410169
0.035401 -0.413221
0.037843 -0.415357
0.039674 -0.418409
0.039979 -0.417493
0.039674 -0.421766
0.039369 -0.422376
0.037233 -0.423902
0.039369 -0.426344
0.038148 -0.425123
0.040590 -0.423597
0.038453 -0.426954
0.037538 -0.427564
0.035707 -0.427564
0.039369 -0.426649
0.038148 -0.425123
0.037538 -0.426649
0.037843 -0.422681
0.033570 -0.426954
0.037233 -0.420240
0.035707 -0.419935
0.036622 -0.415357
0.035096 -0.412915
0.036012 -0.411084
0.034791 -0.408643
0.036012 -0.404675
0.035707 -0.398267
0.034791 -0.395520
0.033570 -0.392773
0.036012 -0.387585
0.034791 -0.384228
0.033265 -0.378735
0.032350 -0.374157
0.032350 -0.369884
0.030213 -0.362865
0.031129 -0.357982
0.029298 -0.351268
0.028993 -0.345164
0.027772 -0.338755
0.028993 -0.332041
0.027772 -0.326243
0.025636 -0.318308
0.027467 -0.310984
0.024110 -0.302438
0.023499 -0.293893
0.023804 -0.288705
0.022889 -0.279855
0.021668 -0.271920
0.022889 -0.263375
0.019532 -0.254830
0.020753 -0.245064
0.020142 -0.235908
0.018921 -0.227668
0.017090 -0.220649
0.016785 -0.207831
0.017701 -0.199591
0.014954 -0.191351
0.014954 -0.180975
0.014039 -0.171209
0.012513 -0.160527
0.010681 -0.151982
0.010071 -0.141911
0.009156 -0.130009
0.010071 -0.120548
0.008545 -0.109867
0.009156 -0.101016
0.007324 -0.087588
0.005493 -0.079043
0.003662 -0.068361
0.003662 -0.057680
0.003967 -0.047304
0.001831 -0.037233
0.003052 -0.023194
-0.000610 -0.014954
0.000000 -0.003052
-0.000916 0.006104
-0.001221 0.017090
-0.003967 0.029908
-0.003357 0.039979
-0.006409 0.048219
-0.006409 0.059206
-0.007324 0.072939
-0.007935 0.083010
-0.011292 0.087588
-0.007935 0.102237
-0.006409 0.118107
-0.010376 0.123905
-0.011902 0.134281
-0.014649 0.141606
-0.012513 0.154424
-0.015870 0.164190
-0.015870 0.172735
-0.017701 0.183416
-0.016785 0.194708
-0.023804 0.198065
-0.019532 0.211798
-0.019837 0.221870
-0.022279 0.230110
-0.018921 0.240791
-0.025941 0.247200
-0.021058 0.256966
-0.024110 0.266121
-0.022584 0.272835
-0.023194 0.283212
-0.023499 0.290231
-0.024415 0.299387
-0.028077 0.307321
-0.025941 0.312510
-0.027161 0.319834
-0.028382 0.326853
-0.028687 0.335398
-0.029298 0.340892
-0.029298 0.348521
-0.029603 0.353099
-0.029298 0.360729
-0.030824 0.365612
-0.030213 0.372021
-0.030519 0.375683
-0.032655 0.380261
-0.033570 0.383923
-0.031129 0.390332
-0.033570 0.394299
-0.033876 0.401013
-0.033570 0.403150
-0.031739 0.406812
-0.033570 0.409864
-0.032350 0.411084
-0.033876 0.414441
-0.032350 0.418104
-0.033570 0.421461
-0.032655 0.423292
-0.033876 0.424207
-0.034791 0.425123
-0.034181 0.428785
-0.035096 0.427869
-0.035401 0.429090
-0.035707 0.428480
-0.033570 0.428480
-0.036317 0.430311
-0.032960 0.428480
-0.034181 0.427259
-0.033570 0.429090
-0.033265 0.424512
-0.033876 0.424512
-0.032350 0.422681
-0.032655 0.420240
-0.032960 0.419324
-0.031434 0.415357
-0.031739 0.412610
-0.030213 0.409864
-0.030213 0.407422
-0.031434 0.402234
-0.025025 0.404065
-0.029298 0.396741
-0.028993 0.389416
-0.029298 0.385754
-0.028687 0.380261
-0.027161 0.377514
-0.028077 0.370190
-0.028077 0.365917
-0.025941 0.360118
-0.028687 0.353404
-0.025025 0.348827
-0.025941 0.339976
-0.023804 0.333567
-0.023499 0.327464
-0.023499 0.320139
-0.022584 0.311899
-0.021973 0.306101
-0.019837 0.297250
-0.021363 0.290231
-0.021668 0.281991
-0.017396 0.275582
-0.018006 0.264901
-0.017396 0.255135
-0.016785 0.247810
-0.013428 0.240181
-0.012207 0.229499
-0.011902 0.219733
-0.010987 0.213630
-0.012513 0.200507
-0.010681 0.193182
-0.010987 0.182195
-0.013428 0.169073
-0.009461 0.161138
-0.008545 0.152898
-0.006714 0.142827
-0.005493 0.132450
-0.008240 0.119938
-0.003662 0.111087
-0.001526 0.102237
-0.003662 0.090640
-0.001221 0.081790
-0.001526 0.068972
0.001526 0.059511
0.000916 0.049135
0.002441 0.037233
0.005188 0.028993
0.003967 0.015870
0.006409 0.007935
0.005188 -0.005188
0.007324 -0.017396
0.007324 -0.026246
0.010681 -0.038148
0.010681 -0.048219
0.007935 -0.061953
0.012207 -0.069582
0.014954 -0.078127
0.013733 -0.090335
0.014039 -0.101627
0.015259 -0.114750
0.016175 -0.121158
0.016480 -0.130924
0.017090 -0.141911
0.018921 -0.154729
0.018616 -0.163884
0.021363 -0.171819
0.019532 -0.180670
0.022889 -0.191351
0.021668 -0.201727
0.022279 -0.211493
0.023499 -0.220649
0.025330 -0.230110
0.022889 -0.240486
0.026551 -0.246284
0.026551 -0.254524
0.026856 -0.264595
0.026246 -0.273141
0.027772 -0.280465
0.029298 -0.289010
0.030213 -0.296945
0.031129 -0.303659
0.032044 -0.310678
0.029298 -0.318918
0.031434 -0.328990
0.033265 -0.331736
0.034486 -0.341197
0.034486 -0.346995
0.033876 -0.352489
0.033876 -0.358898
0.034791 -0.363475
0.034486 -0.369579
0.036012 -0.374462
0.036012 -0.380871
0.037538 -0.383312
0.037843 -0.388806
0.036622 -0.392468
0.036927 -0.397656
0.036622 -0.401318
0.035096 -0.404981
0.037538 -0.407727
0.036927 -0.414441
0.038148 -0.415662
0.038148 -0.416883
0.037843 -0.419019
0.039369 -0.421461
0.038453 -0.422071
0.038148 -0.427564
0.038453 -0.426954
0.037538 -0.426344
0.039979 -0.424207
0.037538 -0.429090
0.038148 -0.429395
0.038148 -0.427564
0.038148 -0.427259
0.036927 -0.426038
0.037538 -0.424512
0.037538 -0.422987
0.037233 -0.420850
0.039064 -0.421766
0.037538 -0.419630
0.036012 -0.415967
0.038453 -0.412610
0.035707 -0.410474
0.034791 -0.409558
0.034486 -0.405896
0.035401 -0.401318
0.036622 -0.395520
0.035096 -0.393689
0.036622 -0.388806
0.032655 -0.384228
0.031434 -0.376598
0.032044 -0.372936
0.028687 -0.372021
0.031129 -0.363170
0.029908 -0.356456
0.030213 -0.350047
0.029908 -0.345164
0.028077 -0.340281
0.028382 -0.333567
0.027467 -0.325022
0.026856 -0.315867
0.026246 -0.309763
0.023804 -0.303049
0.020753 -0.301523
0.025330 -0.288705
0.021973 -0.280465
0.024415 -0.269173
0.023194 -0.263985
0.019227 -0.256661
0.021058 -0.245369
0.018616 -0.237434
0.019532 -0.228278
0.018311 -0.218513
0.016785 -0.210273
0.016175 -0.200507
0.014344 -0.190741
0.014039 -0.182501
0.013733 -0.170293
0.014039 -0.161138
0.013733 -0.151372
0.010681 -0.141606
0.010071 -0.130924
0.008545 -0.120548
0.009766 -0.110172
0.007019 -0.100711
0.007019 -0.088198
0.004883 -0.078738
0.003662 -0.069277
0.004578 -0.057680
0.002747 -0.047914
0.003357 -0.035401
0.001221 -0.024720
0.001831 -0.013428
0.000916 -0.003967
-0.001526 0.005799
-0.002136 0.019837
-0.003357 0.026551
-0.006104 0.039369
-0.008545 0.046999
-0.001831 0.065004
-0.010987 0.066530
-0.006409 0.081790
-0.009766 0.092166
-0.008545 0.102847
-0.008850 0.113224
-0.010681 0.122379
-0.007935 0.137028
-0.013123 0.143742
-0.012207 0.153203
-0.013428 0.162969
-0.012818 0.175787
-0.017396 0.183721
-0.019837 0.189520
-0.018006 0.203864
-0.019837 0.209357
-0.018006 0.220954
-0.019532 0.228584
-0.021668 0.238655
-0.021058 0.248421
-0.020447 0.258187
-0.020142 0.268258
-0.021973 0.273141
-0.024720 0.279244
-0.028077 0.285958
-0.020447 0.304880
-0.027772 0.303354
-0.024415 0.312815
-0.026551 0.320444
-0.026856 0.326548
-0.028687 0.333872
-0.028993 0.339671
-0.027161 0.349132
-0.027161 0.353710
-0.028382 0.357982
-0.030213 0.365917
-0.028993 0.371715
-0.031434 0.375072
-0.034791 0.376904
-0.031129 0.389416
-0.034181 0.388501
-0.029603 0.394299
-0.031129 0.397961
-0.030824 0.401624
-0.033265 0.406507
-0.032350 0.408948
-0.032350 0.415052
-0.032655 0.415052
-0.032350 0.417493
-0.034181 0.418714
-0.028687 0.426649
-0.034791 0.422071
-0.034181 0.423902
-0.035707 0.425733
-0.034181 0.428480
-0.034791 0.428175
-0.032960 0.426649
-0.031434 0.431532
-0.032960 0.429090
-0.033265 0.426954
-0.033265 0.429395
-0.031434 0.426038
-0.031129 0.425733
-0.037233 0.420545
-0.029298 0.427869
-0.036317 0.417188
-0.031129 0.419324
-0.032350 0.415967
-0.029603 0.414136
-0.029298 0.411389
-0.032655 0.405286
-0.028382 0.405286
-0.031434 0.399792
-0.028993 0.394299
-0.030213 0.390942
-0.027772 0.387585
-0.026856 0.381481
-0.031129 0.372936
-0.025025 0.372326
-0.028077 0.362560
-0.026246 0.358287
-0.025941 0.355846
-0.022279 0.349437
-0.024110 0.342112
-0.021973 0.334178
-0.021058 0.330821
-0.024110 0.321360
-0.020447 0.311289
-0.022279 0.303964
-0.017090 0.301828
-0.018921 0.290841
-0.020447 0.282296
-0.017396 0.273141
-0.016480 0.261849
-0.015870 0.254830
-0.014344 0.249031
-0.012207 0.241096
-0.014344 0.229804
-0.012513 0.222175
-0.010681 0.212409
-0.012818 0.202643
-0.010987 0.192572
-0.015259 0.176702
-0.007935 0.175787
-0.010071 0.159917
-0.005799 0.153508
-0.005799 0.141911
-0.006409 0.132756
-0.003967 0.123295
-0.004883 0.111698
0.000610 0.104678
-0.000916 0.091250
-0.001831 0.081790
0.001221 0.071413
0.000916 0.058901
0.001831 0.049440
0.000305 0.034181
0.005493 0.030519
0.002441 0.012818
0.007324 0.006104
0.007324 -0.003357
0.009461 -0.015564
0.007630 -0.025636
0.009461 -0.036927
0.012818 -0.046388
0.012818 -0.057375
0.012513 -0.067446
0.014039 -0.082095
0.017396 -0.085147
0.012207 -0.102542
0.013123 -0.113834
0.017090 -0.120548
0.017090 -0.133366
0.017090 -0.143437
0.018921 -0.152898
0.019532 -0.159612
0.021363 -0.168767
0.021668 -0.180670
0.024110 -0.188910
0.023499 -0.201727
0.024720 -0.210273
0.021973 -0.220038
0.030519 -0.219428
0.022889 -0.241707
0.025636 -0.247810
0.025636 -0.256050
0.028993 -0.263985
0.026551 -0.272225
0.030213 -0.281075
0.031434 -0.285958
0.029908 -0.298471
0.031434 -0.304270
0.031434 -0.309458
0.033876 -0.319529
0.032350 -0.324107
0.032350 -0.332041
0.032655 -0.338755
0.034486 -0.346080
0.035707 -0.352489
0.035707 -0.358287
0.037233 -0.363781
0.036622 -0.369579
0.033570 -0.376598
0.039064 -0.374767
0.037843 -0.384228
0.038148 -0.388195
0.037538 -0.391858
0.040284 -0.395825
0.038148 -0.403150
0.034791 -0.408948
0.037843 -0.407117
0.035401 -0.413221
0.038453 -0.414747
0.038453 -0.416272
0.037843 -0.415662
0.039674 -0.416883
0.039064 -0.422376
0.039979 -0.420240
0.036927 -0.426649
0.039674 -0.425428
0.038453 -0.428480
0.044557 -0.422376
0.037538 -0.429090
0.039064 -0.426954
0.037843 -0.425123
0.036927 -0.425428
0.038148 -0.428175
0.036012 -0.424207
0.040284 -0.420545
0.037843 -0.421461
0.035707 -0.418409
0.036622 -0.414747
0.037843 -0.414441
0.036622 -0.410474
0.034791 -0.409558
0.039674 -0.400403
0.033570 -0.404065
0.036622 -0.396741
0.034486 -0.392163
0.034791 -0.387280
0.036012 -0.383312
0.034486 -0.379040
0.033570 -0.372021
0.032655 -0.369274
0.032044 -0.362865
0.028687 -0.359508
0.035096 -0.347606
0.029908 -0.345775
0.029298 -0.338755
0.028077 -0.332652
0.028077 -0.325632
0.027467 -0.318308
0.028382 -0.309153
0.021973 -0.304270
0.025636 -0.294809
0.026246 -0.288095
0.025330 -0.277718
0.024415 -0.270699
0.023499 -0.261849
0.019532 -0.257881
0.028993 -0.238044
0.017701 -0.238350
0.022889 -0.227668
0.017090 -0.219123
0.018921 -0.209662
0.018311 -0.198370
0.015259 -0.189520
0.016480 -0.180364
0.016480 -0.169683
0.014039 -0.159917
0.011902 -0.148625
0.009461 -0.143437
0.010376 -0.129704
0.007019 -0.122990
0.010376 -0.105899
0.006409 -0.103458
0.007324 -0.087283
0.007324 -0.078433
0.005493 -0.067446
0.005493 -0.057680
0.001221 -0.047914
0.003052 -0.032960
0.001526 -0.024110
0.001831 -0.013123
-0.001831 -0.003967
0.003662 0.010071
-0.003052 0.016175
-0.004273 0.026551
-0.005493 0.038759
-0.005493 0.048524
-0.004883 0.061647
-0.006104 0.072024
-0.006409 0.083010
-0.008545 0.090640
-0.008545 0.103763
-0.008545 0.115970
-0.012513 0.123295
-0.011292 0.133061
-0.014039 0.143437
-0.008850 0.157170
-0.016480 0.162053
-0.014344 0.174871
-0.014954 0.183721
-0.017090 0.195929
-0.017396 0.202643
-0.017701 0.212104
-0.016480 0.224311
-0.018006 0.230415
-0.018006 0.240486
-0.020142 0.249947
-0.021363 0.256661
-0.021363 0.265816
-0.024720 0.272835
-0.022584 0.284433
-0.025636 0.286874
-0.022584 0.299387
-0.026246 0.305795
-0.024415 0.314035
-0.024720 0.322275
-0.025636 0.327158
-0.027772 0.333872
-0.027772 0.341807
-0.028687 0.349437
-0.031129 0.351268
-0.025941 0.364391
-0.031434 0.364391
-0.031129 0.370800
-0.031129 0.374462
-0.030213 0.380871
-0.031739 0.386059
-0.031434 0.390942
-0.026551 0.399487
-0.032350 0.399182
-0.033876 0.402844
-0.029603 0.410169
-0.031739 0.409864
-0.032960 0.414441
-0.034181 0.414747
-0.030213 0.422071
-0.035707 0.418714
-0.030824 0.424512
-0.034181 0.425733
-0.036317 0.423597
-0.032960 0.427259
-0.033265 0.428175
-0.032655 0.429395
-0.033876 0.430616
-0.032960 0.430006
-0.032655 0.430311
-0.032655 0.429090
-0.033876 0.429395
-0.033876 0.425733
-0.031129 0.426649
-0.032655 0.423597
-0.031434 0.424818
-0.032960 0.419630
-0.030824 0.417798
-0.028687 0.415967
-0.030213 0.411389
-0.029603 0.409864
-0.028993 0.406507
-0.029298 0.403760
-0.028993 0.398572
-0.026856 0.396130
-0.029298 0.390027
-0.024415 0.387280
-0.027161 0.380261
-0.024720 0.374767
-0.028382 0.369884
-0.026246 0.363781
-0.024415 0.360118
-0.026551 0.350047
-0.025636 0.346690
-0.023804 0.340892
-0.023499 0.332957
-0.021668 0.326853
-0.024415 0.317087
-0.014649 0.317698
-0.023194 0.302133
-0.018921 0.298776
-0.018921 0.292673
-0.016785 0.281686
-0.011292 0.278634
-0.017396 0.264901
-0.014954 0.253914
-0.015259 0.247200
-0.015870 0.238655
-0.013123 0.227363
-0.012513 0.220344
-0.010987 0.212409
-0.009766 0.203253
-0.008545 0.194098
-0.010071 0.181280
-0.007935 0.174566
-0.007935 0.164495
-0.006409 0.153508
-0.005799 0.143742
-0.004883 0.134281
-0.003662 0.124821
-0.002136 0.114444
-0.001221 0.101321
-0.003662 0.091556
0.000305 0.083010
0.000305 0.070193
0.002747 0.060732
0.000916 0.049135
0.001221 0.036927
0.003357 0.027161
0.005188 0.019227
0.004883 0.005188
0.006409 -0.003052
0.009156 -0.013123
0.010376 -0.023499
0.009766 -0.036012
0.010681 -0.045167
0.009766 -0.060427
0.017701 -0.063173
0.011902 -0.081179
0.014649 -0.087588
0.014954 -0.100406
0.019227 -0.105899
0.015564 -0.120548
0.017090 -0.130619
0.018311 -0.141606
0.018311 -0.151067
0.019837 -0.161748
0.019532 -0.171819
0.020753 -0.180975
0.023804 -0.189215
0.021668 -0.201727
0.028077 -0.205695
0.023804 -0.222480
0.025636 -0.229194
0.026551 -0.237434
0.026551 -0.245674
0.027772 -0.256355
0.029298 -0.264595
0.030519 -0.270089
0.028382 -0.279244
0.030519 -0.286264
0.030824 -0.295419
0.032655 -0.302438
0.030519 -0.309763
0.032960 -0.318918
0.033265 -0.326243
0.032960 -0.332347
0.032655 -0.339366
0.034486 -0.345164
0.034791 -0.350352
0.037233 -0.357067
0.034486 -0.361644
0.038453 -0.367138
0.037233 -0.373241
0.037538 -0.378735
0.034791 -0.386059
0.040590 -0.385754
0.035401 -0.392773
0.037843 -0.396741
0.038148 -0.402539
0.039369 -0.403760
0.040590 -0.407117
0.041810 -0.411389
0.041200 -0.412305
0.039979 -0.416883
0.039979 -0.419935
0.039064 -0.420240
0.039979 -0.422681
0.037538 -0.423597
0.039674 -0.426038
0.040284 -0.426954
0.039064 -0.427564
0.039064 -0.426649
0.043336 -0.425123
0.038453 -0.428175
0.040284 -0.426954
0.039064 -0.426649
0.039674 -0.422376
0.040590 -0.422071
0.039369 -0.422376
0.037843 -0.420545
0.039674 -0.415052
0.035401 -0.415967
0.032350 -0.416272
0.037843 -0.410474
0.036622 -0.408032
0.038148 -0.404675
0.035401 -0.401624
0.036622 -0.395215
0.036012 -0.392773
0.035096 -0.388195
0.034486 -0.384228
0.032960 -0.380566
0.033265 -0.371715
0.032960 -0.366527
0.034486 -0.361950
0.030519 -0.359508
0.032655 -0.350352
0.030213 -0.345164
0.029908 -0.338145
0.030519 -0.330821
0.028993 -0.327158
0.030213 -0.314341
0.025330 -0.312204
0.028993 -0.300607
0.025330 -0.295724
0.022279 -0.289010
0.025941 -0.278939
0.018311 -0.277718
0.027467 -0.258492
0.018921 -0.257271
0.024415 -0.242927
0.021973 -0.236518
0.023194 -0.227363
0.020142 -0.217597
0.019532 -0.210273
0.024415 -0.193182
0.016480 -0.191046
0.013123 -0.180975
0.013733 -0.172735
0.018311 -0.158086
0.010681 -0.151067
0.010987 -0.144353
0.009766 -0.132756
0.009461 -0.123295
0.011902 -0.108341
0.008240 -0.099490
0.012513 -0.086978
0.007324 -0.077822
0.007324 -0.070498
0.007019 -0.056459
0.003357 -0.046999
0.003967 -0.035096
-0.002136 -0.030213
0.008240 -0.005799
-0.002136 -0.005799
-0.000916 0.004883
-0.005493 0.014039
-0.003662 0.025941
-0.001221 0.039979
0.000610 0.053713
-0.001526 0.063784
-0.005493 0.071413
-0.006104 0.083926
-0.007935 0.091250
-0.007324 0.102542
-0.005799 0.113224
-0.014039 0.119022
-0.006104 0.139775
-0.014344 0.138249
-0.010681 0.155034
-0.014039 0.162969
-0.014649 0.173345
-0.014649 0.183721
-0.017701 0.192877
-0.011902 0.206305
-0.017396 0.211188
-0.016785 0.220954
-0.021668 0.226447
-0.015870 0.240486
-0.020447 0.247810
-0.024720 0.250252
-0.022279 0.265816
-0.026551 0.270394
-0.019837 0.284433
-0.022279 0.292062
-0.021363 0.300302
-0.021668 0.306406
-0.023499 0.312510
-0.025941 0.322886
-0.026246 0.326548
-0.026856 0.335093
-0.028382 0.339061
-0.021363 0.352184
-0.030519 0.350963
-0.028993 0.356456
-0.032960 0.362255
-0.033876 0.362865
-0.028077 0.378124
-0.031739 0.378735
-0.024110 0.387585
-0.031434 0.390027
-0.031129 0.395215
-0.031129 0.402844
-0.028993 0.401013
-0.028993 0.406812
-0.034181 0.405896
-0.024720 0.421155
-0.034181 0.411389
-0.029298 0.419630
-0.033570 0.419630
-0.032350 0.421766
-0.031739 0.423902
-0.034791 0.422681
-0.031129 0.430616
-0.033265 0.426038
-0.032350 0.429395
-0.035401 0.426954
-0.028687 0.429090
-0.034791 0.425123
-0.034181 0.423902
-0.031739 0.429395
-0.033570 0.423902
-0.032350 0.424512
-0.032350 0.423597
-0.030519 0.422376
-0.031129 0.419324
-0.035401 0.412610
-0.029298 0.416578
-0.030519 0.414136
-0.030213 0.406812
-0.028993 0.405286
-0.028687 0.404675
-0.028382 0.398877
-0.028077 0.395215
-0.027161 0.388806
-0.025941 0.385449
-0.026856 0.381481
-0.025941 0.374767
-0.023804 0.371410
-0.024720 0.364391
-0.022584 0.360118
-0.022279 0.352184
-0.022279 0.345470
-0.021668 0.339671
-0.021058 0.333567
-0.021668 0.326243
-0.021058 0.319529
-0.019837 0.313730
-0.018616 0.305185
-0.017701 0.299081
-0.018616 0.288400
-0.016785 0.280770
-0.015564 0.272225
-0.016480 0.264901
-0.013123 0.255745
-0.013123 0.246284
-0.014039 0.240181
-0.012818 0.230110
-0.010987 0.220038
-0.010681 0.209357
-0.010071 0.202033
-0.009766 0.190741
-0.008850 0.182501
-0.008545 0.173040
-0.008850 0.161748
-0.005493 0.152898
-0.004273 0.143437
-0.004883 0.132145
-0.003357 0.121158
-0.003662 0.111393
0.001526 0.101932
0.000916 0.089419
0.001526 0.079653
0.001526 0.070803
0.002747 0.059511
0.003662 0.048524
0.003967 0.037538
0.004883 0.026551
0.005799 0.015259
0.005799 0.004883
0.005799 -0.006104
0.007324 -0.017090
0.009461 -0.026246
0.010071 -0.038453
0.012513 -0.049135
0.012207 -0.059816
0.014649 -0.070803
0.013733 -0.081179
0.013733 -0.091861
0.016175 -0.104678
0.015259 -0.112003
0.016480 -0.123905
0.018921 -0.133976
0.019532 -0.143742
0.018921 -0.153203
0.021058 -0.162358
0.021363 -0.173345
0.023194 -0.184027
0.022889 -0.193487
0.026246 -0.200812
0.025636 -0.212409
0.026246 -0.219428
0.028687 -0.229194
0.028382 -0.240486
0.027467 -0.248115
0.029908 -0.257881
0.027467 -0.265816
0.031434 -0.271004
0.030213 -0.281686
0.030519 -0.289621
0.030213 -0.299081
0.033570 -0.305490
0.032655 -0.311289
0.031434 -0.321055
0.030824 -0.325327
0.032350 -0.334178
0.035096 -0.338450
0.034486 -0.347301
0.036012 -0.352794
0.035096 -0.358592
0.036622 -0.363781
0.035707 -0.372021
0.038148 -0.375988
0.039979 -0.379955
0.036927 -0.386059
0.040590 -0.389721
0.039369 -0.394604
0.039064 -0.397351
0.039979 -0.401929
0.043641 -0.403760
0.039064 -0.409558
0.038453 -0.411389
0.039674 -0.414747
0.040590 -0.418104
0.039369 -0.419019
0.034486 -0.427564
0.041810 -0.424512
0.039064 -0.424207
0.038148 -0.428480
0.039369 -0.428785
0.037538 -0.430311
0.041505 -0.427564
0.041200 -0.428175
0.040284 -0.429395
0.040590 -0.427259
0.041200 -0.426344
0.037843 -0.424512
0.036012 -0.425428
0.041200 -0.422376
0.037233 -0.422376
0.039064 -0.418409
0.039369 -0.415967
0.038148 -0.414441
0.039674 -0.411389
0.037233 -0.407117
0.039674 -0.406201
0.038453 -0.400403
0.036622 -0.397656
0.035401 -0.394299
0.034486 -0.389111
0.037538 -0.381176
0.032960 -0.380566
0.034486 -0.374767
0.033265 -0.368358
0.032044 -0.363170
0.032350 -0.358287
0.032350 -0.350352
0.032960 -0.345775
0.030519 -0.338755
0.031129 -0.334178
0.030519 -0.324107
0.029298 -0.317698
0.028077 -0.312815
0.026856 -0.304270
0.024720 -0.296945
0.026551 -0.288095
0.025636 -0.279244
0.024110 -0.271310
0.024720 -0.263985
0.022279 -0.253914
0.021973 -0.246284
0.020142 -0.236824
0.021058 -0.227058
0.019532 -0.218513
0.019532 -0.209662
0.017090 -0.200507
0.015564 -0.191046
0.017701 -0.179449
0.016480 -0.170293
0.015259 -0.162664
0.012513 -0.150456
0.012818 -0.142216
0.010376 -0.131840
0.010987 -0.123295
0.010987 -0.109867
0.008240 -0.100711
0.006104 -0.090335
0.007324 -0.079653
0.006409 -0.067141
0.007019 -0.056459
0.005188 -0.046999
0.002747 -0.035096
0.005799 -0.023804
0.003357 -0.015564
0.001831 -0.003357
-0.001831 0.003967
-0.003357 0.016175
-0.002136 0.027161
-0.001831 0.038148
-0.001526 0.049440
-0.004883 0.060427
-0.006409 0.070193
-0.006104 0.081484
-0.005799 0.093081
-0.006409 0.101932
-0.010071 0.112003
-0.009461 0.123295
-0.011292 0.132145
-0.013123 0.139164
-0.014344 0.154424
-0.014039 0.161748
-0.012207 0.173345
-0.013428 0.184637
-0.017396 0.192572
-0.024415 0.193793
-0.017090 0.209662
-0.017090 0.220649
-0.017396 0.228889
-0.018616 0.240791
-0.021973 0.247200
-0.021363 0.256661
-0.020447 0.263375
-0.021058 0.274056
-0.022279 0.282907
-0.022279 0.291452
-0.023804 0.297861
-0.024110 0.305185
-0.022279 0.314951
-0.024110 0.320444
-0.025636 0.326548
-0.027161 0.334178
-0.026246 0.339976
-0.026856 0.347301
-0.027772 0.353099
-0.028993 0.360424
-0.027772 0.365612
-0.029603 0.369274
-0.030213 0.376598
-0.030213 0.381481
-0.030519 0.386364
-0.030824 0.393994
-0.029298 0.393994
-0.031739 0.400098
-0.031434 0.401929
-0.032655 0.406507
-0.030824 0.410779
-0.031739 0.413526
-0.031129 0.415662
-0.030519 0.418104
-0.034181 0.418714
-0.031434 0.422376
-0.032960 0.424207
-0.031434 0.426038
-0.033265 0.426649
-0.033265 0.426649
-0.031129 0.429395
-0.032655 0.428480
-0.032655 0.429395
-0.031129 0.429395
-0.030519 0.429090
-0.033265 0.426649
-0.032655 0.426649
-0.027772 0.429090
-0.031434 0.425733
-0.030824 0.422071
-0.032655 0.420545
-0.031129 0.416883
-0.031434 0.414747
-0.030519 0.413526
-0.029603 0.410779
-0.028687 0.407727
-0.026856 0.401318
-0.028382 0.400098
-0.028687 0.394299
-0.028687 0.391552
-0.027161 0.386364
-0.028077 0.382702
-0.025636 0.376904
-0.024720 0.369884
-0.026856 0.366832
-0.024110 0.358898
-0.027772 0.351878
-0.023804 0.347301
-0.022584 0.341197
-0.022584 0.332957
-0.020142 0.328684
-0.020142 0.319224
-0.019837 0.312510
-0.019227 0.304575
-0.019227 0.298776
-0.020447 0.289315
-0.018921 0.281075
-0.019532 0.269478
-0.015870 0.264290
-0.014649 0.258187
-0.014649 0.247810
-0.014344 0.236518
-0.011902 0.231330
-0.011902 0.221259
-0.009766 0.211493
-0.010987 0.202033
-0.010071 0.193182
-0.008545 0.183416
-0.004883 0.175787
-0.007630 0.163884
-0.003967 0.153508
-0.004883 0.144047
-0.003052 0.132145
-0.001221 0.124516
-0.002136 0.112308
-0.002747 0.101932
-0.000610 0.091861
0.002441 0.081484
0.001526 0.071718
0.001221 0.057375
0.001221 0.050050
0.005188 0.040284
0.005493 0.027772
0.006104 0.017396
0.003662 0.005493
0.009156 -0.004273
0.008240 -0.015259
0.009156 -0.026246
0.010987 -0.036927
0.010376 -0.048524
0.010681 -0.059816
0.014344 -0.070803
0.014649 -0.080264
0.014344 -0.090945
0.011902 -0.103458
0.016175 -0.111698
0.016785 -0.121158
0.017701 -0.131840
0.019532 -0.140080
0.018311 -0.153203
0.019837 -0.163884
0.021363 -0.173650
0.021973 -0.181890
0.023499 -0.193182
0.023804 -0.201727
0.024415 -0.211798
0.025330 -0.218818
0.025636 -0.229194
0.026551 -0.236518
0.026246 -0.246590
0.027772 -0.256355
0.028382 -0.263985
0.029908 -0.270699
0.030213 -0.281381
0.028993 -0.287179
0.029908 -0.295724
0.030519 -0.306101
0.030213 -0.310984
0.033265 -0.318613
0.034791 -0.326243
0.032960 -0.332652
0.036622 -0.339061
0.034486 -0.344859
0.034791 -0.350658
0.036622 -0.357372
0.036012 -0.361950
0.036622 -0.367748
0.035401 -0.373241
0.038148 -0.379345
0.037233 -0.385144
0.037233 -0.391247
0.039064 -0.393689
0.040590 -0.397351
0.040590 -0.400098
0.039674 -0.404675
0.039369 -0.406201
0.039674 -0.412305
0.039674 -0.414441
0.040590 -0.417493
0.037843 -0.422071
0.039674 -0.420850
0.038453 -0.422071
0.040590 -0.425123
0.039064 -0.423902
0.039369 -0.425123
0.039064 -0.428175
0.043947 -0.422987
0.039674 -0.428785
0.037843 -0.427259
0.040590 -0.426038
0.040284 -0.426344
0.039064 -0.422681
0.039674 -0.424818
0.039064 -0.422071
0.038148 -0.420545
0.037843 -0.419324
0.038453 -0.416272
0.044557 -0.408338
0.037233 -0.410169
0.038148 -0.408643
0.036012 -0.405896
0.035096 -0.401013
0.036012 -0.397656
0.035401 -0.391858
0.036012 -0.388806
0.034791 -0.383923
0.033265 -0.378735
0.032960 -0.375378
0.033570 -0.367748
0.033265 -0.363475
0.032350 -0.357067
0.030519 -0.350047
0.030519 -0.344859
0.029908 -0.339061
0.028382 -0.331126
0.028077 -0.326548
0.028382 -0.316782
0.028077 -0.309458
0.027772 -0.302133
0.026551 -0.296030
0.025330 -0.288400
0.025330 -0.279244
0.024720 -0.270699
0.024415 -0.262154
0.021058 -0.255135
0.020753 -0.246590
0.021363 -0.237434
0.019227 -0.227668
0.020142 -0.220649
0.019837 -0.209052
0.016785 -0.201117
0.016480 -0.191046
0.017701 -0.179754
0.015259 -0.171209
0.014039 -0.161138
0.014954 -0.150151
0.013123 -0.141911
0.011902 -0.130619
0.009156 -0.121464
0.009461 -0.110477
0.009156 -0.099185
0.008545 -0.089419
0.005188 -0.077822
0.004883 -0.068361
0.007935 -0.055849
0.001221 -0.049135
0.005188 -0.037538
0.000000 -0.024110
0.001831 -0.016480
-0.000610 -0.006104
-0.001831 0.006104
0.002747 0.020447
-0.000916 0.027772
-0.001221 0.043336
-0.005188 0.049440
-0.004273 0.059816
-0.003967 0.069582
-0.011902 0.075686
-0.005799 0.094607
-0.011292 0.099796
-0.010071 0.114139
-0.009766 0.124821
-0.010987 0.133671
-0.011292 0.143437
-0.013428 0.152898
-0.010987 0.166021
-0.014344 0.172735
-0.015564 0.183416
-0.017396 0.191046
-0.013123 0.204779
-0.017396 0.211493
-0.021973 0.216071
-0.022279 0.227973
-0.021973 0.236213
-0.020142 0.250862
-0.019227 0.256661
-0.020447 0.267342
-0.023499 0.272835
-0.023499 0.282296
-0.021973 0.291452
-0.023499 0.298166
-0.024415 0.305795
-0.025941 0.311899
-0.020142 0.326243
-0.027772 0.326548
-0.026856 0.332347
-0.033570 0.335093
-0.028993 0.345470
-0.028382 0.354930
-0.028382 0.357677
-0.027161 0.367748
-0.028382 0.370495
-0.031129 0.376598
-0.031739 0.380871
-0.030519 0.385144
-0.030519 0.389721
-0.033876 0.390942
-0.028993 0.403150
-0.033570 0.399487
-0.030824 0.405896
-0.030824 0.410779
-0.033265 0.414441
-0.032655 0.417188
-0.034181 0.415662
-0.029603 0.423902
-0.033876 0.422071
-0.032350 0.424818
-0.033570 0.425733
-0.031739 0.428785
-0.034181 0.426344
-0.036927 0.424818
-0.036012 0.427869
-0.033876 0.426038
-0.031739 0.430921
-0.031434 0.430921
-0.029603 0.430311
-0.031434 0.426344
-0.033876 0.423902
-0.030213 0.426649
-0.034181 0.421766
-0.033265 0.421155
-0.033265 0.418714
-0.026246 0.420545
-0.032655 0.411389
-0.029298 0.408338
-0.032655 0.406201
-0.031129 0.399182
-0.028382 0.397961
-0.028993 0.393384
-0.024110 0.394299
-0.027772 0.383923
-0.027772 0.381481
-0.026551 0.374462
-0.025941 0.370800
-0.025636 0.364391
-0.027161 0.355846
-0.021973 0.359813
-0.027772 0.342418
-0.017396 0.345775
-0.023499 0.332347
-0.022279 0.327464
-0.019532 0.320444
-0.021058 0.311289
-0.017701 0.308847
-0.018921 0.298776
-0.019227 0.288095
-0.020142 0.278634
-0.015870 0.274972
-0.018006 0.263680
-0.019837 0.252693
-0.014954 0.246284
-0.015870 0.233772
-0.011292 0.231025
-0.014344 0.218207
-0.008850 0.211493
-0.010071 0.202338
-0.010987 0.191046
-0.013123 0.178838
-0.010376 0.172735
-0.007630 0.162053
-0.008545 0.152593
-0.001831 0.147404
-0.006714 0.129704
-0.005188 0.119327
-0.004273 0.111087
-0.002747 0.099185
-0.001831 0.091556
-0.002136 0.079958
0.003967 0.071718
0.000610 0.059206
0.002441 0.048524
0.003967 0.039064
0.005493 0.025941
0.005493 0.017090
0.001526 0.000610
0.010376 -0.001831
0.005493 -0.019227
0.012207 -0.027467
0.010681 -0.037843
0.012207 -0.049135
0.009766 -0.060427
0.011597 -0.070803
0.016480 -0.076601
0.014954 -0.090335
0.015564 -0.103153
0.015564 -0.112918
0.021363 -0.117496
0.017090 -0.133061
0.015259 -0.146489
0.019227 -0.152593
0.016785 -0.166326
0.022279 -0.171514
0.023194 -0.180975
0.022889 -0.191656
0.024415 -0.200507
0.023804 -0.210883
0.025636 -0.220344
0.025636 -0.230720
0.025330 -0.238044
0.024720 -0.250252
